$molecule
0 1
--
0 1
C    25.10500   20.74200   27.15800  
C    25.29300   21.64600   28.38700  
C    26.67300   22.32100   28.31200  
C    26.82500   23.02100   26.95200  
C    26.56700   22.28600   25.62600  
C    25.30400   21.42600   25.79600  
H    26.74000   23.05300   29.12600  
H    24.55300   22.45500   28.39300  
H    25.82200   19.91300   27.13100  
H    24.07900   20.35400   27.13400  
H    26.26700   23.96500   26.91500  
H    27.82100   23.47800   26.97600  
H    26.37800   22.97600   24.79600  
H    27.40200   21.58300   25.51500  
H    24.41500   22.06000   25.68600  
H    25.23700   20.59500   25.08300  
H    27.44800   21.55000   28.40100  
N    25.17000   21.00000   29.69300  
H    25.95300   20.47800   30.06700  
C    23.97700   20.85900   30.37000  
H    23.95000   20.32000   31.33500  
O    23.00900   21.46800   29.95200  
--
0 1
C    24.93000   26.64400   28.44600  
H    24.19400   27.02300   27.73300  
H    25.26200   27.36700   29.19500  
H    25.67200   26.14300   27.81800  
S    24.20400   25.24000   29.32200  
C    23.18700   24.58500   27.98000  
H    22.42200   25.31200   27.69400  
H    23.75900   24.22800   27.12000  
H    22.71800   23.67900   28.37200  
O    23.30200   25.77600   30.39000  
C    24.07100   17.94800   21.06100  
H    24.19600   18.15700   22.12700  
H    24.70000   17.07800   20.85800  
H    24.43700   18.79300   20.47300  
S    22.36400   17.43300   20.76700  
C    22.51500   17.73300   18.99100  
H    23.09200   18.63200   18.75900  
H    22.89900   16.80700   18.55700  
H    21.49400   17.79400   18.60400  
O    21.71700   18.71300   21.19800  
C    21.86100   26.05000   35.52100  
H    20.77200   25.99100   35.45000  
H    22.15600   26.77800   36.28100  
H    22.12900   26.34700   34.50400  
S    22.55900   24.43800   35.94500  
C    21.90600   24.47400   37.63000  
H    20.84800   24.74900   37.65600  
H    22.09400   23.50500   38.09800  
H    22.48300   25.25900   38.12500  
O    24.01700   24.73800   36.10200  
C    29.52300   24.59200   30.46600  
H    30.53100   24.21300   30.65700  
H    28.79200   23.91300   30.91300  
H    29.17200   24.58000   29.43200  
S    29.26600   26.27100   31.08200  
C    29.30300   25.77700   32.81900  
H    30.20100   25.15500   32.86200  
H    29.34900   26.69000   33.41800  
H    28.39300   25.24000   33.09900  
O    27.87200   26.69200   30.73600  
C    30.87000   21.08100   34.26300  
H    30.12400   21.48700   33.57400  
H    30.50100   20.08800   34.53100  
H    30.80900   21.67600   35.17800  
S    32.54700   21.31400   33.63400  
C    32.43500   23.11400   33.51900  
H    32.39300   23.49300   34.54300  
H    33.33900   23.58500   33.12500  
H    31.57700   23.49100   32.95700  
O    32.51100   20.90200   32.19500  
C    31.43300   21.52000   28.60900  
H    30.93800   20.56700   28.81100  
H    32.36300   21.33800   28.06400  
H    31.53600   22.06600   29.55000  
S    30.24900   22.42900   27.59100  
C    30.59100   21.38800   26.15400  
H    30.39800   20.31800   26.26900  
H    30.20400   21.72900   25.19100  
H    31.66300   21.48300   25.96000  
O    30.96600   23.72900   27.39600  
C    22.07500   18.78400   36.83100  
H    22.04600   17.97400   36.09700  
H    23.06200   18.75800   37.29900  
H    21.26800   18.69000   37.56200  
S    21.78700   20.36500   36.00400  
C    20.35900   19.85200   35.02200  
H    19.60800   19.52100   35.74300  
H    20.17000   20.68800   34.34400  
H    20.71400   19.04900   34.37100  
O    22.84600   20.58000   34.96900  
C    31.67900   16.49400   29.16100  
H    30.62100   16.72000   29.00500  
H    31.78000   15.55300   29.70900  
H    32.07400   17.36000   29.69900  
S    32.52600   16.36300   27.57100  
C    31.68500   17.83100   26.93700  
H    30.60900   17.81500   27.12800  
H    32.11200   18.73800   27.37400  
H    31.79600   17.96500   25.85800  
O    31.83500   15.17600   26.97500  
C    28.02000   18.43100   33.35400  
H    27.08800   18.05700   33.78500  
H    28.69500   17.72600   33.84600  
H    28.26300   19.45900   33.63500  
S    27.97400   18.28000   31.55400  
C    29.28300   19.46600   31.17100  
H    29.28100   19.56700   30.08300  
H    29.03000   20.43700   31.60300  
H    30.23300   19.06900   31.53800  
O    26.78300   19.06800   31.10600  
C    23.76600   21.53500   21.49000  
H    23.58100   22.32900   22.21900  
H    23.06900   21.69800   20.66400  
H    23.62700   20.61900   22.07000  
S    25.47500   21.76800   20.95200  
C    25.11800   23.27500   20.02200  
H    24.32600   22.98300   19.32700  
H    24.64300   24.03300   20.65000  
H    25.95900   23.73200   19.49300  
O    25.82400   20.70200   19.96100  
C    27.43900   20.81100   36.78500  
H    27.32900   21.39200   35.86700  
H    27.90100   21.32100   37.63400  
H    27.99900   19.92700   36.46900  
S    25.73300   20.32100   37.12700  
C    25.11400   21.90200   37.74500  
H    25.87000   22.19200   38.47900  
H    25.04300   22.53100   36.85400  
H    24.13900   21.68100   38.18700  
O    25.81200   19.56400   38.41600  
C    25.40100   13.59200   24.13300  
H    26.27100   13.70400   23.48100  
H    25.62800   13.85600   25.16900  
H    25.13600   12.53700   24.23800  
S    24.06300   14.68600   23.60600  
C    22.72200   13.48400   23.75500  
H    22.57900   13.15400   24.78700  
H    21.89800   14.00500   23.26100  
H    22.95500   12.58200   23.18300  
O    24.13500   14.62800   22.11200  
C    27.47500   29.40400   24.11900  
H    28.15100   28.83400   23.47600  
H    27.28800   30.34200   23.58900  
H    27.89100   29.58800   25.11300  
S    25.95900   28.43700   24.29700  
C    25.09300   29.41000   25.55000  
H    25.67200   29.36200   26.47500  
H    25.02400   30.46700   25.28000  
H    24.12200   28.92200   25.66500  
O    26.38500   27.24600   25.09700  
C    29.39200   27.59500   27.40900  
H    28.53100   28.24400   27.22700  
H    29.29600   26.74800   26.72400  
H    29.45500   27.27300   28.45100  
S    30.81500   28.64400   27.03800  
C    30.04700   30.04500   27.88200  
H    30.77000   30.86400   27.92200  
H    29.22500   30.39400   27.25200  
H    29.61700   29.78700   28.85300  
O    30.60900   28.78000   25.56100  
C    23.33000   17.85000   32.90700  
H    22.49100   18.43300   32.51800  
H    23.61400   18.06000   33.94100  
H    24.06100   17.91700   32.09700  
S    22.70500   16.15400   32.88600  
C    24.11800   15.47800   33.78600  
H    24.19600   15.80400   34.82700  
H    23.96700   14.39600   33.80000  
H    25.05700   15.74300   33.29300  
O    22.94600   15.65000   31.49800  
C    21.96300   18.76400   24.67200  
H    21.34900   19.63300   24.92400  
H    22.77100   18.64900   25.39900  
H    22.36100   18.97500   23.67500  
S    20.93600   17.28000   24.74300  
C    19.52400   17.80200   23.74400  
H    19.91500   17.96900   22.73800  
H    18.66200   17.13700   23.64600  
H    19.20300   18.72600   24.23100  
O    20.47200   17.41000   26.16100  
C    29.45800   13.46100   29.81600  
H    29.15100   12.41500   29.73400  
H    29.79800   13.81100   28.83800  
H    30.35200   13.65000   30.41700  
S    28.10300   14.56300   30.27700  
C    26.79000   13.81200   29.28800  
H    26.89200   12.74100   29.48100  
H    25.84700   14.26300   29.60900  
H    26.80800   14.10900   28.23600  
O    28.35700   15.60300   29.23100  
C    28.39500   18.90300   20.61100  
H    28.27800   18.16300   19.81600  
H    27.86800   18.46000   21.46000  
H    27.95000   19.87700   20.39300  
S    30.07500   19.20000   21.20800  
C    29.82000   20.86700   21.85700  
H    29.36600   20.81600   22.85000  
H    30.83600   21.25600   21.74700  
H    29.16500   21.52300   21.27800  
O    30.96200   19.54600   20.05200  
C    28.21200   24.91200   23.02900  
H    27.73400   25.40300   23.88000  
H    28.31100   25.77200   22.36000  
H    27.57100   24.16300   22.55700  
S    29.80100   24.15400   23.43700  
C    30.75900   25.63200   23.84100  
H    30.71600   26.29400   22.97200  
H    30.36200   26.08200   24.75400  
H    31.76900   25.22900   23.94900  
O    30.41900   23.72200   22.14400  
C    19.04200   22.35600   31.79900  
H    19.36500   22.12400   30.78100  
H    19.12000   21.39000   32.30300  
H    18.04900   22.80800   31.86500  
S    20.09400   23.55300   32.65100  
C    21.55300   22.48700   32.63900  
H    22.21000   22.83200   31.83700  
H    22.01100   22.81700   33.57500  
H    21.41700   21.40300   32.60900  
O    19.48500   23.56900   34.01900  
C    28.63200   16.65700   26.05400  
H    28.83700   16.61600   27.12700  
H    28.04500   15.75800   25.85300  
H    29.53700   16.76800   25.45100  
S    27.46900   17.97300   25.63200  
C    26.74000   17.25800   24.14100  
H    27.62800   16.93000   23.59400  
H    26.15100   16.44600   24.57400  
H    26.14400   18.02000   23.63200  
O    28.42500   18.99600   25.10300  
C    20.18500   19.55300   29.35100  
H    20.48600   18.99100   28.46300  
H    19.21500   20.04800   29.26500  
H    20.92500   20.32300   29.58400  
S    20.25800   18.32100   30.67100  
C    18.72300   17.58700   30.06400  
H    17.98800   18.39500   30.06700  
H    19.05100   17.23400   29.08300  
H    18.30400   16.81100   30.71000  
O    19.70200   19.07700   31.83700  
C    18.97900   24.61600   26.22800  
H    18.88400   25.63600   26.60900  
H    19.51600   24.64200   25.27600  
H    17.99100   24.19800   26.01800  
S    19.78300   23.52300   27.42100  
C    19.28300   21.97000   26.64300  
H    18.19800   21.89300   26.53700  
H    19.68100   22.06000   25.62900  
H    19.67700   21.22000   27.33400  
O    18.91500   23.28600   28.61700  
C    21.54000   24.93900   22.80800  
H    22.04200   24.61700   21.89200  
H    20.47000   24.72000   22.79200  
H    21.68000   26.02200   22.74800  
S    22.30800   24.29000   24.30900  
C    24.04100   24.72500   24.04100  
H    24.03400   25.78200   24.32000  
H    24.63700   24.17500   24.77400  
H    24.35100   24.43100   23.03500  
O    22.35500   22.80700   24.10800  
C    25.63800   24.25400   32.92600  
H    26.03600   25.04300   32.28400  
H    24.57800   24.08000   32.72400  
H    25.69100   24.68400   33.93000  
S    26.50200   22.69200   32.64500  
C    25.59300   21.61000   33.77200  
H    26.11500   20.65700   33.66100  
H    25.63800   21.94700   34.81100  
H    24.58200   21.57600   33.35600  
O    27.79500   22.97000   33.34600  
C    22.96800   17.31700   28.25900  
H    22.92400   17.28300   29.35100  
H    23.23800   18.31500   27.90600  
H    22.00100   17.02100   27.84400  
S    24.17900   16.07500   27.75400  
C    25.59500   16.92300   28.49000  
H    26.50100   16.53100   28.02000  
H    25.62400   18.00800   28.35700  
H    25.77100   16.66000   29.53600  
O    24.46500   16.23400   26.29300  
C    33.48000   24.47900   29.70100  
H    33.46100   23.77200   30.53400  
H    32.78900   24.25900   28.88300  
H    34.43800   24.43200   29.17800  
S    33.24700   26.21000   30.16600  
C    34.46600   26.21200   31.50000  
H    34.23700   25.32200   32.09100  
H    35.42100   26.05100   30.99200  
H    34.45800   27.08200   32.16100  
O    32.09100   26.29900   31.11300  
$end

$rem
JOBTYPE  SP
METHOD  B3LYP
BASIS  6-31+G(D)
SYMMETRY  FALSE
SYM_IGNORE  TRUE
MEM_TOTAL  16000
MEM_STATIC  8000
MAX_SUB_FILE_NUM  16000
BASIS_LIN_DEP_THRESH  6
THRESH  14
SCF_CONVERGENCE  8
GEN_SCFMAN  TRUE
SCF_GUESS  SAD
FD_MAT_VEC_PROD  FALSE
XC_GRID  000075000302
NL_GRID  1
MAX_SCF_CYCLES  200
ENV_METHOD  B3LYP
GEN_SCFMAN_EMBED  TRUE
SPADE_PARTITION  TRUE
$end

$development
embedding_early_stop  1
$end

@@@

$molecule
0 1
@C    25.10500   20.74200   27.15800  
@C    25.29300   21.64600   28.38700  
@C    26.67300   22.32100   28.31200  
@C    26.82500   23.02100   26.95200  
@C    26.56700   22.28600   25.62600  
@C    25.30400   21.42600   25.79600  
@H    26.74000   23.05300   29.12600  
@H    24.55300   22.45500   28.39300  
@H    25.82200   19.91300   27.13100  
@H    24.07900   20.35400   27.13400  
@H    26.26700   23.96500   26.91500  
@H    27.82100   23.47800   26.97600  
@H    26.37800   22.97600   24.79600  
@H    27.40200   21.58300   25.51500  
@H    24.41500   22.06000   25.68600  
@H    25.23700   20.59500   25.08300  
@H    27.44800   21.55000   28.40100  
@N    25.17000   21.00000   29.69300  
@H    25.95300   20.47800   30.06700  
@C    23.97700   20.85900   30.37000  
@H    23.95000   20.32000   31.33500  
@O    23.00900   21.46800   29.95200  
C    24.93000   26.64400   28.44600  
H    24.19400   27.02300   27.73300  
H    25.26200   27.36700   29.19500  
H    25.67200   26.14300   27.81800  
S    24.20400   25.24000   29.32200  
C    23.18700   24.58500   27.98000  
H    22.42200   25.31200   27.69400  
H    23.75900   24.22800   27.12000  
H    22.71800   23.67900   28.37200  
O    23.30200   25.77600   30.39000  
C    24.07100   17.94800   21.06100  
H    24.19600   18.15700   22.12700  
H    24.70000   17.07800   20.85800  
H    24.43700   18.79300   20.47300  
S    22.36400   17.43300   20.76700  
C    22.51500   17.73300   18.99100  
H    23.09200   18.63200   18.75900  
H    22.89900   16.80700   18.55700  
H    21.49400   17.79400   18.60400  
O    21.71700   18.71300   21.19800  
C    21.86100   26.05000   35.52100  
H    20.77200   25.99100   35.45000  
H    22.15600   26.77800   36.28100  
H    22.12900   26.34700   34.50400  
S    22.55900   24.43800   35.94500  
C    21.90600   24.47400   37.63000  
H    20.84800   24.74900   37.65600  
H    22.09400   23.50500   38.09800  
H    22.48300   25.25900   38.12500  
O    24.01700   24.73800   36.10200  
C    29.52300   24.59200   30.46600  
H    30.53100   24.21300   30.65700  
H    28.79200   23.91300   30.91300  
H    29.17200   24.58000   29.43200  
S    29.26600   26.27100   31.08200  
C    29.30300   25.77700   32.81900  
H    30.20100   25.15500   32.86200  
H    29.34900   26.69000   33.41800  
H    28.39300   25.24000   33.09900  
O    27.87200   26.69200   30.73600  
C    30.87000   21.08100   34.26300  
H    30.12400   21.48700   33.57400  
H    30.50100   20.08800   34.53100  
H    30.80900   21.67600   35.17800  
S    32.54700   21.31400   33.63400  
C    32.43500   23.11400   33.51900  
H    32.39300   23.49300   34.54300  
H    33.33900   23.58500   33.12500  
H    31.57700   23.49100   32.95700  
O    32.51100   20.90200   32.19500  
C    31.43300   21.52000   28.60900  
H    30.93800   20.56700   28.81100  
H    32.36300   21.33800   28.06400  
H    31.53600   22.06600   29.55000  
S    30.24900   22.42900   27.59100  
C    30.59100   21.38800   26.15400  
H    30.39800   20.31800   26.26900  
H    30.20400   21.72900   25.19100  
H    31.66300   21.48300   25.96000  
O    30.96600   23.72900   27.39600  
C    22.07500   18.78400   36.83100  
H    22.04600   17.97400   36.09700  
H    23.06200   18.75800   37.29900  
H    21.26800   18.69000   37.56200  
S    21.78700   20.36500   36.00400  
C    20.35900   19.85200   35.02200  
H    19.60800   19.52100   35.74300  
H    20.17000   20.68800   34.34400  
H    20.71400   19.04900   34.37100  
O    22.84600   20.58000   34.96900  
C    31.67900   16.49400   29.16100  
H    30.62100   16.72000   29.00500  
H    31.78000   15.55300   29.70900  
H    32.07400   17.36000   29.69900  
S    32.52600   16.36300   27.57100  
C    31.68500   17.83100   26.93700  
H    30.60900   17.81500   27.12800  
H    32.11200   18.73800   27.37400  
H    31.79600   17.96500   25.85800  
O    31.83500   15.17600   26.97500  
C    28.02000   18.43100   33.35400  
H    27.08800   18.05700   33.78500  
H    28.69500   17.72600   33.84600  
H    28.26300   19.45900   33.63500  
S    27.97400   18.28000   31.55400  
C    29.28300   19.46600   31.17100  
H    29.28100   19.56700   30.08300  
H    29.03000   20.43700   31.60300  
H    30.23300   19.06900   31.53800  
O    26.78300   19.06800   31.10600  
C    23.76600   21.53500   21.49000  
H    23.58100   22.32900   22.21900  
H    23.06900   21.69800   20.66400  
H    23.62700   20.61900   22.07000  
S    25.47500   21.76800   20.95200  
C    25.11800   23.27500   20.02200  
H    24.32600   22.98300   19.32700  
H    24.64300   24.03300   20.65000  
H    25.95900   23.73200   19.49300  
O    25.82400   20.70200   19.96100  
C    27.43900   20.81100   36.78500  
H    27.32900   21.39200   35.86700  
H    27.90100   21.32100   37.63400  
H    27.99900   19.92700   36.46900  
S    25.73300   20.32100   37.12700  
C    25.11400   21.90200   37.74500  
H    25.87000   22.19200   38.47900  
H    25.04300   22.53100   36.85400  
H    24.13900   21.68100   38.18700  
O    25.81200   19.56400   38.41600  
C    25.40100   13.59200   24.13300  
H    26.27100   13.70400   23.48100  
H    25.62800   13.85600   25.16900  
H    25.13600   12.53700   24.23800  
S    24.06300   14.68600   23.60600  
C    22.72200   13.48400   23.75500  
H    22.57900   13.15400   24.78700  
H    21.89800   14.00500   23.26100  
H    22.95500   12.58200   23.18300  
O    24.13500   14.62800   22.11200  
C    27.47500   29.40400   24.11900  
H    28.15100   28.83400   23.47600  
H    27.28800   30.34200   23.58900  
H    27.89100   29.58800   25.11300  
S    25.95900   28.43700   24.29700  
C    25.09300   29.41000   25.55000  
H    25.67200   29.36200   26.47500  
H    25.02400   30.46700   25.28000  
H    24.12200   28.92200   25.66500  
O    26.38500   27.24600   25.09700  
C    29.39200   27.59500   27.40900  
H    28.53100   28.24400   27.22700  
H    29.29600   26.74800   26.72400  
H    29.45500   27.27300   28.45100  
S    30.81500   28.64400   27.03800  
C    30.04700   30.04500   27.88200  
H    30.77000   30.86400   27.92200  
H    29.22500   30.39400   27.25200  
H    29.61700   29.78700   28.85300  
O    30.60900   28.78000   25.56100  
C    23.33000   17.85000   32.90700  
H    22.49100   18.43300   32.51800  
H    23.61400   18.06000   33.94100  
H    24.06100   17.91700   32.09700  
S    22.70500   16.15400   32.88600  
C    24.11800   15.47800   33.78600  
H    24.19600   15.80400   34.82700  
H    23.96700   14.39600   33.80000  
H    25.05700   15.74300   33.29300  
O    22.94600   15.65000   31.49800  
C    21.96300   18.76400   24.67200  
H    21.34900   19.63300   24.92400  
H    22.77100   18.64900   25.39900  
H    22.36100   18.97500   23.67500  
S    20.93600   17.28000   24.74300  
C    19.52400   17.80200   23.74400  
H    19.91500   17.96900   22.73800  
H    18.66200   17.13700   23.64600  
H    19.20300   18.72600   24.23100  
O    20.47200   17.41000   26.16100  
C    29.45800   13.46100   29.81600  
H    29.15100   12.41500   29.73400  
H    29.79800   13.81100   28.83800  
H    30.35200   13.65000   30.41700  
S    28.10300   14.56300   30.27700  
C    26.79000   13.81200   29.28800  
H    26.89200   12.74100   29.48100  
H    25.84700   14.26300   29.60900  
H    26.80800   14.10900   28.23600  
O    28.35700   15.60300   29.23100  
C    28.39500   18.90300   20.61100  
H    28.27800   18.16300   19.81600  
H    27.86800   18.46000   21.46000  
H    27.95000   19.87700   20.39300  
S    30.07500   19.20000   21.20800  
C    29.82000   20.86700   21.85700  
H    29.36600   20.81600   22.85000  
H    30.83600   21.25600   21.74700  
H    29.16500   21.52300   21.27800  
O    30.96200   19.54600   20.05200  
C    28.21200   24.91200   23.02900  
H    27.73400   25.40300   23.88000  
H    28.31100   25.77200   22.36000  
H    27.57100   24.16300   22.55700  
S    29.80100   24.15400   23.43700  
C    30.75900   25.63200   23.84100  
H    30.71600   26.29400   22.97200  
H    30.36200   26.08200   24.75400  
H    31.76900   25.22900   23.94900  
O    30.41900   23.72200   22.14400  
C    19.04200   22.35600   31.79900  
H    19.36500   22.12400   30.78100  
H    19.12000   21.39000   32.30300  
H    18.04900   22.80800   31.86500  
S    20.09400   23.55300   32.65100  
C    21.55300   22.48700   32.63900  
H    22.21000   22.83200   31.83700  
H    22.01100   22.81700   33.57500  
H    21.41700   21.40300   32.60900  
O    19.48500   23.56900   34.01900  
C    28.63200   16.65700   26.05400  
H    28.83700   16.61600   27.12700  
H    28.04500   15.75800   25.85300  
H    29.53700   16.76800   25.45100  
S    27.46900   17.97300   25.63200  
C    26.74000   17.25800   24.14100  
H    27.62800   16.93000   23.59400  
H    26.15100   16.44600   24.57400  
H    26.14400   18.02000   23.63200  
O    28.42500   18.99600   25.10300  
C    20.18500   19.55300   29.35100  
H    20.48600   18.99100   28.46300  
H    19.21500   20.04800   29.26500  
H    20.92500   20.32300   29.58400  
S    20.25800   18.32100   30.67100  
C    18.72300   17.58700   30.06400  
H    17.98800   18.39500   30.06700  
H    19.05100   17.23400   29.08300  
H    18.30400   16.81100   30.71000  
O    19.70200   19.07700   31.83700  
C    18.97900   24.61600   26.22800  
H    18.88400   25.63600   26.60900  
H    19.51600   24.64200   25.27600  
H    17.99100   24.19800   26.01800  
S    19.78300   23.52300   27.42100  
C    19.28300   21.97000   26.64300  
H    18.19800   21.89300   26.53700  
H    19.68100   22.06000   25.62900  
H    19.67700   21.22000   27.33400  
O    18.91500   23.28600   28.61700  
C    21.54000   24.93900   22.80800  
H    22.04200   24.61700   21.89200  
H    20.47000   24.72000   22.79200  
H    21.68000   26.02200   22.74800  
S    22.30800   24.29000   24.30900  
C    24.04100   24.72500   24.04100  
H    24.03400   25.78200   24.32000  
H    24.63700   24.17500   24.77400  
H    24.35100   24.43100   23.03500  
O    22.35500   22.80700   24.10800  
C    25.63800   24.25400   32.92600  
H    26.03600   25.04300   32.28400  
H    24.57800   24.08000   32.72400  
H    25.69100   24.68400   33.93000  
S    26.50200   22.69200   32.64500  
C    25.59300   21.61000   33.77200  
H    26.11500   20.65700   33.66100  
H    25.63800   21.94700   34.81100  
H    24.58200   21.57600   33.35600  
O    27.79500   22.97000   33.34600  
C    22.96800   17.31700   28.25900  
H    22.92400   17.28300   29.35100  
H    23.23800   18.31500   27.90600  
H    22.00100   17.02100   27.84400  
S    24.17900   16.07500   27.75400  
C    25.59500   16.92300   28.49000  
H    26.50100   16.53100   28.02000  
H    25.62400   18.00800   28.35700  
H    25.77100   16.66000   29.53600  
O    24.46500   16.23400   26.29300  
C    33.48000   24.47900   29.70100  
H    33.46100   23.77200   30.53400  
H    32.78900   24.25900   28.88300  
H    34.43800   24.43200   29.17800  
S    33.24700   26.21000   30.16600  
C    34.46600   26.21200   31.50000  
H    34.23700   25.32200   32.09100  
H    35.42100   26.05100   30.99200  
H    34.45800   27.08200   32.16100  
O    32.09100   26.29900   31.11300  
$end

$rem
JOBTYPE  SP
METHOD  B3LYP
BASIS  6-31+G(D)
SYMMETRY  FALSE
SYM_IGNORE  TRUE
MEM_TOTAL  16000
MEM_STATIC  8000
MAX_SUB_FILE_NUM  16000
BASIS_LIN_DEP_THRESH  6
THRESH  14
SCF_CONVERGENCE  8
GEN_SCFMAN  FALSE
SCF_GUESS  READ
FD_MAT_VEC_PROD  FALSE
XC_GRID  000075000302
NL_GRID  1
MAX_SCF_CYCLES  200
SKIP_SCFMAN  TRUE
ESP_GRID  0
ESP_EFIELD  1
$end
