$molecule
0 1
--
0 1
C    19.36700   20.77700   27.27000  
C    19.88600   19.45600   27.86200  
C    20.80700   18.74900   26.85300  
C    21.97700   19.62000   26.36800  
C    21.39400   20.90700   25.76100  
C    20.48500   21.68300   26.72700  
H    21.20200   17.83600   27.31600  
H    20.42400   19.59500   28.80700  
H    18.71700   20.48000   26.43800  
H    18.76500   21.30700   28.01800  
H    22.67600   19.86900   27.17500  
H    22.52200   18.92400   25.71900  
H    22.14600   21.60400   25.37100  
H    20.81100   20.54100   24.90700  
H    21.08000   22.11100   27.54300  
H    20.16100   22.47000   26.03500  
H    20.14000   18.45600   26.03300  
N    18.71600   18.64000   28.18100  
H    18.27400   18.26500   27.35100  
C    18.01800   18.58400   29.36900  
H    17.04900   18.07600   29.20900  
O    18.29200   19.06200   30.45500  
--
0 1
C    23.49400   20.10300   22.99000  
H    23.25200   19.24400   23.62100  
H    23.02000   20.98600   23.42600  
H    23.25000   19.95900   21.93400  
S    25.24200   20.55600   23.05100  
C    25.23900   20.95600   24.81300  
H    24.64800   21.87600   24.78800  
H    24.74500   20.13300   25.33600  
H    26.26200   21.08100   25.17600  
O    25.37700   21.83600   22.28700  
C    29.36000   19.11900   24.70400  
H    28.63800   19.20400   25.52100  
H    30.37300   19.00200   25.09600  
H    29.24200   19.90200   23.95100  
S    28.84200   17.50100   24.09000  
C    30.20100   17.25800   22.92500  
H    30.50100   18.21000   22.47900  
H    31.11700   16.84800   23.35800  
H    29.86300   16.59800   22.12200  
O    27.61300   17.82300   23.29800  
C    16.35100   19.42900   33.01700  
H    17.26400   19.92300   32.67500  
H    16.41400   18.94000   33.99200  
H    16.04400   18.69900   32.26300  
S    15.11800   20.73700   33.20600  
C    15.23500   20.93500   34.99800  
H    16.24900   21.27600   35.22200  
H    14.44000   21.62200   35.30100  
H    15.03700   19.97500   35.48100  
O    13.71600   20.23600   33.04600  
C    11.64800   13.52500   26.28300  
H    12.01300   13.19500   25.30700  
H    11.34700   12.61700   26.81100  
H    10.89400   14.31300   26.21400  
S    12.87000   14.53200   27.15400  
C    13.94700   13.15500   27.61400  
H    14.29500   12.63500   26.71800  
H    14.74200   13.53100   28.26300  
H    13.39100   12.52300   28.31100  
O    12.30900   14.83900   28.50800  
C    14.19100   17.79300   28.07200  
H    14.92800   17.93800   27.27800  
H    14.32100   16.81600   28.54600  
H    13.16500   17.93300   27.72400  
S    14.31700   19.05600   29.35800  
C    12.67500   18.92700   30.10100  
H    12.82600   18.28700   30.97400  
H    12.23800   19.86300   30.46000  
H    11.93700   18.52500   29.40200  
O    14.19400   20.30100   28.53400  
C    20.45800   12.92400   22.55300  
H    21.37000   13.49200   22.34700  
H    20.43200   11.83400   22.62000  
H    19.56200   13.24100   22.01300  
S    19.95600   13.32900   24.24100  
C    19.89900   15.12500   24.05300  
H    19.39800   15.49700   23.15600  
H    19.40900   15.53400   24.94000  
H    20.91400   15.52100   23.96400  
O    21.26700   13.22400   24.95700  
C    23.61800   23.64900   28.37900  
H    24.30800   24.32600   27.86900  
H    24.08800   22.66600   28.30100  
H    22.74500   23.71100   27.72400  
S    23.10600   24.25800   30.00200  
C    24.79100   24.75900   30.42100  
H    25.50300   23.95300   30.22900  
H    24.88700   25.60900   29.74100  
H    24.89500   25.11900   31.44800  
O    22.87300   23.02500   30.81900  
C    28.63800   21.32700   29.20100  
H    29.27100   21.02900   28.36000  
H    28.83600   22.39700   29.31100  
H    28.91400   20.79800   30.11700  
S    26.86800   21.08800   28.93300  
C    26.88000   19.36600   28.38500  
H    27.23400   18.73300   29.20200  
H    25.84000   19.06300   28.23800  
H    27.50400   19.36500   27.48700  
O    26.47500   21.99300   27.80700  
C    19.78600   22.04500   32.76500  
H    19.86400   22.67900   33.65200  
H    19.54800   21.04900   33.14600  
H    20.69000   21.92500   32.16300  
S    18.44700   22.69300   31.73800  
C    19.41700   24.19100   31.45100  
H    20.21600   23.97700   30.73700  
H    18.78900   25.04700   31.19200  
H    19.75300   24.42900   32.46300  
O    17.42600   23.00600   32.78700  
C    19.85800   25.53600   26.76400  
H    20.00700   25.59800   25.68300  
H    20.06900   24.54100   27.16500  
H    18.86400   25.96100   26.92600  
S    21.09700   26.67200   27.42800  
C    20.63000   28.20200   26.58600  
H    19.61400   28.43600   26.91500  
H    21.31100   28.97000   26.96200  
H    20.69300   28.03600   25.50800  
O    22.34600   26.20400   26.75000  
C    14.17400   15.96100   32.18900  
H    14.71000   15.91800   33.14000  
H    14.49800   16.86000   31.65900  
H    13.09400   15.84600   32.31100  
S    14.82000   14.57300   31.22900  
C    14.92600   13.54200   32.71000  
H    15.48800   13.89900   33.57600  
H    13.89700   13.27800   32.96800  
H    15.31500   12.59800   32.32000  
O    16.18700   15.04500   30.84200  
C    22.05100   19.63100   30.94900  
H    22.22200   20.27200   30.08000  
H    20.99800   19.40400   31.13300  
H    22.41100   20.28600   31.74600  
S    22.95700   18.07200   30.82300  
C    24.53300   18.88500   31.17000  
H    25.35200   18.16600   31.07900  
H    24.85700   19.66800   30.48000  
H    24.39500   19.25100   32.19000  
O    22.84600   17.81200   29.35300  
C    19.23700   15.49000   34.97700  
H    18.62900   15.15600   35.82200  
H    18.99600   14.82800   34.14200  
H    20.32100   15.47200   35.11600  
S    18.89400   17.21700   34.56800  
C    19.50900   17.21500   32.86800  
H    18.95100   16.45600   32.31400  
H    19.37300   18.18800   32.39100  
H    20.54600   16.86900   32.89100  
O    19.94000   18.02300   35.27400  
C    22.39400   15.65900   20.76200  
H    22.50200   16.39400   19.96000  
H    21.87500   14.77300   20.38900  
H    21.84900   15.94200   21.66700  
S    24.04700   15.16000   21.29500  
C    24.74800   16.75500   20.81800  
H    25.72200   16.73300   21.31400  
H    24.76200   16.83500   19.72800  
H    24.13500   17.52000   21.30100  
O    24.54600   14.22400   20.23900  
C    20.29000   18.63000   21.50800  
H    21.12700   18.90000   22.15700  
H    19.38400   18.94800   22.03000  
H    20.37400   17.57600   21.23100  
S    20.47100   19.61200   20.00200  
C    19.08200   18.85400   19.12900  
H    19.29500   17.78300   19.08700  
H    18.12900   19.07800   19.61500  
H    19.17100   19.33600   18.15200  
O    21.58700   18.91200   19.29200  
C    17.27100   29.02800   21.99100  
H    16.26400   28.60200   22.00000  
H    17.18300   29.91800   22.61900  
H    17.59900   29.19100   20.96100  
S    18.30200   27.78100   22.79500  
C    17.32800   27.61100   24.30800  
H    17.68800   26.67200   24.73600  
H    17.46700   28.49400   24.93700  
H    16.29300   27.41300   24.01800  
O    19.53700   28.49700   23.24600  
C    21.88500   25.46200   23.54700  
H    21.03200   24.80600   23.74000  
H    22.27700   25.97800   24.42700  
H    21.54700   26.26000   22.88100  
S    23.21500   24.52300   22.76200  
C    24.43700   24.70900   24.08000  
H    23.98900   24.77600   25.07500  
H    25.12400   23.86000   24.04300  
H    24.93200   25.65900   23.86500  
O    23.76000   25.47700   21.74400  
C    23.64800   15.05400   25.70000  
H    24.53300   14.72500   26.25100  
H    23.00200   15.57400   26.41200  
H    23.25000   14.13100   25.27000  
S    24.20900   16.15100   24.37800  
C    25.20600   17.31100   25.33900  
H    24.52600   17.82600   26.02300  
H    25.94800   16.80900   25.96400  
H    25.66400   18.05500   24.68200  
O    23.00400   16.96800   24.03000  
C    15.66800   19.11400   24.42600  
H    16.53300   18.61200   24.86500  
H    15.05600   19.68100   25.13200  
H    14.97400   18.50800   23.83800  
S    16.59800   20.13100   23.25700  
C    15.22200   21.17900   22.73200  
H    14.84700   21.69600   23.61900  
H    15.63400   21.97300   22.10300  
H    14.57400   20.56400   22.10300  
O    16.87800   19.21600   22.10500  
C    18.03300   24.56300   21.33800  
H    17.40100   25.43900   21.50600  
H    18.86600   24.83600   20.68400  
H    17.35300   23.91500   20.77900  
S    18.57800   23.84200   22.90200  
C    19.22200   22.34300   22.12500  
H    20.15300   22.53100   21.58400  
H    19.40300   21.49300   22.78800  
H    18.38300   21.99500   21.51700  
O    17.25400   23.47400   23.49700  
C    19.14300   14.69100   28.13100  
H    19.92200   14.94800   27.40800  
H    19.37400   15.27500   29.02600  
H    19.15000   13.63800   28.42500  
S    17.54200   15.29100   27.54700  
C    17.21700   13.73200   26.69300  
H    16.45000   13.89900   25.93100  
H    18.18800   13.38300   26.33400  
H    16.98400   13.03300   27.50000  
O    17.83600   16.27500   26.45800  
C    16.03900   22.97900   27.07900  
H    15.31500   22.16200   27.00900  
H    15.46000   23.88200   26.87100  
H    16.79900   22.91300   26.29600  
S    16.92300   23.13900   28.64700  
C    15.40100   23.41000   29.58300  
H    15.76000   23.62500   30.59200  
H    14.83900   24.26600   29.20100  
H    14.78000   22.51200   29.53500  
O    17.63500   24.45500   28.69000  
C    23.87200   11.11400   26.69900  
H    24.26800   10.13000   26.43500  
H    22.89300   11.32300   26.25800  
H    24.51900   11.96800   26.48700  
S    23.50400   11.13200   28.46800  
C    22.20600   12.37900   28.31700  
H    22.67800   13.36300   28.25300  
H    21.54800   12.12400   27.48300  
H    21.71400   12.27500   29.28800  
O    24.58400   11.90700   29.15700  
C    10.51200   19.12200   25.85900  
H    9.90900    19.65800   25.12200  
H    10.68500   18.05800   25.67500  
H    10.06700   19.12300   26.85800  
S    12.12900   19.91900   25.73400  
C    11.72800   21.46100   26.58700  
H    10.81800   21.89500   26.16400  
H    11.53500   21.22100   27.63600  
H    12.55200   22.17200   26.49300  
O    12.34300   20.32000   24.30700  
C    27.55000   13.88200   29.58100  
H    26.62300   13.30300   29.57100  
H    28.07200   13.93700   28.62200  
H    28.12300   13.40000   30.37700  
S    26.92300   15.51500   30.03100  
C    25.73500   15.52400   28.66900  
H    25.00100   14.74600   28.89200  
H    25.23000   16.49000   28.59200  
H    26.15700   15.21600   27.70900  
O    28.10800   16.36500   29.69000  
$end

$rem
JOBTYPE  SP
METHOD  B3LYP
BASIS  6-31+G(D)
SYMMETRY  FALSE
SYM_IGNORE  TRUE
MEM_TOTAL  16000
MEM_STATIC  8000
MAX_SUB_FILE_NUM  16000
BASIS_LIN_DEP_THRESH  6
THRESH  14
SCF_CONVERGENCE  8
GEN_SCFMAN  TRUE
SCF_GUESS  SAD
FD_MAT_VEC_PROD  FALSE
XC_GRID  000075000302
NL_GRID  1
MAX_SCF_CYCLES  200
ENV_METHOD  B3LYP
GEN_SCFMAN_EMBED  TRUE
SPADE_PARTITION  TRUE
$end

$development
embedding_early_stop  1
$end

@@@

$molecule
0 1
@C    19.36700   20.77700   27.27000  
@C    19.88600   19.45600   27.86200  
@C    20.80700   18.74900   26.85300  
@C    21.97700   19.62000   26.36800  
@C    21.39400   20.90700   25.76100  
@C    20.48500   21.68300   26.72700  
@H    21.20200   17.83600   27.31600  
@H    20.42400   19.59500   28.80700  
@H    18.71700   20.48000   26.43800  
@H    18.76500   21.30700   28.01800  
@H    22.67600   19.86900   27.17500  
@H    22.52200   18.92400   25.71900  
@H    22.14600   21.60400   25.37100  
@H    20.81100   20.54100   24.90700  
@H    21.08000   22.11100   27.54300  
@H    20.16100   22.47000   26.03500  
@H    20.14000   18.45600   26.03300  
@N    18.71600   18.64000   28.18100  
@H    18.27400   18.26500   27.35100  
@C    18.01800   18.58400   29.36900  
@H    17.04900   18.07600   29.20900  
@O    18.29200   19.06200   30.45500  
C    23.49400   20.10300   22.99000  
H    23.25200   19.24400   23.62100  
H    23.02000   20.98600   23.42600  
H    23.25000   19.95900   21.93400  
S    25.24200   20.55600   23.05100  
C    25.23900   20.95600   24.81300  
H    24.64800   21.87600   24.78800  
H    24.74500   20.13300   25.33600  
H    26.26200   21.08100   25.17600  
O    25.37700   21.83600   22.28700  
C    29.36000   19.11900   24.70400  
H    28.63800   19.20400   25.52100  
H    30.37300   19.00200   25.09600  
H    29.24200   19.90200   23.95100  
S    28.84200   17.50100   24.09000  
C    30.20100   17.25800   22.92500  
H    30.50100   18.21000   22.47900  
H    31.11700   16.84800   23.35800  
H    29.86300   16.59800   22.12200  
O    27.61300   17.82300   23.29800  
C    16.35100   19.42900   33.01700  
H    17.26400   19.92300   32.67500  
H    16.41400   18.94000   33.99200  
H    16.04400   18.69900   32.26300  
S    15.11800   20.73700   33.20600  
C    15.23500   20.93500   34.99800  
H    16.24900   21.27600   35.22200  
H    14.44000   21.62200   35.30100  
H    15.03700   19.97500   35.48100  
O    13.71600   20.23600   33.04600  
C    11.64800   13.52500   26.28300  
H    12.01300   13.19500   25.30700  
H    11.34700   12.61700   26.81100  
H    10.89400   14.31300   26.21400  
S    12.87000   14.53200   27.15400  
C    13.94700   13.15500   27.61400  
H    14.29500   12.63500   26.71800  
H    14.74200   13.53100   28.26300  
H    13.39100   12.52300   28.31100  
O    12.30900   14.83900   28.50800  
C    14.19100   17.79300   28.07200  
H    14.92800   17.93800   27.27800  
H    14.32100   16.81600   28.54600  
H    13.16500   17.93300   27.72400  
S    14.31700   19.05600   29.35800  
C    12.67500   18.92700   30.10100  
H    12.82600   18.28700   30.97400  
H    12.23800   19.86300   30.46000  
H    11.93700   18.52500   29.40200  
O    14.19400   20.30100   28.53400  
C    20.45800   12.92400   22.55300  
H    21.37000   13.49200   22.34700  
H    20.43200   11.83400   22.62000  
H    19.56200   13.24100   22.01300  
S    19.95600   13.32900   24.24100  
C    19.89900   15.12500   24.05300  
H    19.39800   15.49700   23.15600  
H    19.40900   15.53400   24.94000  
H    20.91400   15.52100   23.96400  
O    21.26700   13.22400   24.95700  
C    23.61800   23.64900   28.37900  
H    24.30800   24.32600   27.86900  
H    24.08800   22.66600   28.30100  
H    22.74500   23.71100   27.72400  
S    23.10600   24.25800   30.00200  
C    24.79100   24.75900   30.42100  
H    25.50300   23.95300   30.22900  
H    24.88700   25.60900   29.74100  
H    24.89500   25.11900   31.44800  
O    22.87300   23.02500   30.81900  
C    28.63800   21.32700   29.20100  
H    29.27100   21.02900   28.36000  
H    28.83600   22.39700   29.31100  
H    28.91400   20.79800   30.11700  
S    26.86800   21.08800   28.93300  
C    26.88000   19.36600   28.38500  
H    27.23400   18.73300   29.20200  
H    25.84000   19.06300   28.23800  
H    27.50400   19.36500   27.48700  
O    26.47500   21.99300   27.80700  
C    19.78600   22.04500   32.76500  
H    19.86400   22.67900   33.65200  
H    19.54800   21.04900   33.14600  
H    20.69000   21.92500   32.16300  
S    18.44700   22.69300   31.73800  
C    19.41700   24.19100   31.45100  
H    20.21600   23.97700   30.73700  
H    18.78900   25.04700   31.19200  
H    19.75300   24.42900   32.46300  
O    17.42600   23.00600   32.78700  
C    19.85800   25.53600   26.76400  
H    20.00700   25.59800   25.68300  
H    20.06900   24.54100   27.16500  
H    18.86400   25.96100   26.92600  
S    21.09700   26.67200   27.42800  
C    20.63000   28.20200   26.58600  
H    19.61400   28.43600   26.91500  
H    21.31100   28.97000   26.96200  
H    20.69300   28.03600   25.50800  
O    22.34600   26.20400   26.75000  
C    14.17400   15.96100   32.18900  
H    14.71000   15.91800   33.14000  
H    14.49800   16.86000   31.65900  
H    13.09400   15.84600   32.31100  
S    14.82000   14.57300   31.22900  
C    14.92600   13.54200   32.71000  
H    15.48800   13.89900   33.57600  
H    13.89700   13.27800   32.96800  
H    15.31500   12.59800   32.32000  
O    16.18700   15.04500   30.84200  
C    22.05100   19.63100   30.94900  
H    22.22200   20.27200   30.08000  
H    20.99800   19.40400   31.13300  
H    22.41100   20.28600   31.74600  
S    22.95700   18.07200   30.82300  
C    24.53300   18.88500   31.17000  
H    25.35200   18.16600   31.07900  
H    24.85700   19.66800   30.48000  
H    24.39500   19.25100   32.19000  
O    22.84600   17.81200   29.35300  
C    19.23700   15.49000   34.97700  
H    18.62900   15.15600   35.82200  
H    18.99600   14.82800   34.14200  
H    20.32100   15.47200   35.11600  
S    18.89400   17.21700   34.56800  
C    19.50900   17.21500   32.86800  
H    18.95100   16.45600   32.31400  
H    19.37300   18.18800   32.39100  
H    20.54600   16.86900   32.89100  
O    19.94000   18.02300   35.27400  
C    22.39400   15.65900   20.76200  
H    22.50200   16.39400   19.96000  
H    21.87500   14.77300   20.38900  
H    21.84900   15.94200   21.66700  
S    24.04700   15.16000   21.29500  
C    24.74800   16.75500   20.81800  
H    25.72200   16.73300   21.31400  
H    24.76200   16.83500   19.72800  
H    24.13500   17.52000   21.30100  
O    24.54600   14.22400   20.23900  
C    20.29000   18.63000   21.50800  
H    21.12700   18.90000   22.15700  
H    19.38400   18.94800   22.03000  
H    20.37400   17.57600   21.23100  
S    20.47100   19.61200   20.00200  
C    19.08200   18.85400   19.12900  
H    19.29500   17.78300   19.08700  
H    18.12900   19.07800   19.61500  
H    19.17100   19.33600   18.15200  
O    21.58700   18.91200   19.29200  
C    17.27100   29.02800   21.99100  
H    16.26400   28.60200   22.00000  
H    17.18300   29.91800   22.61900  
H    17.59900   29.19100   20.96100  
S    18.30200   27.78100   22.79500  
C    17.32800   27.61100   24.30800  
H    17.68800   26.67200   24.73600  
H    17.46700   28.49400   24.93700  
H    16.29300   27.41300   24.01800  
O    19.53700   28.49700   23.24600  
C    21.88500   25.46200   23.54700  
H    21.03200   24.80600   23.74000  
H    22.27700   25.97800   24.42700  
H    21.54700   26.26000   22.88100  
S    23.21500   24.52300   22.76200  
C    24.43700   24.70900   24.08000  
H    23.98900   24.77600   25.07500  
H    25.12400   23.86000   24.04300  
H    24.93200   25.65900   23.86500  
O    23.76000   25.47700   21.74400  
C    23.64800   15.05400   25.70000  
H    24.53300   14.72500   26.25100  
H    23.00200   15.57400   26.41200  
H    23.25000   14.13100   25.27000  
S    24.20900   16.15100   24.37800  
C    25.20600   17.31100   25.33900  
H    24.52600   17.82600   26.02300  
H    25.94800   16.80900   25.96400  
H    25.66400   18.05500   24.68200  
O    23.00400   16.96800   24.03000  
C    15.66800   19.11400   24.42600  
H    16.53300   18.61200   24.86500  
H    15.05600   19.68100   25.13200  
H    14.97400   18.50800   23.83800  
S    16.59800   20.13100   23.25700  
C    15.22200   21.17900   22.73200  
H    14.84700   21.69600   23.61900  
H    15.63400   21.97300   22.10300  
H    14.57400   20.56400   22.10300  
O    16.87800   19.21600   22.10500  
C    18.03300   24.56300   21.33800  
H    17.40100   25.43900   21.50600  
H    18.86600   24.83600   20.68400  
H    17.35300   23.91500   20.77900  
S    18.57800   23.84200   22.90200  
C    19.22200   22.34300   22.12500  
H    20.15300   22.53100   21.58400  
H    19.40300   21.49300   22.78800  
H    18.38300   21.99500   21.51700  
O    17.25400   23.47400   23.49700  
C    19.14300   14.69100   28.13100  
H    19.92200   14.94800   27.40800  
H    19.37400   15.27500   29.02600  
H    19.15000   13.63800   28.42500  
S    17.54200   15.29100   27.54700  
C    17.21700   13.73200   26.69300  
H    16.45000   13.89900   25.93100  
H    18.18800   13.38300   26.33400  
H    16.98400   13.03300   27.50000  
O    17.83600   16.27500   26.45800  
C    16.03900   22.97900   27.07900  
H    15.31500   22.16200   27.00900  
H    15.46000   23.88200   26.87100  
H    16.79900   22.91300   26.29600  
S    16.92300   23.13900   28.64700  
C    15.40100   23.41000   29.58300  
H    15.76000   23.62500   30.59200  
H    14.83900   24.26600   29.20100  
H    14.78000   22.51200   29.53500  
O    17.63500   24.45500   28.69000  
C    23.87200   11.11400   26.69900  
H    24.26800   10.13000   26.43500  
H    22.89300   11.32300   26.25800  
H    24.51900   11.96800   26.48700  
S    23.50400   11.13200   28.46800  
C    22.20600   12.37900   28.31700  
H    22.67800   13.36300   28.25300  
H    21.54800   12.12400   27.48300  
H    21.71400   12.27500   29.28800  
O    24.58400   11.90700   29.15700  
C    10.51200   19.12200   25.85900  
H    9.90900    19.65800   25.12200  
H    10.68500   18.05800   25.67500  
H    10.06700   19.12300   26.85800  
S    12.12900   19.91900   25.73400  
C    11.72800   21.46100   26.58700  
H    10.81800   21.89500   26.16400  
H    11.53500   21.22100   27.63600  
H    12.55200   22.17200   26.49300  
O    12.34300   20.32000   24.30700  
C    27.55000   13.88200   29.58100  
H    26.62300   13.30300   29.57100  
H    28.07200   13.93700   28.62200  
H    28.12300   13.40000   30.37700  
S    26.92300   15.51500   30.03100  
C    25.73500   15.52400   28.66900  
H    25.00100   14.74600   28.89200  
H    25.23000   16.49000   28.59200  
H    26.15700   15.21600   27.70900  
O    28.10800   16.36500   29.69000  
$end

$rem
JOBTYPE  SP
METHOD  B3LYP
BASIS  6-31+G(D)
SYMMETRY  FALSE
SYM_IGNORE  TRUE
MEM_TOTAL  16000
MEM_STATIC  8000
MAX_SUB_FILE_NUM  16000
BASIS_LIN_DEP_THRESH  6
THRESH  14
SCF_CONVERGENCE  8
GEN_SCFMAN  FALSE
SCF_GUESS  READ
FD_MAT_VEC_PROD  FALSE
XC_GRID  000075000302
NL_GRID  1
MAX_SCF_CYCLES  200
SKIP_SCFMAN  TRUE
ESP_GRID  0
ESP_EFIELD  1
$end
