$molecule
0 1
--
0 1
C    24.25400   24.60800   25.74100  
C    25.66000   24.12000   26.12800  
C    26.46900   23.56600   24.94400  
C    26.42700   24.42500   23.67000  
C    25.02000   24.86300   23.22900  
C    24.33200   25.46300   24.46600  
H    27.49200   23.30300   25.24000  
H    26.18400   24.98400   26.55500  
H    23.54200   23.77400   25.69300  
H    23.87100   25.19400   26.58500  
H    27.06400   25.29400   23.87300  
H    26.92000   23.87300   22.86000  
H    25.08900   25.59700   22.41800  
H    24.34900   24.05200   22.92000  
H    24.77100   26.42200   24.76800  
H    23.26400   25.45300   24.21500  
H    26.07300   22.61200   24.57400  
N    25.71400   23.08700   27.16100  
H    25.73600   22.10200   26.92800  
C    25.87000   23.35600   28.50500  
H    26.07300   22.44800   29.10100  
O    25.64100   24.43100   29.03000  
--
0 1
C    25.95000   28.33800   27.06500  
H    26.69900   29.09700   27.30900  
H    25.45400   28.05500   27.99600  
H    26.46200   27.44700   26.69400  
S    24.85600   29.03500   25.80700  
C    24.83100   30.62900   26.65600  
H    24.08200   31.25500   26.16300  
H    24.48500   30.43400   27.67400  
H    25.78800   31.15700   26.68800  
O    23.48200   28.46500   25.97100  
C    21.23800   26.41300   33.61700  
H    20.69200   26.11200   32.71900  
H    20.73000   25.85400   34.40700  
H    21.05700   27.47900   33.77800  
S    23.00300   26.02700   33.59300  
C    22.68900   24.24700   33.58600  
H    22.07000   23.91600   34.42400  
H    22.10900   24.22600   32.66000  
H    23.61900   23.67300   33.55500  
O    23.57600   26.27400   34.95400  
C    28.04500   26.88000   29.87200  
H    27.58100   27.84000   29.63100  
H    27.30900   26.07400   29.80900  
H    28.45100   26.90300   30.88700  
S    29.26900   26.57600   28.57800  
C    29.64500   24.97800   29.33200  
H    30.11900   25.23700   30.28200  
H    28.82200   24.27800   29.49700  
H    30.34900   24.48800   28.65500  
O    30.38400   27.47200   29.01900  
C    33.83900   22.38600   32.32400  
H    34.63700   22.66400   31.63000  
H    33.68200   23.25700   32.96500  
H    34.08200   21.47900   32.88400  
S    32.24700   21.92800   31.60200  
C    32.82200   20.96700   30.18400  
H    31.95100   20.78200   29.55100  
H    33.62600   21.45300   29.62400  
H    33.33900   20.09900   30.59900  
O    31.82300   23.22400   30.98300  
C    31.65300   21.76600   23.81600  
H    32.53700   21.40100   23.28700  
H    31.93800   22.79300   24.05700  
H    31.41700   21.19100   24.71500  
S    30.22400   21.74400   22.71100  
C    31.22700   22.32600   21.32500  
H    31.65600   23.24400   21.73600  
H    31.98900   21.57300   21.10600  
H    30.57300   22.60300   20.49400  
O    29.33600   22.89300   23.07600  
C    23.16800   20.23900   34.55500  
H    22.15700   20.18700   34.96900  
H    23.84700   19.87700   35.33100  
H    23.32800   21.24800   34.16700  
S    22.97500   18.95800   33.29400  
C    24.31000   19.63500   32.28300  
H    25.18000   19.80000   32.92300  
H    24.59600   18.90600   31.52000  
H    24.04900   20.56500   31.77100  
O    21.80100   19.36000   32.45600  
C    29.43400   19.95900   28.49600  
H    29.57700   20.20600   29.55100  
H    28.47200   19.50200   28.25100  
H    30.19000   19.18500   28.33900  
S    29.62000   21.46600   27.51800  
C    29.04700   20.79100   25.94200  
H    27.97800   20.73400   26.16100  
H    29.31000   21.62500   25.28500  
H    29.59100   19.86800   25.72700  
O    31.09600   21.57200   27.29300  
C    26.50900   22.47300   19.90900  
H    26.72600   22.69000   18.86000  
H    25.63200   23.06100   20.19000  
H    27.35600   22.58900   20.59000  
S    26.08000   20.72400   20.06000  
C    27.69300   20.21900   19.42000  
H    27.84400   20.74500   18.47500  
H    28.50500   20.44700   20.11500  
H    27.72100   19.12600   19.42300  
O    25.35500   20.47500   18.77400  
C    26.47500   32.69200   29.43500  
H    25.65700   33.16200   29.98600  
H    27.37100   33.31600   29.38800  
H    26.25200   32.47500   28.38700  
S    26.90300   31.17300   30.31500  
C    28.32500   30.73100   29.29100  
H    28.66100   29.72600   29.56000  
H    28.01900   30.74800   28.24200  
H    29.14800   31.44800   29.34400  
O    25.91900   30.13300   29.87700  
C    28.96800   22.70100   32.44000  
H    29.15500   23.28800   33.34300  
H    29.32300   21.68900   32.65200  
H    29.40700   23.09800   31.52100  
S    27.19200   22.55700   32.13500  
C    26.95000   24.34200   32.00100  
H    27.62900   24.84300   31.30700  
H    25.95900   24.62200   31.63400  
H    27.04400   24.79200   32.99300  
O    26.51500   22.38500   33.45900  
C    20.81300   23.30900   23.16800  
H    20.17600   24.01100   23.71300  
H    21.72600   23.34200   23.76800  
H    20.88400   23.51400   22.09700  
S    20.22100   21.60200   23.22400  
C    21.87000   21.14700   22.64200  
H    22.54700   21.48100   23.43300  
H    21.83500   20.05900   22.53800  
H    22.01700   21.51800   21.62500  
O    19.22000   21.45400   22.12100  
C    19.48700   26.64700   23.24400  
H    20.55400   26.80900   23.41700  
H    19.31600   25.71200   22.70300  
H    19.28700   27.51800   22.61500  
S    18.79800   26.75700   24.91100  
C    19.74100   28.24900   25.30000  
H    19.48100   29.07200   24.62900  
H    19.29100   28.55200   26.24900  
H    20.80900   28.06300   25.43800  
O    19.47300   25.62500   25.62100  
C    22.22700   30.06000   23.38100  
H    22.73200   30.79700   24.01000  
H    21.62400   29.44200   24.05100  
H    22.92300   29.40200   22.85400  
S    21.10100   30.81200   22.18400  
C    20.27000   31.95200   23.31300  
H    20.84600   32.82100   23.64000  
H    19.34100   32.31300   22.86500  
H    19.76100   31.50400   24.16900  
O    20.13800   29.69000   21.94900  
C    30.58800   27.92100   23.54800  
H    30.17300   27.24200   22.79800  
H    30.13100   28.88600   23.31400  
H    31.67400   28.01900   23.47300  
S    29.88300   27.61400   25.18300  
C    29.97400   25.81000   25.12200  
H    29.47500   25.37000   25.98900  
H    29.39600   25.60500   24.21700  
H    30.97500   25.41800   24.92300  
O    28.40900   27.85300   25.08300  
C    27.63700   26.95700   20.39700  
H    28.48400   26.73500   19.74300  
H    27.70400   26.27500   21.24800  
H    26.70800   26.79100   19.84600  
S    27.59700   28.60800   21.13000  
C    26.29900   28.30400   22.35000  
H    25.86800   29.25700   22.66600  
H    25.48400   27.81400   21.81100  
H    26.50300   27.62300   23.18000  
O    26.96200   29.47900   20.09100  
C    29.46600   33.13300   24.19300  
H    28.52400   33.57600   23.85900  
H    30.15500   33.77400   24.74900  
H    30.08200   32.63800   23.43700  
S    29.05600   31.75600   25.28800  
C    28.07200   30.94700   24.00600  
H    27.19700   31.57200   23.81100  
H    28.54900   30.67900   23.06000  
H    27.69800   30.04500   24.49700  
O    28.02700   32.22400   26.26900  
C    29.48300   24.80400   17.94900  
H    28.52000   24.45500   18.33000  
H    30.22700   25.07800   18.70100  
H    29.33600   25.56300   17.17600  
S    30.25700   23.47700   16.99700  
C    28.73400   22.79100   16.30600  
H    28.41500   21.98900   16.97700  
H    27.93100   23.47800   16.02800  
H    28.93900   22.14200   15.45000  
O    30.46700   22.35500   17.96500  
C    23.41700   27.45000   30.01800  
H    22.75300   28.01500   30.67800  
H    24.26000   27.14700   30.64400  
H    23.76300   28.07500   29.19000  
S    22.45600   26.08100   29.33300  
C    21.31900   27.00500   28.27600  
H    20.39100   26.46500   28.07100  
H    21.17000   28.00400   28.69400  
H    21.90400   27.29300   27.39900  
O    21.53800   25.63500   30.42800  
C    21.99600   22.95700   19.01000  
H    21.50600   21.98800   19.13300  
H    23.03300   22.90600   18.66800  
H    22.02800   23.41000   20.00400  
S    20.89100   23.67700   17.77500  
C    19.31700   23.54100   18.65200  
H    18.58100   23.56300   17.84400  
H    19.26100   22.60100   19.20700  
H    19.31400   24.41300   19.31100  
O    20.86200   22.50200   16.84800  
C    22.06800   22.32100   28.72000  
H    21.60600   21.43600   29.16400  
H    23.09400   22.09300   28.42100  
H    22.02600   23.13200   29.45300  
S    21.15000   22.70800   27.21300  
C    19.53200   22.98200   27.96800  
H    18.95300   22.09400   28.23700  
H    19.86700   23.41800   28.91300  
H    18.91200   23.69000   27.41200  
O    20.92100   21.40600   26.51100  
C    23.33700   28.97800   19.63300  
H    24.25900   29.27600   19.12800  
H    22.52100   29.67000   19.41100  
H    23.66200   28.95500   20.67600  
S    23.03300   27.23800   19.25100  
C    21.71600   26.80300   20.40900  
H    20.98100   27.61000   20.46400  
H    21.21800   25.83900   20.28000  
H    22.20500   26.73500   21.38500  
O    24.10700   26.39000   19.85900  
C    28.41000   24.50500   35.82700  
H    27.49800   24.15300   35.33700  
H    29.25200   23.87500   35.53100  
H    28.21300   24.47300   36.90200  
S    28.78300   26.20300   35.33400  
C    27.14800   26.93100   35.58300  
H    27.03200   26.99000   36.66900  
H    27.23500   27.90900   35.10200  
H    26.36500   26.42100   35.01700  
O    28.84500   26.12900   33.84000  
C    25.95800   17.70900   27.46700  
H    25.60600   16.68100   27.58400  
H    26.07600   17.88700   26.39500  
H    26.93400   17.80500   27.95000  
S    24.86900   18.96800   28.16800  
C    23.73100   18.86300   26.76900  
H    24.19700   19.37900   25.92500  
H    23.55700   17.80700   26.54500  
H    22.90400   19.49000   27.11100  
O    25.70100   20.18200   27.89700  
C    24.80300   23.82600   16.11400  
H    24.75100   24.07900   15.05200  
H    25.51700   23.01100   16.25500  
H    23.79100   23.61800   16.47000  
S    25.31600   25.27700   17.06100  
C    24.27600   26.37000   16.06500  
H    24.39400   26.27600   14.98300  
H    23.23400   26.24500   16.37000  
H    24.42600   27.39500   16.41200  
O    26.75800   25.44300   16.69700  
$end

$rem
JOBTYPE  SP
METHOD  B3LYP
BASIS  6-31+G(D)
SYMMETRY  FALSE
SYM_IGNORE  TRUE
MEM_TOTAL  16000
MEM_STATIC  8000
MAX_SUB_FILE_NUM  16000
BASIS_LIN_DEP_THRESH  6
THRESH  14
SCF_CONVERGENCE  8
GEN_SCFMAN  TRUE
SCF_GUESS  SAD
FD_MAT_VEC_PROD  FALSE
XC_GRID  000075000302
NL_GRID  1
MAX_SCF_CYCLES  200
ENV_METHOD  B3LYP
GEN_SCFMAN_EMBED  TRUE
SPADE_PARTITION  TRUE
$end

$development
embedding_early_stop  1
$end

@@@

$molecule
0 1
@C    24.25400   24.60800   25.74100  
@C    25.66000   24.12000   26.12800  
@C    26.46900   23.56600   24.94400  
@C    26.42700   24.42500   23.67000  
@C    25.02000   24.86300   23.22900  
@C    24.33200   25.46300   24.46600  
@H    27.49200   23.30300   25.24000  
@H    26.18400   24.98400   26.55500  
@H    23.54200   23.77400   25.69300  
@H    23.87100   25.19400   26.58500  
@H    27.06400   25.29400   23.87300  
@H    26.92000   23.87300   22.86000  
@H    25.08900   25.59700   22.41800  
@H    24.34900   24.05200   22.92000  
@H    24.77100   26.42200   24.76800  
@H    23.26400   25.45300   24.21500  
@H    26.07300   22.61200   24.57400  
@N    25.71400   23.08700   27.16100  
@H    25.73600   22.10200   26.92800  
@C    25.87000   23.35600   28.50500  
@H    26.07300   22.44800   29.10100  
@O    25.64100   24.43100   29.03000  
C    25.95000   28.33800   27.06500  
H    26.69900   29.09700   27.30900  
H    25.45400   28.05500   27.99600  
H    26.46200   27.44700   26.69400  
S    24.85600   29.03500   25.80700  
C    24.83100   30.62900   26.65600  
H    24.08200   31.25500   26.16300  
H    24.48500   30.43400   27.67400  
H    25.78800   31.15700   26.68800  
O    23.48200   28.46500   25.97100  
C    21.23800   26.41300   33.61700  
H    20.69200   26.11200   32.71900  
H    20.73000   25.85400   34.40700  
H    21.05700   27.47900   33.77800  
S    23.00300   26.02700   33.59300  
C    22.68900   24.24700   33.58600  
H    22.07000   23.91600   34.42400  
H    22.10900   24.22600   32.66000  
H    23.61900   23.67300   33.55500  
O    23.57600   26.27400   34.95400  
C    28.04500   26.88000   29.87200  
H    27.58100   27.84000   29.63100  
H    27.30900   26.07400   29.80900  
H    28.45100   26.90300   30.88700  
S    29.26900   26.57600   28.57800  
C    29.64500   24.97800   29.33200  
H    30.11900   25.23700   30.28200  
H    28.82200   24.27800   29.49700  
H    30.34900   24.48800   28.65500  
O    30.38400   27.47200   29.01900  
C    33.83900   22.38600   32.32400  
H    34.63700   22.66400   31.63000  
H    33.68200   23.25700   32.96500  
H    34.08200   21.47900   32.88400  
S    32.24700   21.92800   31.60200  
C    32.82200   20.96700   30.18400  
H    31.95100   20.78200   29.55100  
H    33.62600   21.45300   29.62400  
H    33.33900   20.09900   30.59900  
O    31.82300   23.22400   30.98300  
C    31.65300   21.76600   23.81600  
H    32.53700   21.40100   23.28700  
H    31.93800   22.79300   24.05700  
H    31.41700   21.19100   24.71500  
S    30.22400   21.74400   22.71100  
C    31.22700   22.32600   21.32500  
H    31.65600   23.24400   21.73600  
H    31.98900   21.57300   21.10600  
H    30.57300   22.60300   20.49400  
O    29.33600   22.89300   23.07600  
C    23.16800   20.23900   34.55500  
H    22.15700   20.18700   34.96900  
H    23.84700   19.87700   35.33100  
H    23.32800   21.24800   34.16700  
S    22.97500   18.95800   33.29400  
C    24.31000   19.63500   32.28300  
H    25.18000   19.80000   32.92300  
H    24.59600   18.90600   31.52000  
H    24.04900   20.56500   31.77100  
O    21.80100   19.36000   32.45600  
C    29.43400   19.95900   28.49600  
H    29.57700   20.20600   29.55100  
H    28.47200   19.50200   28.25100  
H    30.19000   19.18500   28.33900  
S    29.62000   21.46600   27.51800  
C    29.04700   20.79100   25.94200  
H    27.97800   20.73400   26.16100  
H    29.31000   21.62500   25.28500  
H    29.59100   19.86800   25.72700  
O    31.09600   21.57200   27.29300  
C    26.50900   22.47300   19.90900  
H    26.72600   22.69000   18.86000  
H    25.63200   23.06100   20.19000  
H    27.35600   22.58900   20.59000  
S    26.08000   20.72400   20.06000  
C    27.69300   20.21900   19.42000  
H    27.84400   20.74500   18.47500  
H    28.50500   20.44700   20.11500  
H    27.72100   19.12600   19.42300  
O    25.35500   20.47500   18.77400  
C    26.47500   32.69200   29.43500  
H    25.65700   33.16200   29.98600  
H    27.37100   33.31600   29.38800  
H    26.25200   32.47500   28.38700  
S    26.90300   31.17300   30.31500  
C    28.32500   30.73100   29.29100  
H    28.66100   29.72600   29.56000  
H    28.01900   30.74800   28.24200  
H    29.14800   31.44800   29.34400  
O    25.91900   30.13300   29.87700  
C    28.96800   22.70100   32.44000  
H    29.15500   23.28800   33.34300  
H    29.32300   21.68900   32.65200  
H    29.40700   23.09800   31.52100  
S    27.19200   22.55700   32.13500  
C    26.95000   24.34200   32.00100  
H    27.62900   24.84300   31.30700  
H    25.95900   24.62200   31.63400  
H    27.04400   24.79200   32.99300  
O    26.51500   22.38500   33.45900  
C    20.81300   23.30900   23.16800  
H    20.17600   24.01100   23.71300  
H    21.72600   23.34200   23.76800  
H    20.88400   23.51400   22.09700  
S    20.22100   21.60200   23.22400  
C    21.87000   21.14700   22.64200  
H    22.54700   21.48100   23.43300  
H    21.83500   20.05900   22.53800  
H    22.01700   21.51800   21.62500  
O    19.22000   21.45400   22.12100  
C    19.48700   26.64700   23.24400  
H    20.55400   26.80900   23.41700  
H    19.31600   25.71200   22.70300  
H    19.28700   27.51800   22.61500  
S    18.79800   26.75700   24.91100  
C    19.74100   28.24900   25.30000  
H    19.48100   29.07200   24.62900  
H    19.29100   28.55200   26.24900  
H    20.80900   28.06300   25.43800  
O    19.47300   25.62500   25.62100  
C    22.22700   30.06000   23.38100  
H    22.73200   30.79700   24.01000  
H    21.62400   29.44200   24.05100  
H    22.92300   29.40200   22.85400  
S    21.10100   30.81200   22.18400  
C    20.27000   31.95200   23.31300  
H    20.84600   32.82100   23.64000  
H    19.34100   32.31300   22.86500  
H    19.76100   31.50400   24.16900  
O    20.13800   29.69000   21.94900  
C    30.58800   27.92100   23.54800  
H    30.17300   27.24200   22.79800  
H    30.13100   28.88600   23.31400  
H    31.67400   28.01900   23.47300  
S    29.88300   27.61400   25.18300  
C    29.97400   25.81000   25.12200  
H    29.47500   25.37000   25.98900  
H    29.39600   25.60500   24.21700  
H    30.97500   25.41800   24.92300  
O    28.40900   27.85300   25.08300  
C    27.63700   26.95700   20.39700  
H    28.48400   26.73500   19.74300  
H    27.70400   26.27500   21.24800  
H    26.70800   26.79100   19.84600  
S    27.59700   28.60800   21.13000  
C    26.29900   28.30400   22.35000  
H    25.86800   29.25700   22.66600  
H    25.48400   27.81400   21.81100  
H    26.50300   27.62300   23.18000  
O    26.96200   29.47900   20.09100  
C    29.46600   33.13300   24.19300  
H    28.52400   33.57600   23.85900  
H    30.15500   33.77400   24.74900  
H    30.08200   32.63800   23.43700  
S    29.05600   31.75600   25.28800  
C    28.07200   30.94700   24.00600  
H    27.19700   31.57200   23.81100  
H    28.54900   30.67900   23.06000  
H    27.69800   30.04500   24.49700  
O    28.02700   32.22400   26.26900  
C    29.48300   24.80400   17.94900  
H    28.52000   24.45500   18.33000  
H    30.22700   25.07800   18.70100  
H    29.33600   25.56300   17.17600  
S    30.25700   23.47700   16.99700  
C    28.73400   22.79100   16.30600  
H    28.41500   21.98900   16.97700  
H    27.93100   23.47800   16.02800  
H    28.93900   22.14200   15.45000  
O    30.46700   22.35500   17.96500  
C    23.41700   27.45000   30.01800  
H    22.75300   28.01500   30.67800  
H    24.26000   27.14700   30.64400  
H    23.76300   28.07500   29.19000  
S    22.45600   26.08100   29.33300  
C    21.31900   27.00500   28.27600  
H    20.39100   26.46500   28.07100  
H    21.17000   28.00400   28.69400  
H    21.90400   27.29300   27.39900  
O    21.53800   25.63500   30.42800  
C    21.99600   22.95700   19.01000  
H    21.50600   21.98800   19.13300  
H    23.03300   22.90600   18.66800  
H    22.02800   23.41000   20.00400  
S    20.89100   23.67700   17.77500  
C    19.31700   23.54100   18.65200  
H    18.58100   23.56300   17.84400  
H    19.26100   22.60100   19.20700  
H    19.31400   24.41300   19.31100  
O    20.86200   22.50200   16.84800  
C    22.06800   22.32100   28.72000  
H    21.60600   21.43600   29.16400  
H    23.09400   22.09300   28.42100  
H    22.02600   23.13200   29.45300  
S    21.15000   22.70800   27.21300  
C    19.53200   22.98200   27.96800  
H    18.95300   22.09400   28.23700  
H    19.86700   23.41800   28.91300  
H    18.91200   23.69000   27.41200  
O    20.92100   21.40600   26.51100  
C    23.33700   28.97800   19.63300  
H    24.25900   29.27600   19.12800  
H    22.52100   29.67000   19.41100  
H    23.66200   28.95500   20.67600  
S    23.03300   27.23800   19.25100  
C    21.71600   26.80300   20.40900  
H    20.98100   27.61000   20.46400  
H    21.21800   25.83900   20.28000  
H    22.20500   26.73500   21.38500  
O    24.10700   26.39000   19.85900  
C    28.41000   24.50500   35.82700  
H    27.49800   24.15300   35.33700  
H    29.25200   23.87500   35.53100  
H    28.21300   24.47300   36.90200  
S    28.78300   26.20300   35.33400  
C    27.14800   26.93100   35.58300  
H    27.03200   26.99000   36.66900  
H    27.23500   27.90900   35.10200  
H    26.36500   26.42100   35.01700  
O    28.84500   26.12900   33.84000  
C    25.95800   17.70900   27.46700  
H    25.60600   16.68100   27.58400  
H    26.07600   17.88700   26.39500  
H    26.93400   17.80500   27.95000  
S    24.86900   18.96800   28.16800  
C    23.73100   18.86300   26.76900  
H    24.19700   19.37900   25.92500  
H    23.55700   17.80700   26.54500  
H    22.90400   19.49000   27.11100  
O    25.70100   20.18200   27.89700  
C    24.80300   23.82600   16.11400  
H    24.75100   24.07900   15.05200  
H    25.51700   23.01100   16.25500  
H    23.79100   23.61800   16.47000  
S    25.31600   25.27700   17.06100  
C    24.27600   26.37000   16.06500  
H    24.39400   26.27600   14.98300  
H    23.23400   26.24500   16.37000  
H    24.42600   27.39500   16.41200  
O    26.75800   25.44300   16.69700  
$end

$rem
JOBTYPE  SP
METHOD  B3LYP
BASIS  6-31+G(D)
SYMMETRY  FALSE
SYM_IGNORE  TRUE
MEM_TOTAL  16000
MEM_STATIC  8000
MAX_SUB_FILE_NUM  16000
BASIS_LIN_DEP_THRESH  6
THRESH  14
SCF_CONVERGENCE  8
GEN_SCFMAN  FALSE
SCF_GUESS  READ
FD_MAT_VEC_PROD  FALSE
XC_GRID  000075000302
NL_GRID  1
MAX_SCF_CYCLES  200
SKIP_SCFMAN  TRUE
ESP_GRID  0
ESP_EFIELD  1
$end
