$molecule
0 1
--
0 1
C    20.99300   21.13700   28.65100  
C    21.73200   20.35800   29.75100  
C    22.67600   19.35200   29.07200  
C    23.67500   20.05200   28.13600  
C    22.92900   20.84700   27.05200  
C    21.96800   21.85500   27.70300  
H    23.14400   18.71200   29.83100  
H    22.45000   20.94600   30.33500  
H    20.31700   20.50800   28.05800  
H    20.34200   21.87200   29.14000  
H    24.23900   20.76800   28.74600  
H    24.45000   19.38600   27.73800  
H    23.71100   21.39300   26.51100  
H    22.41200   20.16800   26.36200  
H    22.60300   22.53800   28.27900  
H    21.35800   22.38600   26.96300  
H    22.11200   18.66300   28.43100  
N    20.74600   19.67900   30.58900  
H    20.07000   19.09000   30.11700  
C    20.58500   19.93300   31.93500  
H    19.74100   19.37600   32.38200  
O    21.30800   20.65900   32.59400  
--
0 1
C    25.37300   24.72000   28.87900  
H    26.12500   24.22900   28.25500  
H    25.20300   24.05200   29.72700  
H    24.43800   25.00200   28.38800  
S    26.22700   26.20400   29.45700  
C    24.93900   26.69500   30.62600  
H    24.91300   26.09200   31.53800  
H    25.08100   27.73100   30.94200  
H    24.05200   26.67500   29.98700  
O    26.03800   27.27100   28.42500  
C    16.93500   25.90500   24.79400  
H    16.30400   25.35100   25.49400  
H    17.31900   26.78100   25.32300  
H    16.28100   26.28100   24.00400  
S    18.21400   24.88100   24.03200  
C    19.30400   26.17000   23.38800  
H    19.54600   26.85500   24.20500  
H    20.16100   25.74100   22.86300  
H    18.70900   26.59800   22.57700  
O    17.57900   24.34500   22.78700  
C    17.54400   20.49400   21.99100  
H    18.30500   21.00900   21.40000  
H    17.42700   19.44800   21.69700  
H    16.57700   20.99900   21.91900  
S    18.06600   20.59500   23.71800  
C    19.57500   19.61800   23.52700  
H    20.21700   19.97100   22.71600  
H    20.14700   19.68100   24.45600  
H    19.45000   18.55000   23.33300  
O    17.10100   19.71900   24.45500  
C    24.79000   16.20900   30.00700  
H    25.76900   16.21900   29.52100  
H    24.62300   17.16700   30.50700  
H    24.76200   15.32300   30.64600  
S    23.57000   16.04500   28.68400  
C    22.22300   16.05400   29.88800  
H    22.34600   16.91400   30.55000  
H    21.26300   16.00600   29.36700  
H    22.50300   15.19000   30.49600  
O    23.78600   14.60100   28.35200  
C    24.17900   12.50500   31.77500  
H    24.34600   11.85900   32.64100  
H    24.84300   12.20400   30.96100  
H    24.18500   13.56900   32.02300  
S    22.48000   12.33600   31.18400  
C    21.60500   12.54800   32.75100  
H    20.62000   12.09600   32.60400  
H    22.20500   12.15400   33.57500  
H    21.50000   13.62000   32.93500  
O    22.35200   10.89700   30.79200  
C    30.63300   17.14000   30.12000  
H    31.50000   16.49400   29.96300  
H    30.66900   17.98800   29.43200  
H    30.54900   17.51800   31.14200  
S    29.18400   16.09900   29.83400  
C    29.42100   15.66800   28.09500  
H    29.46100   16.54600   27.44600  
H    30.31200   15.04400   27.98800  
H    28.57700   15.05500   27.77000  
O    27.98200   16.99000   29.88200  
C    25.04600   22.22500   35.94300  
H    26.06700   21.83900   35.99700  
H    24.71300   21.97700   34.93200  
H    25.01100   23.30000   36.13900  
S    23.85800   21.57800   37.14000  
C    24.63800   22.34000   38.58100  
H    25.64500   21.91600   38.58900  
H    24.77700   23.42400   38.59500  
H    24.06700   21.97300   39.43800  
O    24.26500   20.13900   37.20600  
C    20.87000   23.32100   37.29400  
H    20.75200   22.40900   37.88500  
H    20.86100   23.10800   36.22200  
H    21.83800   23.77200   37.52700  
S    19.64100   24.63700   37.45100  
C    18.21600   23.81100   36.70800  
H    18.21300   22.76600   37.02900  
H    17.24700   24.24600   36.96600  
H    18.28500   23.73900   35.62000  
O    20.09300   25.59100   36.39000  
C    18.49200   20.37500   35.17900  
H    18.76900   19.31900   35.12400  
H    19.26100   20.93300   34.63800  
H    18.57700   20.76100   36.19800  
S    16.78800   20.55000   34.60300  
C    16.22100   18.96000   35.24700  
H    17.00100   18.19300   35.23700  
H    15.87600   19.17000   36.26200  
H    15.32100   18.71400   34.67800  
O    16.93800   20.13300   33.17300  
C    16.79300   20.69100   29.75200  
H    16.00400   20.02600   29.39300  
H    17.74800   20.34000   29.35100  
H    16.84600   20.85200   30.83200  
S    16.61600   22.29900   28.94800  
C    17.33800   22.01200   27.31600  
H    17.17800   22.87200   26.66200  
H    18.42300   21.88200   27.29200  
H    16.92900   21.16300   26.76200  
O    17.62600   23.06700   29.74300  
C    19.63200   16.91500   26.13600  
H    19.59300   17.15900   27.20000  
H    20.62200   17.06100   25.69700  
H    18.95000   17.45200   25.47100  
S    19.25000   15.14900   26.14400  
C    20.83100   14.45800   26.68000  
H    21.61000   15.21300   26.54300  
H    20.85200   14.21900   27.74700  
H    21.08400   13.53600   26.15100  
O    19.30600   14.77000   24.69700  
C    26.63900   19.73500   30.79100  
H    26.28900   18.90600   31.41200  
H    25.96700   20.05600   29.99000  
H    27.60300   19.48600   30.33900  
S    26.77000   21.22900   31.79700  
C    25.00600   21.28300   32.18900  
H    24.69900   22.31500   32.37500  
H    24.44700   21.00800   31.29100  
H    24.76800   20.68500   33.07200  
O    26.78800   22.39300   30.85500  
C    16.33100   16.96900   26.23700  
H    16.88300   16.30100   25.57100  
H    16.55400   18.02300   26.04900  
H    16.48100   16.85200   27.31400  
S    14.60100   16.84000   25.73100  
C    13.91400   17.66300   27.18600  
H    13.88000   16.88500   27.95400  
H    14.47900   18.54700   27.49200  
H    12.93600   18.00900   26.84100  
O    14.33500   15.42800   26.15100  
C    20.29400   24.60800   32.78500  
H    19.54400   23.82600   32.64200  
H    21.33500   24.28100   32.84600  
H    20.18900   25.07100   33.76900  
S    20.19800   25.78100   31.41400  
C    20.51200   24.52800   30.15000  
H    20.39100   24.88400   29.12300  
H    21.52300   24.15200   30.32400  
H    19.91000   23.63600   30.33600  
O    21.55500   26.41200   31.45400  
C    23.26300   25.30500   34.70100  
H    23.37500   25.03200   33.64900  
H    23.63000   24.57700   35.42900  
H    22.21300   25.37400   34.99700  
S    24.12600   26.87500   34.93700  
C    23.02600   27.89700   33.93100  
H    23.43700   28.90700   34.00700  
H    23.01900   27.56100   32.89100  
H    22.05800   27.99900   34.42800  
O    25.35900   26.78500   34.09200  
C    17.19500   14.74700   34.94400  
H    16.67800   13.79300   34.81300  
H    17.36500   14.95200   36.00400  
H    16.64500   15.53800   34.42700  
S    18.87700   14.76500   34.28500  
C    19.62300   13.82800   35.63800  
H    19.20000   12.82300   35.55600  
H    20.71200   13.83300   35.54800  
H    19.30700   14.21400   36.61000  
O    19.32600   16.19200   34.32700  
C    23.61600   17.98800   33.72500  
H    24.65700   17.68200   33.59700  
H    23.20700   18.62400   32.93500  
H    23.56400   18.66400   34.58300  
S    22.56400   16.56000   34.06800  
C    23.50800   16.07900   35.53200  
H    24.53100   15.75500   35.32600  
H    23.45500   16.85600   36.30000  
H    22.99700   15.21800   35.97000  
O    22.89700   15.53600   33.02800  
C    23.68000   22.29700   23.58900  
H    24.02900   23.06300   24.28700  
H    23.35900   21.35900   24.04900  
H    24.53300   22.03200   22.95900  
S    22.34300   22.81900   22.49200  
C    21.17600   22.98400   23.86100  
H    20.21100   23.21500   23.40400  
H    20.98400   22.08300   24.45000  
H    21.51500   23.81000   24.49100  
O    21.69900   21.63800   21.83600  
C    20.67800   18.36900   37.28000  
H    21.10800   17.95300   36.36600  
H    19.88000   19.07500   37.03600  
H    21.52300   18.81700   37.80800  
S    19.86400   17.04100   38.19700  
C    19.26700   17.97400   39.62500  
H    20.09100   18.03200   40.34000  
H    18.99900   18.98500   39.30800  
H    18.45600   17.44000   40.12700  
O    20.90200   16.17600   38.84100  
C    27.70100   25.44800   25.94900  
H    26.73300   25.95500   25.98100  
H    28.09900   25.26100   26.95000  
H    28.39500   26.11800   25.43500  
S    27.41900   24.00100   24.90400  
C    26.77500   25.09600   23.62000  
H    25.96300   25.76800   23.91000  
H    27.55200   25.73500   23.19300  
H    26.48500   24.42500   22.80700  
O    26.16700   23.38100   25.44200  
C    26.82900   16.02700   32.89100  
H    25.83800   16.36800   32.58200  
H    27.25700   15.38400   32.11800  
H    26.66900   15.60400   33.88700  
S    27.86000   17.49500   33.11000  
C    29.12200   16.74900   34.16700  
H    28.73700   16.59500   35.17800  
H    29.61900   15.84600   33.80400  
H    29.76300   17.63000   34.24500  
O    27.00400   18.30000   34.03800  
C    23.56500   18.84800   22.56800  
H    24.39300   19.52600   22.79000  
H    23.54600   18.34000   21.60000  
H    22.67900   19.46900   22.71900  
S    23.39100   17.45400   23.70500  
C    21.88600   16.79500   22.95300  
H    21.22700   17.54800   22.51300  
H    22.21600   16.02300   22.25300  
H    21.45400   16.37800   23.86600  
O    22.94000   18.07900   24.98900  
C    21.24400   27.84500   26.38900  
H    20.46600   28.15100   27.09300  
H    22.11600   28.50300   26.40000  
H    20.80700   27.66000   25.40400  
S    21.96500   26.27900   26.93100  
C    23.05100   26.09300   25.49900  
H    23.55600   25.12400   25.51400  
H    22.47800   26.18500   24.57300  
H    23.75000   26.93000   25.57000  
O    20.96400   25.18000   26.74800  
C    27.78300   18.97700   25.36900  
H    28.24000   19.25300   24.41500  
H    27.12800   19.81000   25.63600  
H    28.47500   18.99800   26.21500  
S    27.12600   17.33400   25.00500  
C    26.43200   17.03900   26.64800  
H    26.38100   15.95800   26.80200  
H    27.16600   17.56900   27.26100  
H    25.52900   17.63700   26.79600  
O    28.42300   16.58600   25.02100  
C    17.83400   26.53900   28.60800  
H    17.95100   25.62500   29.19700  
H    17.74900   26.12200   27.60100  
H    18.75400   27.12700   28.64900  
S    16.31700   27.44900   28.97600  
C    15.34600   25.94300   28.74700  
H    15.65400   25.05100   29.29700  
H    14.30900   26.18400   28.99800  
H    15.38000   25.73200   27.67500  
O    16.06600   28.25500   27.73900  
C    17.15800   17.50900   31.68200  
H    17.95600   17.81500   32.36500  
H    16.42200   18.31200   31.59600  
H    16.58600   16.69500   32.13400  
S    17.70100   16.98900   30.03900  
C    18.64200   15.54200   30.57400  
H    19.20400   15.15700   29.71900  
H    19.43400   15.87700   31.24900  
H    18.11800   14.78200   31.15800  
O    18.72200   18.01200   29.65000  
C    14.66700   23.57400   33.83400  
H    15.16200   24.06600   34.67500  
H    13.62000   23.82000   34.02900  
H    14.68200   22.48100   33.87300  
S    15.24700   24.06500   32.19500  
C    16.98500   23.97600   32.68100  
H    17.06700   24.56600   33.59700  
H    17.24600   22.91600   32.74300  
H    17.52300   24.37700   31.81800  
O    14.95000   25.53000   32.12200  
C    28.71700   22.09600   27.43500  
H    29.23900   21.93400   26.48800  
H    27.72900   21.62900   27.43200  
H    28.67700   23.17700   27.59200  
S    29.69600   21.48900   28.82700  
C    31.23000   22.37100   28.46100  
H    31.09600   23.42600   28.20900  
H    31.82400   22.22800   29.36700  
H    31.58600   21.82200   27.58500  
O    30.05600   20.20800   28.14100  
$end

$rem
JOBTYPE  SP
METHOD  B3LYP
BASIS  6-31+G(D)
SYMMETRY  FALSE
SYM_IGNORE  TRUE
MEM_TOTAL  16000
MEM_STATIC  8000
MAX_SUB_FILE_NUM  16000
BASIS_LIN_DEP_THRESH  6
THRESH  14
SCF_CONVERGENCE  8
GEN_SCFMAN  TRUE
SCF_GUESS  SAD
FD_MAT_VEC_PROD  FALSE
XC_GRID  000075000302
NL_GRID  1
MAX_SCF_CYCLES  200
ENV_METHOD  B3LYP
GEN_SCFMAN_EMBED  TRUE
SPADE_PARTITION  TRUE
$end

$development
embedding_early_stop  1
$end

@@@

$molecule
0 1
@C    20.99300   21.13700   28.65100  
@C    21.73200   20.35800   29.75100  
@C    22.67600   19.35200   29.07200  
@C    23.67500   20.05200   28.13600  
@C    22.92900   20.84700   27.05200  
@C    21.96800   21.85500   27.70300  
@H    23.14400   18.71200   29.83100  
@H    22.45000   20.94600   30.33500  
@H    20.31700   20.50800   28.05800  
@H    20.34200   21.87200   29.14000  
@H    24.23900   20.76800   28.74600  
@H    24.45000   19.38600   27.73800  
@H    23.71100   21.39300   26.51100  
@H    22.41200   20.16800   26.36200  
@H    22.60300   22.53800   28.27900  
@H    21.35800   22.38600   26.96300  
@H    22.11200   18.66300   28.43100  
@N    20.74600   19.67900   30.58900  
@H    20.07000   19.09000   30.11700  
@C    20.58500   19.93300   31.93500  
@H    19.74100   19.37600   32.38200  
@O    21.30800   20.65900   32.59400  
C    25.37300   24.72000   28.87900  
H    26.12500   24.22900   28.25500  
H    25.20300   24.05200   29.72700  
H    24.43800   25.00200   28.38800  
S    26.22700   26.20400   29.45700  
C    24.93900   26.69500   30.62600  
H    24.91300   26.09200   31.53800  
H    25.08100   27.73100   30.94200  
H    24.05200   26.67500   29.98700  
O    26.03800   27.27100   28.42500  
C    16.93500   25.90500   24.79400  
H    16.30400   25.35100   25.49400  
H    17.31900   26.78100   25.32300  
H    16.28100   26.28100   24.00400  
S    18.21400   24.88100   24.03200  
C    19.30400   26.17000   23.38800  
H    19.54600   26.85500   24.20500  
H    20.16100   25.74100   22.86300  
H    18.70900   26.59800   22.57700  
O    17.57900   24.34500   22.78700  
C    17.54400   20.49400   21.99100  
H    18.30500   21.00900   21.40000  
H    17.42700   19.44800   21.69700  
H    16.57700   20.99900   21.91900  
S    18.06600   20.59500   23.71800  
C    19.57500   19.61800   23.52700  
H    20.21700   19.97100   22.71600  
H    20.14700   19.68100   24.45600  
H    19.45000   18.55000   23.33300  
O    17.10100   19.71900   24.45500  
C    24.79000   16.20900   30.00700  
H    25.76900   16.21900   29.52100  
H    24.62300   17.16700   30.50700  
H    24.76200   15.32300   30.64600  
S    23.57000   16.04500   28.68400  
C    22.22300   16.05400   29.88800  
H    22.34600   16.91400   30.55000  
H    21.26300   16.00600   29.36700  
H    22.50300   15.19000   30.49600  
O    23.78600   14.60100   28.35200  
C    24.17900   12.50500   31.77500  
H    24.34600   11.85900   32.64100  
H    24.84300   12.20400   30.96100  
H    24.18500   13.56900   32.02300  
S    22.48000   12.33600   31.18400  
C    21.60500   12.54800   32.75100  
H    20.62000   12.09600   32.60400  
H    22.20500   12.15400   33.57500  
H    21.50000   13.62000   32.93500  
O    22.35200   10.89700   30.79200  
C    30.63300   17.14000   30.12000  
H    31.50000   16.49400   29.96300  
H    30.66900   17.98800   29.43200  
H    30.54900   17.51800   31.14200  
S    29.18400   16.09900   29.83400  
C    29.42100   15.66800   28.09500  
H    29.46100   16.54600   27.44600  
H    30.31200   15.04400   27.98800  
H    28.57700   15.05500   27.77000  
O    27.98200   16.99000   29.88200  
C    25.04600   22.22500   35.94300  
H    26.06700   21.83900   35.99700  
H    24.71300   21.97700   34.93200  
H    25.01100   23.30000   36.13900  
S    23.85800   21.57800   37.14000  
C    24.63800   22.34000   38.58100  
H    25.64500   21.91600   38.58900  
H    24.77700   23.42400   38.59500  
H    24.06700   21.97300   39.43800  
O    24.26500   20.13900   37.20600  
C    20.87000   23.32100   37.29400  
H    20.75200   22.40900   37.88500  
H    20.86100   23.10800   36.22200  
H    21.83800   23.77200   37.52700  
S    19.64100   24.63700   37.45100  
C    18.21600   23.81100   36.70800  
H    18.21300   22.76600   37.02900  
H    17.24700   24.24600   36.96600  
H    18.28500   23.73900   35.62000  
O    20.09300   25.59100   36.39000  
C    18.49200   20.37500   35.17900  
H    18.76900   19.31900   35.12400  
H    19.26100   20.93300   34.63800  
H    18.57700   20.76100   36.19800  
S    16.78800   20.55000   34.60300  
C    16.22100   18.96000   35.24700  
H    17.00100   18.19300   35.23700  
H    15.87600   19.17000   36.26200  
H    15.32100   18.71400   34.67800  
O    16.93800   20.13300   33.17300  
C    16.79300   20.69100   29.75200  
H    16.00400   20.02600   29.39300  
H    17.74800   20.34000   29.35100  
H    16.84600   20.85200   30.83200  
S    16.61600   22.29900   28.94800  
C    17.33800   22.01200   27.31600  
H    17.17800   22.87200   26.66200  
H    18.42300   21.88200   27.29200  
H    16.92900   21.16300   26.76200  
O    17.62600   23.06700   29.74300  
C    19.63200   16.91500   26.13600  
H    19.59300   17.15900   27.20000  
H    20.62200   17.06100   25.69700  
H    18.95000   17.45200   25.47100  
S    19.25000   15.14900   26.14400  
C    20.83100   14.45800   26.68000  
H    21.61000   15.21300   26.54300  
H    20.85200   14.21900   27.74700  
H    21.08400   13.53600   26.15100  
O    19.30600   14.77000   24.69700  
C    26.63900   19.73500   30.79100  
H    26.28900   18.90600   31.41200  
H    25.96700   20.05600   29.99000  
H    27.60300   19.48600   30.33900  
S    26.77000   21.22900   31.79700  
C    25.00600   21.28300   32.18900  
H    24.69900   22.31500   32.37500  
H    24.44700   21.00800   31.29100  
H    24.76800   20.68500   33.07200  
O    26.78800   22.39300   30.85500  
C    16.33100   16.96900   26.23700  
H    16.88300   16.30100   25.57100  
H    16.55400   18.02300   26.04900  
H    16.48100   16.85200   27.31400  
S    14.60100   16.84000   25.73100  
C    13.91400   17.66300   27.18600  
H    13.88000   16.88500   27.95400  
H    14.47900   18.54700   27.49200  
H    12.93600   18.00900   26.84100  
O    14.33500   15.42800   26.15100  
C    20.29400   24.60800   32.78500  
H    19.54400   23.82600   32.64200  
H    21.33500   24.28100   32.84600  
H    20.18900   25.07100   33.76900  
S    20.19800   25.78100   31.41400  
C    20.51200   24.52800   30.15000  
H    20.39100   24.88400   29.12300  
H    21.52300   24.15200   30.32400  
H    19.91000   23.63600   30.33600  
O    21.55500   26.41200   31.45400  
C    23.26300   25.30500   34.70100  
H    23.37500   25.03200   33.64900  
H    23.63000   24.57700   35.42900  
H    22.21300   25.37400   34.99700  
S    24.12600   26.87500   34.93700  
C    23.02600   27.89700   33.93100  
H    23.43700   28.90700   34.00700  
H    23.01900   27.56100   32.89100  
H    22.05800   27.99900   34.42800  
O    25.35900   26.78500   34.09200  
C    17.19500   14.74700   34.94400  
H    16.67800   13.79300   34.81300  
H    17.36500   14.95200   36.00400  
H    16.64500   15.53800   34.42700  
S    18.87700   14.76500   34.28500  
C    19.62300   13.82800   35.63800  
H    19.20000   12.82300   35.55600  
H    20.71200   13.83300   35.54800  
H    19.30700   14.21400   36.61000  
O    19.32600   16.19200   34.32700  
C    23.61600   17.98800   33.72500  
H    24.65700   17.68200   33.59700  
H    23.20700   18.62400   32.93500  
H    23.56400   18.66400   34.58300  
S    22.56400   16.56000   34.06800  
C    23.50800   16.07900   35.53200  
H    24.53100   15.75500   35.32600  
H    23.45500   16.85600   36.30000  
H    22.99700   15.21800   35.97000  
O    22.89700   15.53600   33.02800  
C    23.68000   22.29700   23.58900  
H    24.02900   23.06300   24.28700  
H    23.35900   21.35900   24.04900  
H    24.53300   22.03200   22.95900  
S    22.34300   22.81900   22.49200  
C    21.17600   22.98400   23.86100  
H    20.21100   23.21500   23.40400  
H    20.98400   22.08300   24.45000  
H    21.51500   23.81000   24.49100  
O    21.69900   21.63800   21.83600  
C    20.67800   18.36900   37.28000  
H    21.10800   17.95300   36.36600  
H    19.88000   19.07500   37.03600  
H    21.52300   18.81700   37.80800  
S    19.86400   17.04100   38.19700  
C    19.26700   17.97400   39.62500  
H    20.09100   18.03200   40.34000  
H    18.99900   18.98500   39.30800  
H    18.45600   17.44000   40.12700  
O    20.90200   16.17600   38.84100  
C    27.70100   25.44800   25.94900  
H    26.73300   25.95500   25.98100  
H    28.09900   25.26100   26.95000  
H    28.39500   26.11800   25.43500  
S    27.41900   24.00100   24.90400  
C    26.77500   25.09600   23.62000  
H    25.96300   25.76800   23.91000  
H    27.55200   25.73500   23.19300  
H    26.48500   24.42500   22.80700  
O    26.16700   23.38100   25.44200  
C    26.82900   16.02700   32.89100  
H    25.83800   16.36800   32.58200  
H    27.25700   15.38400   32.11800  
H    26.66900   15.60400   33.88700  
S    27.86000   17.49500   33.11000  
C    29.12200   16.74900   34.16700  
H    28.73700   16.59500   35.17800  
H    29.61900   15.84600   33.80400  
H    29.76300   17.63000   34.24500  
O    27.00400   18.30000   34.03800  
C    23.56500   18.84800   22.56800  
H    24.39300   19.52600   22.79000  
H    23.54600   18.34000   21.60000  
H    22.67900   19.46900   22.71900  
S    23.39100   17.45400   23.70500  
C    21.88600   16.79500   22.95300  
H    21.22700   17.54800   22.51300  
H    22.21600   16.02300   22.25300  
H    21.45400   16.37800   23.86600  
O    22.94000   18.07900   24.98900  
C    21.24400   27.84500   26.38900  
H    20.46600   28.15100   27.09300  
H    22.11600   28.50300   26.40000  
H    20.80700   27.66000   25.40400  
S    21.96500   26.27900   26.93100  
C    23.05100   26.09300   25.49900  
H    23.55600   25.12400   25.51400  
H    22.47800   26.18500   24.57300  
H    23.75000   26.93000   25.57000  
O    20.96400   25.18000   26.74800  
C    27.78300   18.97700   25.36900  
H    28.24000   19.25300   24.41500  
H    27.12800   19.81000   25.63600  
H    28.47500   18.99800   26.21500  
S    27.12600   17.33400   25.00500  
C    26.43200   17.03900   26.64800  
H    26.38100   15.95800   26.80200  
H    27.16600   17.56900   27.26100  
H    25.52900   17.63700   26.79600  
O    28.42300   16.58600   25.02100  
C    17.83400   26.53900   28.60800  
H    17.95100   25.62500   29.19700  
H    17.74900   26.12200   27.60100  
H    18.75400   27.12700   28.64900  
S    16.31700   27.44900   28.97600  
C    15.34600   25.94300   28.74700  
H    15.65400   25.05100   29.29700  
H    14.30900   26.18400   28.99800  
H    15.38000   25.73200   27.67500  
O    16.06600   28.25500   27.73900  
C    17.15800   17.50900   31.68200  
H    17.95600   17.81500   32.36500  
H    16.42200   18.31200   31.59600  
H    16.58600   16.69500   32.13400  
S    17.70100   16.98900   30.03900  
C    18.64200   15.54200   30.57400  
H    19.20400   15.15700   29.71900  
H    19.43400   15.87700   31.24900  
H    18.11800   14.78200   31.15800  
O    18.72200   18.01200   29.65000  
C    14.66700   23.57400   33.83400  
H    15.16200   24.06600   34.67500  
H    13.62000   23.82000   34.02900  
H    14.68200   22.48100   33.87300  
S    15.24700   24.06500   32.19500  
C    16.98500   23.97600   32.68100  
H    17.06700   24.56600   33.59700  
H    17.24600   22.91600   32.74300  
H    17.52300   24.37700   31.81800  
O    14.95000   25.53000   32.12200  
C    28.71700   22.09600   27.43500  
H    29.23900   21.93400   26.48800  
H    27.72900   21.62900   27.43200  
H    28.67700   23.17700   27.59200  
S    29.69600   21.48900   28.82700  
C    31.23000   22.37100   28.46100  
H    31.09600   23.42600   28.20900  
H    31.82400   22.22800   29.36700  
H    31.58600   21.82200   27.58500  
O    30.05600   20.20800   28.14100  
$end

$rem
JOBTYPE  SP
METHOD  B3LYP
BASIS  6-31+G(D)
SYMMETRY  FALSE
SYM_IGNORE  TRUE
MEM_TOTAL  16000
MEM_STATIC  8000
MAX_SUB_FILE_NUM  16000
BASIS_LIN_DEP_THRESH  6
THRESH  14
SCF_CONVERGENCE  8
GEN_SCFMAN  FALSE
SCF_GUESS  READ
FD_MAT_VEC_PROD  FALSE
XC_GRID  000075000302
NL_GRID  1
MAX_SCF_CYCLES  200
SKIP_SCFMAN  TRUE
ESP_GRID  0
ESP_EFIELD  1
$end
