$molecule
0 1
--
0 1
C    24.28900   28.45400   25.85900  
C    25.31800   29.33500   26.58600  
C    26.64800   28.58800   26.77900  
C    27.28100   27.97800   25.51700  
C    26.21300   27.17000   24.76300  
C    24.89200   27.92700   24.54600  
H    27.41400   29.17400   27.30200  
H    25.56200   30.24000   26.01500  
H    24.15100   27.54800   26.46100  
H    23.28500   28.84500   25.65900  
H    27.72300   28.79600   24.93500  
H    28.06200   27.28600   25.85500  
H    26.75500   26.89900   23.84900  
H    25.95300   26.23400   25.27200  
H    25.13900   28.76300   23.88000  
H    24.19700   27.23200   24.05900  
H    26.51200   27.74100   27.46200  
N    24.71500   29.72300   27.86000  
H    24.18700   29.00300   28.33900  
C    24.92300   30.89500   28.55600  
H    24.27200   30.95300   29.44700  
O    25.70600   31.77800   28.25200  
--
0 1
C    25.08500   25.48200   20.47800  
H    25.28900   26.52000   20.20300  
H    25.58500   25.20300   21.40900  
H    25.42700   24.84100   19.66100  
S    23.35000   25.32500   20.95800  
C    22.84300   26.17200   19.44400  
H    23.13000   25.75400   18.47500  
H    21.76000   26.30700   19.49300  
H    23.34400   27.12700   19.62200  
O    23.22800   26.38400   22.00900  
C    30.70600   29.83200   23.45700  
H    30.34900   30.33100   22.55300  
H    29.93100   29.90300   24.22400  
H    31.69800   30.16000   23.78000  
S    30.68300   28.04800   23.17500  
C    31.70100   27.62700   24.60700  
H    30.86800   27.62100   25.31500  
H    32.12700   26.64400   24.39400  
H    32.53000   28.30900   24.81000  
O    31.59400   27.93600   21.99200  
C    24.59000   30.31900   16.54400  
H    23.77300   30.41900   15.82400  
H    24.40200   30.72300   17.54200  
H    25.46400   30.87100   16.18700  
S    24.83200   28.55600   16.85500  
C    23.06200   28.24400   16.66800  
H    22.47500   29.02600   17.15600  
H    22.80400   28.46100   15.62800  
H    22.75200   27.25000   16.99900  
O    24.93600   28.45700   18.34500  
C    28.30900   32.82900   25.31700  
H    28.21300   33.59000   26.09600  
H    27.35900   32.35300   25.06100  
H    28.94700   31.99100   25.60600  
S    29.09800   33.62400   23.89800  
C    30.67800   33.93600   24.71700  
H    30.44600   34.34100   25.70600  
H    31.19700   32.98700   24.87700  
H    31.31300   34.64400   24.17900  
O    28.49200   34.99200   23.90700  
C    25.37300   29.97100   21.47600  
H    25.06200   29.79300   20.44300  
H    25.88700   29.08300   21.85100  
H    24.54100   30.22900   22.13500  
S    26.48200   31.39600   21.54800  
C    27.85200   30.94800   20.45800  
H    28.33300   30.08200   20.92000  
H    27.50300   30.83400   19.42900  
H    28.52500   31.80700   20.38800  
O    27.15500   31.28600   22.88100  
C    28.22800   35.83200   34.18500  
H    27.37700   35.66500   34.85000  
H    28.83800   34.92900   34.10000  
H    28.84400   36.64200   34.58400  
S    27.64700   36.24500   32.52400  
C    26.23500   37.19500   33.13200  
H    25.82000   37.73500   32.27800  
H    25.52500   36.63000   33.74100  
H    26.74900   37.94700   33.73600  
O    27.05500   35.01900   31.90200  
C    31.76400   32.02600   27.89800  
H    32.21500   32.51100   28.76800  
H    32.42200   32.10300   27.02900  
H    30.87400   32.55900   27.55600  
S    31.30900   30.29800   28.16500  
C    33.04600   29.82400   28.32000  
H    33.41900   30.22500   29.26600  
H    33.11000   28.73600   28.40400  
H    33.61500   30.16900   27.45200  
O    30.96600   29.96700   26.74600  
C    25.01200   22.65300   32.47100  
H    24.53000   21.74800   32.09300  
H    26.06400   22.65500   32.76800  
H    24.40800   22.94700   33.33300  
S    24.62800   23.95700   31.28000  
C    23.06700   23.38800   30.56900  
H    22.26900   23.54200   31.30000  
H    22.87100   23.95000   29.65200  
H    23.21100   22.32300   30.37400  
O    25.57400   23.65000   30.16100  
C    23.13400   24.18000   24.36800  
H    22.31900   24.76000   24.80800  
H    24.06200   24.73400   24.20200  
H    22.67000   23.88200   23.42500  
S    23.50500   22.90000   25.58900  
C    24.32400   23.78200   26.93700  
H    23.49700   24.31200   27.41600  
H    24.78200   23.04800   27.60500  
H    24.96400   24.59000   26.57500  
O    24.62400   22.14700   24.94000  
C    28.62400   27.41800   19.66300  
H    29.21700   28.18100   20.17300  
H    27.81800   27.04400   20.29900  
H    29.29400   26.59500   19.40100  
S    27.82700   28.05800   18.17300  
C    28.09200   26.65300   17.06800  
H    29.15500   26.56500   16.83100  
H    27.70000   25.74100   17.52600  
H    27.53000   26.96500   16.18400  
O    28.83700   28.95800   17.53200  
C    24.04500   33.82100   25.82000  
H    24.99500   33.41400   26.17600  
H    23.90100   34.90000   25.92400  
H    23.25600   33.33500   26.39900  
S    23.95000   33.16400   24.14000  
C    24.47200   34.57400   23.13700  
H    25.52200   34.74800   23.38600  
H    24.36100   34.48100   22.05300  
H    23.86300   35.42400   23.45500  
O    22.49700   33.09100   23.79000  
C    18.14400   28.68500   31.21800  
H    17.40700   28.18600   30.58400  
H    17.68100   29.28800   32.00300  
H    18.77100   29.39900   30.67700  
S    19.04300   27.38300   32.09000  
C    19.41800   26.30400   30.68900  
H    19.60700   25.28700   31.04100  
H    18.72000   26.47000   29.86400  
H    20.38900   26.61300   30.29200  
O    17.93000   26.65300   32.77400  
C    28.42100   33.60300   29.33500  
H    28.77000   33.01600   30.18900  
H    27.33000   33.66900   29.36700  
H    28.64700   33.11300   28.38500  
S    29.25900   35.19500   29.50400  
C    28.44800   35.94600   28.07400  
H    29.06700   36.81400   27.83500  
H    28.45300   35.25100   27.22900  
H    27.45900   36.07000   28.52300  
O    30.55800   34.80100   28.87300  
C    21.00500   27.31200   25.08700  
H    21.67000   27.42200   25.94800  
H    21.55100   26.83300   24.27000  
H    20.60200   28.28400   24.79200  
S    19.70100   26.11400   25.44500  
C    18.95900   27.20000   26.68400  
H    18.58700   28.11800   26.22200  
H    18.25700   26.57500   27.24100  
H    19.83200   27.48600   27.27600  
O    20.29600   25.05500   26.32000  
C    19.48600   32.23300   32.67700  
H    19.25500   33.14900   33.22600  
H    19.96200   32.44500   31.71600  
H    18.54100   31.70700   32.52300  
S    20.43600   31.24600   33.85500  
C    21.93300   32.25300   33.94900  
H    22.88200   31.75100   34.15400  
H    22.00300   32.81400   33.01300  
H    21.71500   32.95500   34.75700  
O    20.92200   30.14600   32.96400  
C    20.01100   24.77700   22.03100  
H    19.01800   25.02900   22.41400  
H    20.82300   25.12800   22.67300  
H    19.99400   25.33600   21.09200  
S    20.14100   23.00300   21.71300  
C    19.68200   22.49200   23.38400  
H    18.65700   22.85300   23.50100  
H    19.78000   21.40500   23.32600  
H    20.35000   22.91400   24.13900  
O    21.62100   22.83400   21.56600  
C    22.77900   26.49500   31.98300  
H    21.92700   27.16800   32.11300  
H    22.41300   25.84400   31.18500  
H    22.95000   25.84400   32.84400  
S    24.29700   27.38100   31.56300  
C    23.73300   29.06700   31.88500  
H    24.56900   29.75700   31.73900  
H    22.89200   29.20200   31.20100  
H    23.39200   29.16700   32.91800  
O    24.14000   27.29300   30.07700  
C    28.83400   22.55400   17.21300  
H    29.74500   22.09500   16.82000  
H    28.08000   21.76300   17.24100  
H    28.45900   23.46100   16.73200  
S    29.25400   23.09900   18.88500  
C    29.18300   21.40500   19.51000  
H    30.03400   20.87600   19.07200  
H    29.28000   21.42600   20.59900  
H    28.22200   20.98400   19.20300  
O    28.01200   23.77700   19.37500  
C    32.51700   24.05300   28.66400  
H    31.80600   23.68800   29.41000  
H    32.19400   23.94200   27.62600  
H    33.49200   23.57900   28.79900  
S    32.81600   25.78400   29.09000  
C    31.44400   26.31900   28.04300  
H    30.59900   25.77300   28.47100  
H    31.36200   27.38000   28.29400  
H    31.51900   26.25000   26.95500  
O    34.05200   26.07200   28.29600  
C    21.38200   29.91400   22.22000  
H    22.34000   29.42300   22.41000  
H    21.53700   30.98100   22.40100  
H    20.59000   29.49900   22.84900  
S    20.76100   29.47100   20.58200  
C    22.08100   30.36900   19.73800  
H    22.32000   31.26700   20.31500  
H    22.93300   29.68500   19.71500  
H    21.80800   30.68700   18.72800  
O    19.55200   30.34100   20.43000  
C    26.66500   37.16700   25.46800  
H    27.04400   37.42800   26.45900  
H    26.80000   36.08500   25.39100  
H    27.27700   37.63200   24.69200  
S    24.92500   37.65600   25.45200  
C    25.20800   39.44100   25.44000  
H    25.44900   39.72700   24.41300  
H    24.26400   39.89500   25.74900  
H    25.98100   39.77400   26.13700  
O    24.44900   37.32000   26.83100  
C    21.59700   31.25700   26.94600  
H    22.63400   31.21100   27.28600  
H    21.43700   30.87300   25.93500  
H    21.32000   32.29500   27.14700  
S    20.86100   30.10700   28.12900  
C    21.04500   31.20500   29.55300  
H    22.10400   31.47500   29.55700  
H    20.33700   31.99700   29.29900  
H    20.71500   30.63100   30.42300  
O    21.88500   29.01700   28.20100  
C    18.39900   32.72800   25.42900  
H    18.65900   33.75600   25.16200  
H    17.30900   32.64600   25.44100  
H    18.85500   32.54700   26.40600  
S    19.22200   31.61100   24.27100  
C    17.91700   31.61900   23.02100  
H    18.13100   30.85700   22.26700  
H    16.96800   31.52700   23.55700  
H    17.90400   32.61500   22.57200  
O    19.04300   30.25500   24.88000  
C    28.58700   30.74700   34.76600  
H    28.57700   29.83800   35.37400  
H    29.11100   30.64300   33.81200  
H    28.88100   31.54300   35.45400  
S    26.86700   30.94800   34.25300  
C    26.97200   32.75200   34.22300  
H    27.35300   33.24900   35.11900  
H    27.66400   33.08000   33.44400  
H    26.00500   33.15600   33.91300  
O    25.98500   30.73700   35.44400  
C    28.17600   22.84500   25.67200  
H    27.12900   22.73700   25.38000  
H    28.80300   22.02500   25.31400  
H    28.29100   22.75700   26.75600  
S    28.60900   24.51800   25.14400  
C    28.72700   23.88400   23.45600  
H    29.02200   24.70300   22.79400  
H    29.56200   23.17800   23.44000  
H    27.81800   23.34100   23.18500  
O    30.07200   24.57400   25.45500  
C    27.62500   27.41900   30.31900  
H    27.25800   26.51900   30.81800  
H    27.11900   27.48700   29.35300  
H    28.69700   27.22900   30.22000  
S    27.38400   28.99800   31.16400  
C    28.37300   29.98300   30.01700  
H    29.27500   29.41400   29.77700  
H    27.72100   30.15900   29.15800  
H    28.69300   30.92700   30.46500  
O    28.41600   28.89400   32.24300  
C    23.68000   34.71200   31.36500  
H    23.89900   33.64700   31.47300  
H    24.34500   35.37500   31.92500  
H    22.64200   34.94800   31.61400  
S    23.65100   35.13700   29.60800  
C    23.12400   36.86100   29.73000  
H    22.40200   36.96000   30.54500  
H    23.96700   37.53500   29.90500  
H    22.67900   37.14900   28.77400  
O    22.49600   34.32600   29.10900  
$end

$rem
JOBTYPE  SP
METHOD  B3LYP
BASIS  6-31+G(D)
SYMMETRY  FALSE
SYM_IGNORE  TRUE
MEM_TOTAL  16000
MEM_STATIC  8000
MAX_SUB_FILE_NUM  16000
BASIS_LIN_DEP_THRESH  6
THRESH  14
SCF_CONVERGENCE  8
GEN_SCFMAN  TRUE
SCF_GUESS  SAD
FD_MAT_VEC_PROD  FALSE
XC_GRID  000075000302
NL_GRID  1
MAX_SCF_CYCLES  200
ENV_METHOD  B3LYP
GEN_SCFMAN_EMBED  TRUE
SPADE_PARTITION  TRUE
$end

$development
embedding_early_stop  1
$end

@@@

$molecule
0 1
@C    24.28900   28.45400   25.85900  
@C    25.31800   29.33500   26.58600  
@C    26.64800   28.58800   26.77900  
@C    27.28100   27.97800   25.51700  
@C    26.21300   27.17000   24.76300  
@C    24.89200   27.92700   24.54600  
@H    27.41400   29.17400   27.30200  
@H    25.56200   30.24000   26.01500  
@H    24.15100   27.54800   26.46100  
@H    23.28500   28.84500   25.65900  
@H    27.72300   28.79600   24.93500  
@H    28.06200   27.28600   25.85500  
@H    26.75500   26.89900   23.84900  
@H    25.95300   26.23400   25.27200  
@H    25.13900   28.76300   23.88000  
@H    24.19700   27.23200   24.05900  
@H    26.51200   27.74100   27.46200  
@N    24.71500   29.72300   27.86000  
@H    24.18700   29.00300   28.33900  
@C    24.92300   30.89500   28.55600  
@H    24.27200   30.95300   29.44700  
@O    25.70600   31.77800   28.25200  
C    25.08500   25.48200   20.47800  
H    25.28900   26.52000   20.20300  
H    25.58500   25.20300   21.40900  
H    25.42700   24.84100   19.66100  
S    23.35000   25.32500   20.95800  
C    22.84300   26.17200   19.44400  
H    23.13000   25.75400   18.47500  
H    21.76000   26.30700   19.49300  
H    23.34400   27.12700   19.62200  
O    23.22800   26.38400   22.00900  
C    30.70600   29.83200   23.45700  
H    30.34900   30.33100   22.55300  
H    29.93100   29.90300   24.22400  
H    31.69800   30.16000   23.78000  
S    30.68300   28.04800   23.17500  
C    31.70100   27.62700   24.60700  
H    30.86800   27.62100   25.31500  
H    32.12700   26.64400   24.39400  
H    32.53000   28.30900   24.81000  
O    31.59400   27.93600   21.99200  
C    24.59000   30.31900   16.54400  
H    23.77300   30.41900   15.82400  
H    24.40200   30.72300   17.54200  
H    25.46400   30.87100   16.18700  
S    24.83200   28.55600   16.85500  
C    23.06200   28.24400   16.66800  
H    22.47500   29.02600   17.15600  
H    22.80400   28.46100   15.62800  
H    22.75200   27.25000   16.99900  
O    24.93600   28.45700   18.34500  
C    28.30900   32.82900   25.31700  
H    28.21300   33.59000   26.09600  
H    27.35900   32.35300   25.06100  
H    28.94700   31.99100   25.60600  
S    29.09800   33.62400   23.89800  
C    30.67800   33.93600   24.71700  
H    30.44600   34.34100   25.70600  
H    31.19700   32.98700   24.87700  
H    31.31300   34.64400   24.17900  
O    28.49200   34.99200   23.90700  
C    25.37300   29.97100   21.47600  
H    25.06200   29.79300   20.44300  
H    25.88700   29.08300   21.85100  
H    24.54100   30.22900   22.13500  
S    26.48200   31.39600   21.54800  
C    27.85200   30.94800   20.45800  
H    28.33300   30.08200   20.92000  
H    27.50300   30.83400   19.42900  
H    28.52500   31.80700   20.38800  
O    27.15500   31.28600   22.88100  
C    28.22800   35.83200   34.18500  
H    27.37700   35.66500   34.85000  
H    28.83800   34.92900   34.10000  
H    28.84400   36.64200   34.58400  
S    27.64700   36.24500   32.52400  
C    26.23500   37.19500   33.13200  
H    25.82000   37.73500   32.27800  
H    25.52500   36.63000   33.74100  
H    26.74900   37.94700   33.73600  
O    27.05500   35.01900   31.90200  
C    31.76400   32.02600   27.89800  
H    32.21500   32.51100   28.76800  
H    32.42200   32.10300   27.02900  
H    30.87400   32.55900   27.55600  
S    31.30900   30.29800   28.16500  
C    33.04600   29.82400   28.32000  
H    33.41900   30.22500   29.26600  
H    33.11000   28.73600   28.40400  
H    33.61500   30.16900   27.45200  
O    30.96600   29.96700   26.74600  
C    25.01200   22.65300   32.47100  
H    24.53000   21.74800   32.09300  
H    26.06400   22.65500   32.76800  
H    24.40800   22.94700   33.33300  
S    24.62800   23.95700   31.28000  
C    23.06700   23.38800   30.56900  
H    22.26900   23.54200   31.30000  
H    22.87100   23.95000   29.65200  
H    23.21100   22.32300   30.37400  
O    25.57400   23.65000   30.16100  
C    23.13400   24.18000   24.36800  
H    22.31900   24.76000   24.80800  
H    24.06200   24.73400   24.20200  
H    22.67000   23.88200   23.42500  
S    23.50500   22.90000   25.58900  
C    24.32400   23.78200   26.93700  
H    23.49700   24.31200   27.41600  
H    24.78200   23.04800   27.60500  
H    24.96400   24.59000   26.57500  
O    24.62400   22.14700   24.94000  
C    28.62400   27.41800   19.66300  
H    29.21700   28.18100   20.17300  
H    27.81800   27.04400   20.29900  
H    29.29400   26.59500   19.40100  
S    27.82700   28.05800   18.17300  
C    28.09200   26.65300   17.06800  
H    29.15500   26.56500   16.83100  
H    27.70000   25.74100   17.52600  
H    27.53000   26.96500   16.18400  
O    28.83700   28.95800   17.53200  
C    24.04500   33.82100   25.82000  
H    24.99500   33.41400   26.17600  
H    23.90100   34.90000   25.92400  
H    23.25600   33.33500   26.39900  
S    23.95000   33.16400   24.14000  
C    24.47200   34.57400   23.13700  
H    25.52200   34.74800   23.38600  
H    24.36100   34.48100   22.05300  
H    23.86300   35.42400   23.45500  
O    22.49700   33.09100   23.79000  
C    18.14400   28.68500   31.21800  
H    17.40700   28.18600   30.58400  
H    17.68100   29.28800   32.00300  
H    18.77100   29.39900   30.67700  
S    19.04300   27.38300   32.09000  
C    19.41800   26.30400   30.68900  
H    19.60700   25.28700   31.04100  
H    18.72000   26.47000   29.86400  
H    20.38900   26.61300   30.29200  
O    17.93000   26.65300   32.77400  
C    28.42100   33.60300   29.33500  
H    28.77000   33.01600   30.18900  
H    27.33000   33.66900   29.36700  
H    28.64700   33.11300   28.38500  
S    29.25900   35.19500   29.50400  
C    28.44800   35.94600   28.07400  
H    29.06700   36.81400   27.83500  
H    28.45300   35.25100   27.22900  
H    27.45900   36.07000   28.52300  
O    30.55800   34.80100   28.87300  
C    21.00500   27.31200   25.08700  
H    21.67000   27.42200   25.94800  
H    21.55100   26.83300   24.27000  
H    20.60200   28.28400   24.79200  
S    19.70100   26.11400   25.44500  
C    18.95900   27.20000   26.68400  
H    18.58700   28.11800   26.22200  
H    18.25700   26.57500   27.24100  
H    19.83200   27.48600   27.27600  
O    20.29600   25.05500   26.32000  
C    19.48600   32.23300   32.67700  
H    19.25500   33.14900   33.22600  
H    19.96200   32.44500   31.71600  
H    18.54100   31.70700   32.52300  
S    20.43600   31.24600   33.85500  
C    21.93300   32.25300   33.94900  
H    22.88200   31.75100   34.15400  
H    22.00300   32.81400   33.01300  
H    21.71500   32.95500   34.75700  
O    20.92200   30.14600   32.96400  
C    20.01100   24.77700   22.03100  
H    19.01800   25.02900   22.41400  
H    20.82300   25.12800   22.67300  
H    19.99400   25.33600   21.09200  
S    20.14100   23.00300   21.71300  
C    19.68200   22.49200   23.38400  
H    18.65700   22.85300   23.50100  
H    19.78000   21.40500   23.32600  
H    20.35000   22.91400   24.13900  
O    21.62100   22.83400   21.56600  
C    22.77900   26.49500   31.98300  
H    21.92700   27.16800   32.11300  
H    22.41300   25.84400   31.18500  
H    22.95000   25.84400   32.84400  
S    24.29700   27.38100   31.56300  
C    23.73300   29.06700   31.88500  
H    24.56900   29.75700   31.73900  
H    22.89200   29.20200   31.20100  
H    23.39200   29.16700   32.91800  
O    24.14000   27.29300   30.07700  
C    28.83400   22.55400   17.21300  
H    29.74500   22.09500   16.82000  
H    28.08000   21.76300   17.24100  
H    28.45900   23.46100   16.73200  
S    29.25400   23.09900   18.88500  
C    29.18300   21.40500   19.51000  
H    30.03400   20.87600   19.07200  
H    29.28000   21.42600   20.59900  
H    28.22200   20.98400   19.20300  
O    28.01200   23.77700   19.37500  
C    32.51700   24.05300   28.66400  
H    31.80600   23.68800   29.41000  
H    32.19400   23.94200   27.62600  
H    33.49200   23.57900   28.79900  
S    32.81600   25.78400   29.09000  
C    31.44400   26.31900   28.04300  
H    30.59900   25.77300   28.47100  
H    31.36200   27.38000   28.29400  
H    31.51900   26.25000   26.95500  
O    34.05200   26.07200   28.29600  
C    21.38200   29.91400   22.22000  
H    22.34000   29.42300   22.41000  
H    21.53700   30.98100   22.40100  
H    20.59000   29.49900   22.84900  
S    20.76100   29.47100   20.58200  
C    22.08100   30.36900   19.73800  
H    22.32000   31.26700   20.31500  
H    22.93300   29.68500   19.71500  
H    21.80800   30.68700   18.72800  
O    19.55200   30.34100   20.43000  
C    26.66500   37.16700   25.46800  
H    27.04400   37.42800   26.45900  
H    26.80000   36.08500   25.39100  
H    27.27700   37.63200   24.69200  
S    24.92500   37.65600   25.45200  
C    25.20800   39.44100   25.44000  
H    25.44900   39.72700   24.41300  
H    24.26400   39.89500   25.74900  
H    25.98100   39.77400   26.13700  
O    24.44900   37.32000   26.83100  
C    21.59700   31.25700   26.94600  
H    22.63400   31.21100   27.28600  
H    21.43700   30.87300   25.93500  
H    21.32000   32.29500   27.14700  
S    20.86100   30.10700   28.12900  
C    21.04500   31.20500   29.55300  
H    22.10400   31.47500   29.55700  
H    20.33700   31.99700   29.29900  
H    20.71500   30.63100   30.42300  
O    21.88500   29.01700   28.20100  
C    18.39900   32.72800   25.42900  
H    18.65900   33.75600   25.16200  
H    17.30900   32.64600   25.44100  
H    18.85500   32.54700   26.40600  
S    19.22200   31.61100   24.27100  
C    17.91700   31.61900   23.02100  
H    18.13100   30.85700   22.26700  
H    16.96800   31.52700   23.55700  
H    17.90400   32.61500   22.57200  
O    19.04300   30.25500   24.88000  
C    28.58700   30.74700   34.76600  
H    28.57700   29.83800   35.37400  
H    29.11100   30.64300   33.81200  
H    28.88100   31.54300   35.45400  
S    26.86700   30.94800   34.25300  
C    26.97200   32.75200   34.22300  
H    27.35300   33.24900   35.11900  
H    27.66400   33.08000   33.44400  
H    26.00500   33.15600   33.91300  
O    25.98500   30.73700   35.44400  
C    28.17600   22.84500   25.67200  
H    27.12900   22.73700   25.38000  
H    28.80300   22.02500   25.31400  
H    28.29100   22.75700   26.75600  
S    28.60900   24.51800   25.14400  
C    28.72700   23.88400   23.45600  
H    29.02200   24.70300   22.79400  
H    29.56200   23.17800   23.44000  
H    27.81800   23.34100   23.18500  
O    30.07200   24.57400   25.45500  
C    27.62500   27.41900   30.31900  
H    27.25800   26.51900   30.81800  
H    27.11900   27.48700   29.35300  
H    28.69700   27.22900   30.22000  
S    27.38400   28.99800   31.16400  
C    28.37300   29.98300   30.01700  
H    29.27500   29.41400   29.77700  
H    27.72100   30.15900   29.15800  
H    28.69300   30.92700   30.46500  
O    28.41600   28.89400   32.24300  
C    23.68000   34.71200   31.36500  
H    23.89900   33.64700   31.47300  
H    24.34500   35.37500   31.92500  
H    22.64200   34.94800   31.61400  
S    23.65100   35.13700   29.60800  
C    23.12400   36.86100   29.73000  
H    22.40200   36.96000   30.54500  
H    23.96700   37.53500   29.90500  
H    22.67900   37.14900   28.77400  
O    22.49600   34.32600   29.10900  
$end

$rem
JOBTYPE  SP
METHOD  B3LYP
BASIS  6-31+G(D)
SYMMETRY  FALSE
SYM_IGNORE  TRUE
MEM_TOTAL  16000
MEM_STATIC  8000
MAX_SUB_FILE_NUM  16000
BASIS_LIN_DEP_THRESH  6
THRESH  14
SCF_CONVERGENCE  8
GEN_SCFMAN  FALSE
SCF_GUESS  READ
FD_MAT_VEC_PROD  FALSE
XC_GRID  000075000302
NL_GRID  1
MAX_SCF_CYCLES  200
SKIP_SCFMAN  TRUE
ESP_GRID  0
ESP_EFIELD  1
$end
