$molecule
0 1
--
0 1
C    20.30600   16.69100   28.62600  
C    21.35600   15.64900   29.04500  
C    21.79300   15.88100   30.50100  
C    20.72200   16.24000   31.54400  
C    19.67700   17.25500   31.05200  
C    19.17300   16.89500   29.64400  
H    22.25100   14.95600   30.87000  
H    20.80100   14.70400   29.10600  
H    20.75900   17.65800   28.37700  
H    19.88100   16.31400   27.68700  
H    20.17100   15.38500   31.95500  
H    21.19200   16.67000   32.43700  
H    18.89300   17.33000   31.81500  
H    20.15500   18.23800   30.95800  
H    18.47500   16.05800   29.77000  
H    18.53600   17.75000   29.38700  
H    22.55400   16.66800   30.56700  
N    22.44200   15.61500   28.06800  
H    22.71500   16.48200   27.62100  
C    23.07400   14.48900   27.58400  
H    23.84900   14.72200   26.83200  
O    22.72600   13.36100   27.88700  
--
0 1
C    20.76900   22.20200   28.60600  
H    19.97900   21.71400   28.02800  
H    20.87500   21.70300   29.57200  
H    20.44000   23.22800   28.79000  
S    22.33000   22.27500   27.69900  
C    22.56700   20.48400   27.73400  
H    22.17000   20.05500   28.65700  
H    22.03100   20.09400   26.86500  
H    23.63600   20.28300   27.62600  
O    23.26700   22.89200   28.69000  
C    17.46900   20.73900   24.49700  
H    17.51600   21.56200   23.78000  
H    17.15600   19.87000   23.91200  
H    16.74400   20.93900   25.29100  
S    19.14900   20.51200   25.12100  
C    18.62300   19.41100   26.45500  
H    19.27700   19.47600   27.32700  
H    17.60600   19.57500   26.82100  
H    18.66200   18.41900   25.99800  
O    19.41300   21.86000   25.71500  
C    26.29100   6.80500    28.88100  
H    27.21800   7.38400    28.90700  
H    25.89500   6.87600    29.89700  
H    26.61300   5.78100    28.67500  
S    25.21000   7.24500    27.50100  
C    24.91400   8.85100    28.27500  
H    23.97500   9.21700    27.85300  
H    25.04600   8.95300    29.35600  
H    25.52800   9.60800    27.78000  
O    23.95500   6.51200    27.86000  
C    25.88700   19.06200   32.70400  
H    26.37200   19.30100   33.65400  
H    24.85100   19.40000   32.62400  
H    26.05900   18.03100   32.38300  
S    26.79500   19.86900   31.36700  
C    25.60700   19.49600   30.05700  
H    25.28800   18.46800   30.24700  
H    24.74400   20.15600   30.16900  
H    25.95000   19.63700   29.02900  
O    27.95700   18.98400   31.04000  
C    18.56300   14.00100   35.09900  
H    18.82300   14.90300   34.53900  
H    17.89100   13.48800   34.40600  
H    17.93800   14.31500   35.93900  
S    19.98100   12.93500   35.44000  
C    19.14900   11.41100   35.94000  
H    18.55500   11.01500   35.11200  
H    19.86200   10.59400   36.07600  
H    18.55300   11.56100   36.84400  
O    20.66200   13.40400   36.68800  
C    22.95700   7.94600    32.62300  
H    23.56900   7.76300    31.73600  
H    23.60900   7.95500    33.50100  
H    22.23700   7.13900    32.78100  
S    22.13500   9.55400    32.63600  
C    23.41100   10.83100   32.71600  
H    23.60000   10.97900   33.78300  
H    24.28200   10.44100   32.18300  
H    23.06300   11.68900   32.13700  
O    21.41400   9.57600    33.94800  
C    21.65500   21.80400   34.04900  
H    20.72400   21.60600   34.58600  
H    22.48200   21.46100   34.67600  
H    21.69800   22.86900   33.80800  
S    21.77400   20.92800   32.47200  
C    21.93000   19.33000   33.30000  
H    22.73000   18.79100   32.78600  
H    22.24900   19.41100   34.34200  
H    20.93600   18.87700   33.31600  
O    23.17800   21.02400   31.96200  
C    14.92500   14.82700   34.59900  
H    14.92600   14.65600   35.67900  
H    15.91200   15.10700   34.22200  
H    14.11300   15.46700   34.24500  
S    14.64600   13.21700   33.82800  
C    13.12900   13.02200   34.79100  
H    12.39000   13.67300   34.31700  
H    12.79600   11.98600   34.69100  
H    13.26500   13.20500   35.85900  
O    15.65500   12.28500   34.42400  
C    15.13400   21.04300   28.33600  
H    15.91000   21.00200   27.56700  
H    14.27000   20.40100   28.14600  
H    14.70900   22.04700   28.27300  
S    15.91000   20.75400   29.94200  
C    17.33400   21.85600   29.78300  
H    17.82200   21.62800   28.83200  
H    16.96800   22.88500   29.79400  
H    17.99400   21.63000   30.62500  
O    16.57700   19.41600   29.86700  
C    27.27000   12.23500   22.52000  
H    27.92400   11.39400   22.76500  
H    26.44900   11.86900   21.89800  
H    27.91500   12.92300   21.96700  
S    26.62200   12.98200   24.03200  
C    28.05800   12.46100   24.99800  
H    27.77500   12.61900   26.04200  
H    28.21800   11.38000   25.00100  
H    28.89800   13.09700   24.70600  
O    25.57300   11.95500   24.32800  
C    11.78800   15.81700   29.18800  
H    11.50000   16.33200   28.26800  
H    10.84900   15.58600   29.69700  
H    12.50200   16.33600   29.83200  
S    12.53300   14.34500   28.45100  
C    13.14000   13.84200   30.07700  
H    12.30700   13.57900   30.73500  
H    13.78400   12.96000   30.05600  
H    13.71000   14.64200   30.55700  
O    13.76700   14.89200   27.80300  
C    25.18700   12.91100   30.02000  
H    24.88700   11.96900   30.48700  
H    26.03800   13.33100   30.56300  
H    24.40200   13.67000   29.96400  
S    25.86300   12.56400   28.38100  
C    27.24000   11.61400   29.06400  
H    27.75600   11.07100   28.26800  
H    27.91600   12.32100   29.55200  
H    26.78600   10.88800   29.74400  
O    26.59400   13.80800   27.98200  
C    24.04500   16.32900   33.59900  
H    23.24700   16.82400   34.15900  
H    25.04400   16.36800   34.04000  
H    24.27000   16.75000   32.61600  
S    23.58600   14.58200   33.54900  
C    24.04200   14.32600   35.27900  
H    23.95500   15.28500   35.79500  
H    23.48800   13.48700   35.70900  
H    25.11300   14.10700   35.26300  
O    24.64300   13.95100   32.69900  
C    21.74800   24.76600   30.94200  
H    22.34100   24.88500   31.85300  
H    22.11100   23.80700   30.56300  
H    21.82500   25.62900   30.27600  
S    19.98000   24.56700   31.25500  
C    19.59700   26.21200   31.89900  
H    20.03600   26.93400   31.20700  
H    18.51700   26.28100   32.05400  
H    20.06700   26.29100   32.88300  
O    19.84400   23.76300   32.51100  
C    18.22100   20.12300   33.13300  
H    19.14100   19.54500   33.01200  
H    17.67100   19.94900   32.20400  
H    18.47200   21.17300   33.29900  
S    17.33100   19.43800   34.54900  
C    17.59400   17.72000   34.05300  
H    17.08200   17.05900   34.75700  
H    17.11400   17.55400   33.08500  
H    18.67300   17.54800   34.03000  
O    15.88200   19.71200   34.28900  
C    19.75500   16.29300   37.49400  
H    19.43500   15.25000   37.42300  
H    19.70600   16.54400   38.55700  
H    19.04500   16.90800   36.93600  
S    21.33800   16.38700   36.62800  
C    21.70800   18.09000   37.10500  
H    22.43500   18.34300   36.32900  
H    20.75000   18.56200   36.86800  
H    22.01000   18.13500   38.15400  
O    20.87200   16.64700   35.22900  
C    16.95700   12.84800   27.32000  
H    16.82800   11.77700   27.49600  
H    16.31700   13.18800   26.50100  
H    18.03700   13.00800   27.27400  
S    16.34300   13.82100   28.71300  
C    16.61500   15.38400   27.84800  
H    16.46400   16.20200   28.55700  
H    17.62200   15.38600   27.42300  
H    15.94200   15.52900   26.99900  
O    17.51000   13.56000   29.61400  
C    14.33500   17.96300   32.08100  
H    14.32900   17.62300   31.04200  
H    14.78300   18.94700   32.24200  
H    14.90200   17.15000   32.54400  
S    12.64400   17.92700   32.71700  
C    13.02700   18.26600   34.45000  
H    12.20500   18.05500   35.13900  
H    13.88200   17.62600   34.68100  
H    13.13800   19.35100   34.52400  
O    12.37300   16.45600   32.64800  
C    27.31600   17.24200   35.74900  
H    27.67500   17.75900   34.85600  
H    28.17300   16.88500   36.32400  
H    26.57800   16.48000   35.48300  
S    26.39100   18.36300   36.82300  
C    26.30100   17.18600   38.19100  
H    27.31600   16.90100   38.48000  
H    25.63600   17.67900   38.90500  
H    25.86800   16.20900   37.96000  
O    24.96500   18.38700   36.36600  
C    21.37500   16.45500   24.90300  
H    21.38000   15.78400   25.76600  
H    20.58800   17.20900   24.98700  
H    21.36400   15.92900   23.94500  
S    22.93700   17.35300   25.03100  
C    23.99500   16.05700   24.34800  
H    25.02900   16.41100   24.33100  
H    23.75000   15.08600   24.78500  
H    23.78800   16.11200   23.27600  
O    23.34800   17.67200   26.43400  
C    27.31800   21.32200   25.04200  
H    27.24800   20.72200   25.95300  
H    28.35000   21.66300   24.93000  
H    26.50700   22.04700   24.93600  
S    27.23200   20.17100   23.65200  
C    26.84800   21.40600   22.39100  
H    27.60900   22.18800   22.45400  
H    26.75500   20.88100   21.43600  
H    25.95800   21.93800   22.73700  
O    25.93100   19.46600   23.88100  
C    27.68500   16.84100   28.69300  
H    28.36300   17.08700   29.51400  
H    26.65600   16.70900   29.03800  
H    27.95800   15.88600   28.23600  
S    27.68500   18.01100   27.31600  
C    26.52500   16.98900   26.38000  
H    26.20100   17.48800   25.46300  
H    26.93200   15.99300   26.19000  
H    25.67800   16.80600   27.04600  
O    29.02100   18.04000   26.64200  
C    20.25300   11.52800   28.47400  
H    21.26700   11.31300   28.81800  
H    20.18900   10.87400   27.60000  
H    20.08700   12.59400   28.30000  
S    19.23400   10.90400   29.83000  
C    19.82100   12.17200   30.97600  
H    19.41300   13.16300   30.76100  
H    19.53000   11.82100   31.96900  
H    20.91400   12.16300   31.01000  
O    20.03300   9.70800    30.24700  
C    22.26900   11.57500   23.89500  
H    22.07100   10.97500   23.00300  
H    21.52000   12.34800   24.08700  
H    23.23700   12.08200   23.87600  
S    22.13300   10.51500   25.35100  
C    23.35800   9.29300    24.83000  
H    23.42100   8.48000    25.55700  
H    23.06200   8.92600    23.84300  
H    24.30100   9.84200    24.76600  
O    20.79100   9.86000    25.23600  
C    16.23800   17.25200   22.13300  
H    15.58600   16.59000   21.55700  
H    15.83400   17.65400   23.06600  
H    16.58000   18.14900   21.61100  
S    17.74200   16.35100   22.57000  
C    16.93200   15.07700   23.56400  
H    17.73000   14.38800   23.85200  
H    16.57400   15.65700   24.41800  
H    16.11200   14.64500   22.98400  
O    18.44300   17.20000   23.58400  
$end

$rem
JOBTYPE  SP
METHOD  B3LYP
BASIS  6-31+G(D)
SYMMETRY  FALSE
SYM_IGNORE  TRUE
MEM_TOTAL  16000
MEM_STATIC  8000
MAX_SUB_FILE_NUM  16000
BASIS_LIN_DEP_THRESH  6
THRESH  14
SCF_CONVERGENCE  8
GEN_SCFMAN  TRUE
SCF_GUESS  SAD
FD_MAT_VEC_PROD  FALSE
XC_GRID  000075000302
NL_GRID  1
MAX_SCF_CYCLES  200
ENV_METHOD  B3LYP
GEN_SCFMAN_EMBED  TRUE
SPADE_PARTITION  TRUE
$end

$development
embedding_early_stop  1
$end

@@@

$molecule
0 1
@C    20.30600   16.69100   28.62600  
@C    21.35600   15.64900   29.04500  
@C    21.79300   15.88100   30.50100  
@C    20.72200   16.24000   31.54400  
@C    19.67700   17.25500   31.05200  
@C    19.17300   16.89500   29.64400  
@H    22.25100   14.95600   30.87000  
@H    20.80100   14.70400   29.10600  
@H    20.75900   17.65800   28.37700  
@H    19.88100   16.31400   27.68700  
@H    20.17100   15.38500   31.95500  
@H    21.19200   16.67000   32.43700  
@H    18.89300   17.33000   31.81500  
@H    20.15500   18.23800   30.95800  
@H    18.47500   16.05800   29.77000  
@H    18.53600   17.75000   29.38700  
@H    22.55400   16.66800   30.56700  
@N    22.44200   15.61500   28.06800  
@H    22.71500   16.48200   27.62100  
@C    23.07400   14.48900   27.58400  
@H    23.84900   14.72200   26.83200  
@O    22.72600   13.36100   27.88700  
C    20.76900   22.20200   28.60600  
H    19.97900   21.71400   28.02800  
H    20.87500   21.70300   29.57200  
H    20.44000   23.22800   28.79000  
S    22.33000   22.27500   27.69900  
C    22.56700   20.48400   27.73400  
H    22.17000   20.05500   28.65700  
H    22.03100   20.09400   26.86500  
H    23.63600   20.28300   27.62600  
O    23.26700   22.89200   28.69000  
C    17.46900   20.73900   24.49700  
H    17.51600   21.56200   23.78000  
H    17.15600   19.87000   23.91200  
H    16.74400   20.93900   25.29100  
S    19.14900   20.51200   25.12100  
C    18.62300   19.41100   26.45500  
H    19.27700   19.47600   27.32700  
H    17.60600   19.57500   26.82100  
H    18.66200   18.41900   25.99800  
O    19.41300   21.86000   25.71500  
C    26.29100   6.80500    28.88100  
H    27.21800   7.38400    28.90700  
H    25.89500   6.87600    29.89700  
H    26.61300   5.78100    28.67500  
S    25.21000   7.24500    27.50100  
C    24.91400   8.85100    28.27500  
H    23.97500   9.21700    27.85300  
H    25.04600   8.95300    29.35600  
H    25.52800   9.60800    27.78000  
O    23.95500   6.51200    27.86000  
C    25.88700   19.06200   32.70400  
H    26.37200   19.30100   33.65400  
H    24.85100   19.40000   32.62400  
H    26.05900   18.03100   32.38300  
S    26.79500   19.86900   31.36700  
C    25.60700   19.49600   30.05700  
H    25.28800   18.46800   30.24700  
H    24.74400   20.15600   30.16900  
H    25.95000   19.63700   29.02900  
O    27.95700   18.98400   31.04000  
C    18.56300   14.00100   35.09900  
H    18.82300   14.90300   34.53900  
H    17.89100   13.48800   34.40600  
H    17.93800   14.31500   35.93900  
S    19.98100   12.93500   35.44000  
C    19.14900   11.41100   35.94000  
H    18.55500   11.01500   35.11200  
H    19.86200   10.59400   36.07600  
H    18.55300   11.56100   36.84400  
O    20.66200   13.40400   36.68800  
C    22.95700   7.94600    32.62300  
H    23.56900   7.76300    31.73600  
H    23.60900   7.95500    33.50100  
H    22.23700   7.13900    32.78100  
S    22.13500   9.55400    32.63600  
C    23.41100   10.83100   32.71600  
H    23.60000   10.97900   33.78300  
H    24.28200   10.44100   32.18300  
H    23.06300   11.68900   32.13700  
O    21.41400   9.57600    33.94800  
C    21.65500   21.80400   34.04900  
H    20.72400   21.60600   34.58600  
H    22.48200   21.46100   34.67600  
H    21.69800   22.86900   33.80800  
S    21.77400   20.92800   32.47200  
C    21.93000   19.33000   33.30000  
H    22.73000   18.79100   32.78600  
H    22.24900   19.41100   34.34200  
H    20.93600   18.87700   33.31600  
O    23.17800   21.02400   31.96200  
C    14.92500   14.82700   34.59900  
H    14.92600   14.65600   35.67900  
H    15.91200   15.10700   34.22200  
H    14.11300   15.46700   34.24500  
S    14.64600   13.21700   33.82800  
C    13.12900   13.02200   34.79100  
H    12.39000   13.67300   34.31700  
H    12.79600   11.98600   34.69100  
H    13.26500   13.20500   35.85900  
O    15.65500   12.28500   34.42400  
C    15.13400   21.04300   28.33600  
H    15.91000   21.00200   27.56700  
H    14.27000   20.40100   28.14600  
H    14.70900   22.04700   28.27300  
S    15.91000   20.75400   29.94200  
C    17.33400   21.85600   29.78300  
H    17.82200   21.62800   28.83200  
H    16.96800   22.88500   29.79400  
H    17.99400   21.63000   30.62500  
O    16.57700   19.41600   29.86700  
C    27.27000   12.23500   22.52000  
H    27.92400   11.39400   22.76500  
H    26.44900   11.86900   21.89800  
H    27.91500   12.92300   21.96700  
S    26.62200   12.98200   24.03200  
C    28.05800   12.46100   24.99800  
H    27.77500   12.61900   26.04200  
H    28.21800   11.38000   25.00100  
H    28.89800   13.09700   24.70600  
O    25.57300   11.95500   24.32800  
C    11.78800   15.81700   29.18800  
H    11.50000   16.33200   28.26800  
H    10.84900   15.58600   29.69700  
H    12.50200   16.33600   29.83200  
S    12.53300   14.34500   28.45100  
C    13.14000   13.84200   30.07700  
H    12.30700   13.57900   30.73500  
H    13.78400   12.96000   30.05600  
H    13.71000   14.64200   30.55700  
O    13.76700   14.89200   27.80300  
C    25.18700   12.91100   30.02000  
H    24.88700   11.96900   30.48700  
H    26.03800   13.33100   30.56300  
H    24.40200   13.67000   29.96400  
S    25.86300   12.56400   28.38100  
C    27.24000   11.61400   29.06400  
H    27.75600   11.07100   28.26800  
H    27.91600   12.32100   29.55200  
H    26.78600   10.88800   29.74400  
O    26.59400   13.80800   27.98200  
C    24.04500   16.32900   33.59900  
H    23.24700   16.82400   34.15900  
H    25.04400   16.36800   34.04000  
H    24.27000   16.75000   32.61600  
S    23.58600   14.58200   33.54900  
C    24.04200   14.32600   35.27900  
H    23.95500   15.28500   35.79500  
H    23.48800   13.48700   35.70900  
H    25.11300   14.10700   35.26300  
O    24.64300   13.95100   32.69900  
C    21.74800   24.76600   30.94200  
H    22.34100   24.88500   31.85300  
H    22.11100   23.80700   30.56300  
H    21.82500   25.62900   30.27600  
S    19.98000   24.56700   31.25500  
C    19.59700   26.21200   31.89900  
H    20.03600   26.93400   31.20700  
H    18.51700   26.28100   32.05400  
H    20.06700   26.29100   32.88300  
O    19.84400   23.76300   32.51100  
C    18.22100   20.12300   33.13300  
H    19.14100   19.54500   33.01200  
H    17.67100   19.94900   32.20400  
H    18.47200   21.17300   33.29900  
S    17.33100   19.43800   34.54900  
C    17.59400   17.72000   34.05300  
H    17.08200   17.05900   34.75700  
H    17.11400   17.55400   33.08500  
H    18.67300   17.54800   34.03000  
O    15.88200   19.71200   34.28900  
C    19.75500   16.29300   37.49400  
H    19.43500   15.25000   37.42300  
H    19.70600   16.54400   38.55700  
H    19.04500   16.90800   36.93600  
S    21.33800   16.38700   36.62800  
C    21.70800   18.09000   37.10500  
H    22.43500   18.34300   36.32900  
H    20.75000   18.56200   36.86800  
H    22.01000   18.13500   38.15400  
O    20.87200   16.64700   35.22900  
C    16.95700   12.84800   27.32000  
H    16.82800   11.77700   27.49600  
H    16.31700   13.18800   26.50100  
H    18.03700   13.00800   27.27400  
S    16.34300   13.82100   28.71300  
C    16.61500   15.38400   27.84800  
H    16.46400   16.20200   28.55700  
H    17.62200   15.38600   27.42300  
H    15.94200   15.52900   26.99900  
O    17.51000   13.56000   29.61400  
C    14.33500   17.96300   32.08100  
H    14.32900   17.62300   31.04200  
H    14.78300   18.94700   32.24200  
H    14.90200   17.15000   32.54400  
S    12.64400   17.92700   32.71700  
C    13.02700   18.26600   34.45000  
H    12.20500   18.05500   35.13900  
H    13.88200   17.62600   34.68100  
H    13.13800   19.35100   34.52400  
O    12.37300   16.45600   32.64800  
C    27.31600   17.24200   35.74900  
H    27.67500   17.75900   34.85600  
H    28.17300   16.88500   36.32400  
H    26.57800   16.48000   35.48300  
S    26.39100   18.36300   36.82300  
C    26.30100   17.18600   38.19100  
H    27.31600   16.90100   38.48000  
H    25.63600   17.67900   38.90500  
H    25.86800   16.20900   37.96000  
O    24.96500   18.38700   36.36600  
C    21.37500   16.45500   24.90300  
H    21.38000   15.78400   25.76600  
H    20.58800   17.20900   24.98700  
H    21.36400   15.92900   23.94500  
S    22.93700   17.35300   25.03100  
C    23.99500   16.05700   24.34800  
H    25.02900   16.41100   24.33100  
H    23.75000   15.08600   24.78500  
H    23.78800   16.11200   23.27600  
O    23.34800   17.67200   26.43400  
C    27.31800   21.32200   25.04200  
H    27.24800   20.72200   25.95300  
H    28.35000   21.66300   24.93000  
H    26.50700   22.04700   24.93600  
S    27.23200   20.17100   23.65200  
C    26.84800   21.40600   22.39100  
H    27.60900   22.18800   22.45400  
H    26.75500   20.88100   21.43600  
H    25.95800   21.93800   22.73700  
O    25.93100   19.46600   23.88100  
C    27.68500   16.84100   28.69300  
H    28.36300   17.08700   29.51400  
H    26.65600   16.70900   29.03800  
H    27.95800   15.88600   28.23600  
S    27.68500   18.01100   27.31600  
C    26.52500   16.98900   26.38000  
H    26.20100   17.48800   25.46300  
H    26.93200   15.99300   26.19000  
H    25.67800   16.80600   27.04600  
O    29.02100   18.04000   26.64200  
C    20.25300   11.52800   28.47400  
H    21.26700   11.31300   28.81800  
H    20.18900   10.87400   27.60000  
H    20.08700   12.59400   28.30000  
S    19.23400   10.90400   29.83000  
C    19.82100   12.17200   30.97600  
H    19.41300   13.16300   30.76100  
H    19.53000   11.82100   31.96900  
H    20.91400   12.16300   31.01000  
O    20.03300   9.70800    30.24700  
C    22.26900   11.57500   23.89500  
H    22.07100   10.97500   23.00300  
H    21.52000   12.34800   24.08700  
H    23.23700   12.08200   23.87600  
S    22.13300   10.51500   25.35100  
C    23.35800   9.29300    24.83000  
H    23.42100   8.48000    25.55700  
H    23.06200   8.92600    23.84300  
H    24.30100   9.84200    24.76600  
O    20.79100   9.86000    25.23600  
C    16.23800   17.25200   22.13300  
H    15.58600   16.59000   21.55700  
H    15.83400   17.65400   23.06600  
H    16.58000   18.14900   21.61100  
S    17.74200   16.35100   22.57000  
C    16.93200   15.07700   23.56400  
H    17.73000   14.38800   23.85200  
H    16.57400   15.65700   24.41800  
H    16.11200   14.64500   22.98400  
O    18.44300   17.20000   23.58400  
$end

$rem
JOBTYPE  SP
METHOD  B3LYP
BASIS  6-31+G(D)
SYMMETRY  FALSE
SYM_IGNORE  TRUE
MEM_TOTAL  16000
MEM_STATIC  8000
MAX_SUB_FILE_NUM  16000
BASIS_LIN_DEP_THRESH  6
THRESH  14
SCF_CONVERGENCE  8
GEN_SCFMAN  FALSE
SCF_GUESS  READ
FD_MAT_VEC_PROD  FALSE
XC_GRID  000075000302
NL_GRID  1
MAX_SCF_CYCLES  200
SKIP_SCFMAN  TRUE
ESP_GRID  0
ESP_EFIELD  1
$end
