$molecule
0 1
--
0 1
C    24.78200   18.02900   26.00800  
C    25.25800   16.63600   25.56200  
C    26.65400   16.32100   26.12600  
C    26.67300   16.46500   27.65700  
C    26.22000   17.89300   28.00400  
C    24.81100   18.27600   27.52500  
H    26.94700   15.27400   25.98300  
H    24.51400   15.91500   25.92100  
H    25.42500   18.78300   25.53800  
H    23.77300   18.20800   25.61800  
H    25.96400   15.80200   28.16700  
H    27.66500   16.18300   28.03000  
H    26.31200   17.90500   29.09700  
H    26.93400   18.67500   27.71900  
H    24.12500   17.54200   27.96600  
H    24.61700   19.30600   27.84800  
H    27.49100   16.88700   25.70000  
N    25.29300   16.72000   24.10300  
H    25.66900   17.57800   23.71900  
C    25.48200   15.57800   23.35300  
H    26.05000   15.75200   22.42100  
O    25.12700   14.46700   23.70500  
--
0 1
C    19.83100   23.03500   31.84600  
H    19.03500   23.56100   32.38000  
H    20.73800   23.00200   32.45500  
H    20.02600   23.60000   30.93100  
S    19.08100   21.48500   31.29800  
C    20.48700   20.97500   30.28400  
H    20.72300   21.81400   29.62500  
H    21.31000   20.64500   30.92300  
H    20.10500   20.17100   29.65000  
O    18.16900   21.91800   30.19300  
C    19.28800   20.13500   21.25900  
H    20.26700   19.65500   21.32700  
H    18.51300   19.49800   21.69300  
H    18.98700   20.58400   20.30900  
S    19.61100   21.50000   22.39900  
C    20.18000   22.60400   21.08700  
H    21.07300   22.20100   20.60200  
H    19.42100   22.73900   20.31300  
H    20.39700   23.55200   21.58700  
O    20.82000   21.26800   23.25100  
C    29.03400   19.10100   29.65000  
H    29.31500   19.81200   30.43100  
H    29.15100   19.55800   28.66400  
H    28.00100   18.76400   29.77100  
S    30.18600   17.70900   29.60800  
C    30.22100   17.36300   31.38100  
H    31.25500   17.08600   31.60100  
H    30.09900   18.26800   31.98200  
H    29.61100   16.49100   31.63100  
O    31.53100   18.28700   29.29500  
C    23.29300   10.70900   17.49700  
H    23.49500   10.00600   18.30900  
H    22.32500   11.16600   17.72100  
H    23.28900   10.10000   16.59000  
S    24.59900   11.94500   17.32000  
C    24.02800   12.35700   15.65600  
H    24.22200   11.63200   14.86100  
H    22.96300   12.49400   15.86000  
H    24.37200   13.34200   15.32900  
O    25.90200   11.24000   17.10400  
C    29.03700   10.79100   27.01000  
H    29.70100   10.40600   26.23200  
H    29.45800   11.37300   27.83400  
H    28.61400   9.85100    27.37400  
S    27.88700   11.73000   25.98000  
C    27.08300   10.29300   25.23700  
H    26.94200   9.62400    26.09100  
H    26.18000   10.71000   24.78500  
H    27.69000   9.89700    24.41900  
O    28.78300   12.39200   24.97900  
C    27.25600   22.77200   28.73700  
H    26.78900   23.69400   28.38200  
H    27.68700   22.21700   27.90000  
H    26.45700   22.18900   29.20100  
S    28.32500   23.34200   30.07800  
C    29.24500   24.53500   29.07900  
H    30.12600   24.87700   29.62800  
H    29.55500   24.07300   28.13800  
H    28.59800   25.38200   28.83600  
O    29.33500   22.25500   30.27400  
C    21.32800   17.52200   32.17000  
H    20.31400   17.13900   32.31200  
H    21.34600   18.60300   32.32600  
H    21.68300   17.31700   31.15700  
S    22.56400   16.78300   33.26100  
C    22.61100   15.10000   32.60400  
H    23.06000   15.11300   31.60800  
H    23.15800   14.42300   33.26600  
H    21.61800   14.64300   32.61900  
O    21.76700   16.71600   34.52600  
C    29.07600   14.17700   20.45500  
H    28.01500   14.38000   20.62100  
H    29.67700   15.01700   20.09700  
H    29.14400   13.30000   19.80600  
S    29.77100   13.69200   22.05100  
C    29.04800   14.93300   23.14800  
H    29.21600   14.58300   24.16900  
H    29.52700   15.91200   23.06500  
H    27.98300   14.87400   22.90800  
O    31.20800   14.07600   21.88800  
C    27.94300   22.30200   33.73700  
H    28.67100   22.06700   34.51800  
H    28.34400   23.21400   33.28700  
H    26.95400   22.48000   34.16800  
S    27.89400   20.85100   32.66100  
C    26.14300   20.98200   32.23300  
H    25.82100   21.91700   31.76700  
H    25.85800   20.09200   31.66600  
H    25.71900   21.02700   33.23900  
O    27.74200   19.76600   33.68200  
C    33.48100   21.44700   26.80400  
H    32.64400   21.04100   26.23000  
H    33.21200   22.50600   26.83300  
H    34.45100   21.20700   26.36100  
S    33.43700   20.99000   28.55200  
C    31.70800   21.44600   28.81300  
H    30.99000   20.96200   28.14600  
H    31.39900   21.12900   29.81200  
H    31.59700   22.53300   28.85100  
O    34.12800   22.21700   29.05800  
C    31.26000   14.20600   29.89700  
H    31.40500   15.27900   29.74300  
H    31.33000   13.88500   30.93900  
H    31.97400   13.62000   29.31200  
S    29.59100   13.88800   29.28100  
C    29.92000   14.45900   27.59900  
H    29.06900   14.28000   26.93800  
H    30.09600   15.53000   27.73300  
H    30.77500   13.86900   27.25900  
O    28.71900   14.95700   29.86200  
C    23.80300   16.06600   19.42000  
H    24.21300   16.48100   20.34500  
H    24.36100   16.57600   18.63100  
H    22.71800   16.18400   19.35600  
S    24.27300   14.32700   19.56500  
C    23.15400   13.84400   20.90000  
H    22.94300   12.77400   20.96400  
H    23.63200   14.13200   21.84000  
H    22.23000   14.40200   20.72800  
O    25.58000   14.33700   20.29400  
C    23.30900   26.97000   29.33100  
H    23.84000   27.63900   30.01300  
H    23.57200   26.97600   28.27000  
H    22.25900   27.17800   29.55100  
S    23.59900   25.30700   29.97600  
C    23.12000   25.70700   31.67200  
H    23.49900   24.89700   32.30100  
H    23.66200   26.60700   31.97500  
H    22.04800   25.90700   31.60600  
O    25.09600   25.27500   30.01200  
C    24.58100   21.31500   21.96300  
H    24.31000   21.33500   23.02100  
H    25.41500   21.96800   21.69200  
H    23.66900   21.56900   21.41600  
S    24.98400   19.60100   21.55700  
C    23.48900   18.88900   22.28000  
H    22.72600   19.58400   21.92100  
H    23.36900   17.84800   21.96900  
H    23.50100   18.89600   23.37300  
O    26.13500   19.26600   22.45300  
C    21.98400   23.19200   26.10900  
H    21.14000   23.62100   26.65600  
H    22.38300   23.98600   25.47200  
H    21.70600   22.29800   25.54500  
S    23.39200   22.66600   27.11300  
C    24.35500   21.90200   25.78900  
H    25.12000   21.22300   26.17400  
H    23.69300   21.22600   25.24200  
H    24.82900   22.65000   25.14800  
O    23.02100   21.44200   27.89200  
C    20.22100   16.05300   28.94800  
H    20.79800   16.30500   29.84100  
H    19.47100   16.81900   28.73300  
H    19.63800   15.14200   29.11100  
S    21.40000   15.80400   27.60100  
C    20.20100   14.92800   26.57100  
H    19.30100   15.54500   26.50300  
H    20.52900   14.85100   25.53100  
H    20.00100   13.98400   27.08400  
O    22.36700   14.81400   28.16900  
C    22.48700   9.20700    21.14000  
H    22.75000   9.04100    20.09200  
H    23.32400   9.66200    21.67700  
H    22.20200   8.26800    21.62000  
S    21.01100   10.24800   21.17300  
C    19.99200   8.91300    20.50500  
H    19.84600   8.17300    21.29600  
H    19.05300   9.39700    20.22800  
H    20.48600   8.49900    19.62200  
O    21.15800   11.03100   19.90500  
C    27.19200   17.56200   18.88000  
H    26.56100   17.52200   17.98800  
H    27.75400   16.65300   19.11100  
H    26.56800   17.76800   19.75300  
S    28.29200   18.95300   18.53800  
C    28.97700   18.94900   20.21000  
H    29.67400   18.11200   20.30200  
H    29.55200   19.85000   20.44100  
H    28.14800   18.86300   20.91600  
O    27.43300   20.17600   18.62300  
C    26.47700   16.54900   32.08300  
H    26.72300   15.89800   31.23900  
H    25.50300   17.01900   31.92900  
H    27.27700   17.25300   32.32600  
S    26.37200   15.69500   33.67200  
C    28.13600   15.38600   33.91100  
H    28.54300   14.96200   32.99000  
H    28.73200   16.29200   34.05000  
H    28.15900   14.76700   34.81200  
O    25.86800   14.30500   33.43700  
C    29.03400   18.49400   24.14300  
H    29.34100   19.12900   23.30900  
H    29.86800   17.86200   24.46100  
H    28.22900   17.85300   23.77300  
S    28.46700   19.51200   25.52400  
C    28.15500   20.97400   24.50800  
H    27.93400   21.86800   25.09700  
H    29.02900   21.20600   23.89400  
H    27.28300   20.70400   23.90800  
O    29.74800   19.85800   26.21700  
C    25.25700   13.46300   30.27500  
H    26.09600   14.06000   29.90800  
H    24.32100   13.59200   29.72700  
H    24.96200   13.65000   31.31100  
S    25.80700   11.75400   30.07400  
C    26.87200   11.79600   31.53400  
H    27.45100   10.89200   31.74300  
H    27.57300   12.58600   31.25600  
H    26.30500   12.23300   32.36000  
O    26.62100   11.69600   28.81900  
C    24.45100   20.01200   17.71800  
H    24.40400   20.89500   18.36100  
H    25.11200   19.20400   18.04300  
H    24.52300   20.16100   16.63800  
S    22.74100   19.45800   17.89900  
C    22.07100   21.02000   17.28600  
H    22.65300   21.80300   17.78000  
H    22.11300   21.09200   16.19600  
H    21.04600   21.21500   17.61200  
O    22.63100   19.43100   19.39200  
C    23.46200   11.78500   26.89600  
H    23.29300   12.78500   27.30300  
H    22.53500   11.20700   26.93400  
H    24.32500   11.32800   27.38700  
S    23.92200   11.76000   25.14900  
C    22.60600   12.87000   24.60200  
H    21.63900   12.41500   24.83000  
H    22.75100   13.81100   25.13900  
H    22.54600   12.94000   23.51200  
O    23.57800   10.39000   24.65400  
C    26.37900   10.98500   22.10100  
H    26.88900   11.83800   22.55500  
H    25.31200   10.95000   22.33500  
H    26.91100   10.09200   22.43900  
S    26.61500   11.16700   20.31800  
C    26.11400   9.48400    19.89000  
H    25.04700   9.26000    19.81400  
H    26.52100   9.21100    18.91300  
H    26.53000   8.78000    20.61600  
O    28.10100   11.21900   20.14200  
C    20.85400   18.95500   26.08000  
H    20.46900   19.96800   25.93900  
H    20.21300   18.29300   26.66800  
H    21.86800   19.09400   26.46300  
S    20.90000   18.28600   24.40200  
C    19.15700   17.80600   24.40400  
H    18.59300   18.73500   24.52300  
H    18.98600   17.25800   23.47400  
H    18.97300   17.10600   25.22300  
O    21.60100   16.96800   24.50500  
$end

$rem
JOBTYPE  SP
METHOD  B3LYP
BASIS  6-31+G(D)
SYMMETRY  FALSE
SYM_IGNORE  TRUE
MEM_TOTAL  16000
MEM_STATIC  8000
MAX_SUB_FILE_NUM  16000
BASIS_LIN_DEP_THRESH  6
THRESH  14
SCF_CONVERGENCE  8
GEN_SCFMAN  TRUE
SCF_GUESS  SAD
FD_MAT_VEC_PROD  FALSE
XC_GRID  000075000302
NL_GRID  1
MAX_SCF_CYCLES  200
ENV_METHOD  B3LYP
GEN_SCFMAN_EMBED  TRUE
SPADE_PARTITION  TRUE
$end

$development
embedding_early_stop  1
$end

@@@

$molecule
0 1
@C    24.78200   18.02900   26.00800  
@C    25.25800   16.63600   25.56200  
@C    26.65400   16.32100   26.12600  
@C    26.67300   16.46500   27.65700  
@C    26.22000   17.89300   28.00400  
@C    24.81100   18.27600   27.52500  
@H    26.94700   15.27400   25.98300  
@H    24.51400   15.91500   25.92100  
@H    25.42500   18.78300   25.53800  
@H    23.77300   18.20800   25.61800  
@H    25.96400   15.80200   28.16700  
@H    27.66500   16.18300   28.03000  
@H    26.31200   17.90500   29.09700  
@H    26.93400   18.67500   27.71900  
@H    24.12500   17.54200   27.96600  
@H    24.61700   19.30600   27.84800  
@H    27.49100   16.88700   25.70000  
@N    25.29300   16.72000   24.10300  
@H    25.66900   17.57800   23.71900  
@C    25.48200   15.57800   23.35300  
@H    26.05000   15.75200   22.42100  
@O    25.12700   14.46700   23.70500  
C    19.83100   23.03500   31.84600  
H    19.03500   23.56100   32.38000  
H    20.73800   23.00200   32.45500  
H    20.02600   23.60000   30.93100  
S    19.08100   21.48500   31.29800  
C    20.48700   20.97500   30.28400  
H    20.72300   21.81400   29.62500  
H    21.31000   20.64500   30.92300  
H    20.10500   20.17100   29.65000  
O    18.16900   21.91800   30.19300  
C    19.28800   20.13500   21.25900  
H    20.26700   19.65500   21.32700  
H    18.51300   19.49800   21.69300  
H    18.98700   20.58400   20.30900  
S    19.61100   21.50000   22.39900  
C    20.18000   22.60400   21.08700  
H    21.07300   22.20100   20.60200  
H    19.42100   22.73900   20.31300  
H    20.39700   23.55200   21.58700  
O    20.82000   21.26800   23.25100  
C    29.03400   19.10100   29.65000  
H    29.31500   19.81200   30.43100  
H    29.15100   19.55800   28.66400  
H    28.00100   18.76400   29.77100  
S    30.18600   17.70900   29.60800  
C    30.22100   17.36300   31.38100  
H    31.25500   17.08600   31.60100  
H    30.09900   18.26800   31.98200  
H    29.61100   16.49100   31.63100  
O    31.53100   18.28700   29.29500  
C    23.29300   10.70900   17.49700  
H    23.49500   10.00600   18.30900  
H    22.32500   11.16600   17.72100  
H    23.28900   10.10000   16.59000  
S    24.59900   11.94500   17.32000  
C    24.02800   12.35700   15.65600  
H    24.22200   11.63200   14.86100  
H    22.96300   12.49400   15.86000  
H    24.37200   13.34200   15.32900  
O    25.90200   11.24000   17.10400  
C    29.03700   10.79100   27.01000  
H    29.70100   10.40600   26.23200  
H    29.45800   11.37300   27.83400  
H    28.61400   9.85100    27.37400  
S    27.88700   11.73000   25.98000  
C    27.08300   10.29300   25.23700  
H    26.94200   9.62400    26.09100  
H    26.18000   10.71000   24.78500  
H    27.69000   9.89700    24.41900  
O    28.78300   12.39200   24.97900  
C    27.25600   22.77200   28.73700  
H    26.78900   23.69400   28.38200  
H    27.68700   22.21700   27.90000  
H    26.45700   22.18900   29.20100  
S    28.32500   23.34200   30.07800  
C    29.24500   24.53500   29.07900  
H    30.12600   24.87700   29.62800  
H    29.55500   24.07300   28.13800  
H    28.59800   25.38200   28.83600  
O    29.33500   22.25500   30.27400  
C    21.32800   17.52200   32.17000  
H    20.31400   17.13900   32.31200  
H    21.34600   18.60300   32.32600  
H    21.68300   17.31700   31.15700  
S    22.56400   16.78300   33.26100  
C    22.61100   15.10000   32.60400  
H    23.06000   15.11300   31.60800  
H    23.15800   14.42300   33.26600  
H    21.61800   14.64300   32.61900  
O    21.76700   16.71600   34.52600  
C    29.07600   14.17700   20.45500  
H    28.01500   14.38000   20.62100  
H    29.67700   15.01700   20.09700  
H    29.14400   13.30000   19.80600  
S    29.77100   13.69200   22.05100  
C    29.04800   14.93300   23.14800  
H    29.21600   14.58300   24.16900  
H    29.52700   15.91200   23.06500  
H    27.98300   14.87400   22.90800  
O    31.20800   14.07600   21.88800  
C    27.94300   22.30200   33.73700  
H    28.67100   22.06700   34.51800  
H    28.34400   23.21400   33.28700  
H    26.95400   22.48000   34.16800  
S    27.89400   20.85100   32.66100  
C    26.14300   20.98200   32.23300  
H    25.82100   21.91700   31.76700  
H    25.85800   20.09200   31.66600  
H    25.71900   21.02700   33.23900  
O    27.74200   19.76600   33.68200  
C    33.48100   21.44700   26.80400  
H    32.64400   21.04100   26.23000  
H    33.21200   22.50600   26.83300  
H    34.45100   21.20700   26.36100  
S    33.43700   20.99000   28.55200  
C    31.70800   21.44600   28.81300  
H    30.99000   20.96200   28.14600  
H    31.39900   21.12900   29.81200  
H    31.59700   22.53300   28.85100  
O    34.12800   22.21700   29.05800  
C    31.26000   14.20600   29.89700  
H    31.40500   15.27900   29.74300  
H    31.33000   13.88500   30.93900  
H    31.97400   13.62000   29.31200  
S    29.59100   13.88800   29.28100  
C    29.92000   14.45900   27.59900  
H    29.06900   14.28000   26.93800  
H    30.09600   15.53000   27.73300  
H    30.77500   13.86900   27.25900  
O    28.71900   14.95700   29.86200  
C    23.80300   16.06600   19.42000  
H    24.21300   16.48100   20.34500  
H    24.36100   16.57600   18.63100  
H    22.71800   16.18400   19.35600  
S    24.27300   14.32700   19.56500  
C    23.15400   13.84400   20.90000  
H    22.94300   12.77400   20.96400  
H    23.63200   14.13200   21.84000  
H    22.23000   14.40200   20.72800  
O    25.58000   14.33700   20.29400  
C    23.30900   26.97000   29.33100  
H    23.84000   27.63900   30.01300  
H    23.57200   26.97600   28.27000  
H    22.25900   27.17800   29.55100  
S    23.59900   25.30700   29.97600  
C    23.12000   25.70700   31.67200  
H    23.49900   24.89700   32.30100  
H    23.66200   26.60700   31.97500  
H    22.04800   25.90700   31.60600  
O    25.09600   25.27500   30.01200  
C    24.58100   21.31500   21.96300  
H    24.31000   21.33500   23.02100  
H    25.41500   21.96800   21.69200  
H    23.66900   21.56900   21.41600  
S    24.98400   19.60100   21.55700  
C    23.48900   18.88900   22.28000  
H    22.72600   19.58400   21.92100  
H    23.36900   17.84800   21.96900  
H    23.50100   18.89600   23.37300  
O    26.13500   19.26600   22.45300  
C    21.98400   23.19200   26.10900  
H    21.14000   23.62100   26.65600  
H    22.38300   23.98600   25.47200  
H    21.70600   22.29800   25.54500  
S    23.39200   22.66600   27.11300  
C    24.35500   21.90200   25.78900  
H    25.12000   21.22300   26.17400  
H    23.69300   21.22600   25.24200  
H    24.82900   22.65000   25.14800  
O    23.02100   21.44200   27.89200  
C    20.22100   16.05300   28.94800  
H    20.79800   16.30500   29.84100  
H    19.47100   16.81900   28.73300  
H    19.63800   15.14200   29.11100  
S    21.40000   15.80400   27.60100  
C    20.20100   14.92800   26.57100  
H    19.30100   15.54500   26.50300  
H    20.52900   14.85100   25.53100  
H    20.00100   13.98400   27.08400  
O    22.36700   14.81400   28.16900  
C    22.48700   9.20700    21.14000  
H    22.75000   9.04100    20.09200  
H    23.32400   9.66200    21.67700  
H    22.20200   8.26800    21.62000  
S    21.01100   10.24800   21.17300  
C    19.99200   8.91300    20.50500  
H    19.84600   8.17300    21.29600  
H    19.05300   9.39700    20.22800  
H    20.48600   8.49900    19.62200  
O    21.15800   11.03100   19.90500  
C    27.19200   17.56200   18.88000  
H    26.56100   17.52200   17.98800  
H    27.75400   16.65300   19.11100  
H    26.56800   17.76800   19.75300  
S    28.29200   18.95300   18.53800  
C    28.97700   18.94900   20.21000  
H    29.67400   18.11200   20.30200  
H    29.55200   19.85000   20.44100  
H    28.14800   18.86300   20.91600  
O    27.43300   20.17600   18.62300  
C    26.47700   16.54900   32.08300  
H    26.72300   15.89800   31.23900  
H    25.50300   17.01900   31.92900  
H    27.27700   17.25300   32.32600  
S    26.37200   15.69500   33.67200  
C    28.13600   15.38600   33.91100  
H    28.54300   14.96200   32.99000  
H    28.73200   16.29200   34.05000  
H    28.15900   14.76700   34.81200  
O    25.86800   14.30500   33.43700  
C    29.03400   18.49400   24.14300  
H    29.34100   19.12900   23.30900  
H    29.86800   17.86200   24.46100  
H    28.22900   17.85300   23.77300  
S    28.46700   19.51200   25.52400  
C    28.15500   20.97400   24.50800  
H    27.93400   21.86800   25.09700  
H    29.02900   21.20600   23.89400  
H    27.28300   20.70400   23.90800  
O    29.74800   19.85800   26.21700  
C    25.25700   13.46300   30.27500  
H    26.09600   14.06000   29.90800  
H    24.32100   13.59200   29.72700  
H    24.96200   13.65000   31.31100  
S    25.80700   11.75400   30.07400  
C    26.87200   11.79600   31.53400  
H    27.45100   10.89200   31.74300  
H    27.57300   12.58600   31.25600  
H    26.30500   12.23300   32.36000  
O    26.62100   11.69600   28.81900  
C    24.45100   20.01200   17.71800  
H    24.40400   20.89500   18.36100  
H    25.11200   19.20400   18.04300  
H    24.52300   20.16100   16.63800  
S    22.74100   19.45800   17.89900  
C    22.07100   21.02000   17.28600  
H    22.65300   21.80300   17.78000  
H    22.11300   21.09200   16.19600  
H    21.04600   21.21500   17.61200  
O    22.63100   19.43100   19.39200  
C    23.46200   11.78500   26.89600  
H    23.29300   12.78500   27.30300  
H    22.53500   11.20700   26.93400  
H    24.32500   11.32800   27.38700  
S    23.92200   11.76000   25.14900  
C    22.60600   12.87000   24.60200  
H    21.63900   12.41500   24.83000  
H    22.75100   13.81100   25.13900  
H    22.54600   12.94000   23.51200  
O    23.57800   10.39000   24.65400  
C    26.37900   10.98500   22.10100  
H    26.88900   11.83800   22.55500  
H    25.31200   10.95000   22.33500  
H    26.91100   10.09200   22.43900  
S    26.61500   11.16700   20.31800  
C    26.11400   9.48400    19.89000  
H    25.04700   9.26000    19.81400  
H    26.52100   9.21100    18.91300  
H    26.53000   8.78000    20.61600  
O    28.10100   11.21900   20.14200  
C    20.85400   18.95500   26.08000  
H    20.46900   19.96800   25.93900  
H    20.21300   18.29300   26.66800  
H    21.86800   19.09400   26.46300  
S    20.90000   18.28600   24.40200  
C    19.15700   17.80600   24.40400  
H    18.59300   18.73500   24.52300  
H    18.98600   17.25800   23.47400  
H    18.97300   17.10600   25.22300  
O    21.60100   16.96800   24.50500  
$end

$rem
JOBTYPE  SP
METHOD  B3LYP
BASIS  6-31+G(D)
SYMMETRY  FALSE
SYM_IGNORE  TRUE
MEM_TOTAL  16000
MEM_STATIC  8000
MAX_SUB_FILE_NUM  16000
BASIS_LIN_DEP_THRESH  6
THRESH  14
SCF_CONVERGENCE  8
GEN_SCFMAN  FALSE
SCF_GUESS  READ
FD_MAT_VEC_PROD  FALSE
XC_GRID  000075000302
NL_GRID  1
MAX_SCF_CYCLES  200
SKIP_SCFMAN  TRUE
ESP_GRID  0
ESP_EFIELD  1
$end
