$molecule
0 1
--
0 1
C    29.18900   25.93400   27.49300  
C    27.88700   26.75100   27.53600  
C    26.71600   25.84500   27.95200  
C    26.98100   25.14000   29.29200  
C    28.28900   24.33400   29.23300  
C    29.53300   25.07900   28.72400  
H    25.79900   26.42800   27.80500  
H    28.13200   27.49700   28.30100  
H    29.10600   25.29500   26.60500  
H    30.00900   26.63600   27.29900  
H    27.05500   25.95700   30.02000  
H    26.15600   24.56500   29.73100  
H    28.46900   24.07400   30.28400  
H    28.10800   23.42700   28.64400  
H    29.77800   25.76700   29.54300  
H    30.41100   24.44800   28.53500  
H    26.63400   25.09600   27.15500  
N    27.73600   27.35900   26.21500  
H    27.47800   26.71800   25.47400  
C    27.93700   28.68600   25.90000  
H    27.72500   28.91500   24.84000  
O    28.30700   29.48200   26.74400  
--
0 1
C    25.00600   30.79200   25.68500  
H    24.38300   31.46000   26.28600  
H    24.85200   29.82800   26.17600  
H    25.99800   31.24100   25.58400  
S    24.24000   30.47500   24.07900  
C    23.97700   32.20000   23.61300  
H    23.23400   32.54600   24.33600  
H    24.93400   32.72800   23.63400  
H    23.56200   32.21900   22.60200  
O    22.91200   30.17600   24.70200  
C    23.40900   24.28200   33.61300  
H    24.46200   24.39000   33.33900  
H    23.24500   24.58700   34.64900  
H    23.05100   23.27700   33.37400  
S    22.50400   25.50800   32.64200  
C    23.18300   24.94300   31.06600  
H    24.22900   24.70300   31.27300  
H    22.61800   24.10500   30.65000  
H    23.20700   25.68100   30.26000  
O    23.29700   26.76900   32.78900  
C    30.13700   27.48000   33.99000  
H    29.81500   28.45200   34.37300  
H    30.80200   26.92200   34.65400  
H    30.72500   27.60700   33.07700  
S    28.72600   26.39700   33.67300  
C    27.75800   27.52000   32.63900  
H    28.34400   27.82700   31.76900  
H    26.80400   27.05700   32.37300  
H    27.64600   28.45700   33.19000  
O    27.87000   26.07000   34.85600  
C    32.05900   22.82900   33.30600  
H    31.35600   21.99300   33.24700  
H    31.68100   23.75200   32.86000  
H    32.92800   22.53200   32.71300  
S    32.71900   23.07000   34.97100  
C    31.24700   23.93700   35.55900  
H    30.47100   23.16800   35.59600  
H    31.42200   24.39600   36.53600  
H    31.06100   24.71900   34.81800  
O    33.73300   24.12400   34.65200  
C    26.44700   29.32300   19.56100  
H    26.87600   28.33400   19.73800  
H    25.68700   29.18600   18.78800  
H    27.24900   29.91700   19.11400  
S    25.92100   30.08700   21.11200  
C    25.37000   31.61700   20.32400  
H    26.22600   32.02200   19.77800  
H    24.54800   31.40100   19.63700  
H    25.11000   32.27500   21.15700  
O    27.18700   30.52200   21.78300  
C    30.88600   20.61500   29.33000  
H    31.05200   21.68800   29.45500  
H    31.87400   20.16600   29.45700  
H    30.44000   20.48300   28.34100  
S    29.67400   20.02300   30.53300  
C    30.87600   19.47100   31.76400  
H    30.26100   19.00700   32.53900  
H    31.59200   18.72000   31.41900  
H    31.38300   20.37400   32.11400  
O    29.08900   18.78700   29.92300  
C    29.59400   35.92600   27.82100  
H    28.50700   35.82300   27.86800  
H    29.81900   36.87900   28.30800  
H    29.86900   36.14400   26.78600  
S    30.57200   34.58900   28.54200  
C    30.29100   33.24700   27.36500  
H    30.26500   32.30500   27.91900  
H    29.28300   33.42400   26.98400  
H    30.99100   33.29300   26.52700  
O    29.81500   34.24900   29.78900  
C    27.25500   22.79900   35.20800  
H    26.68700   21.87500   35.34400  
H    27.96500   22.96900   36.02200  
H    26.63200   23.69500   35.13800  
S    28.42100   22.64600   33.83600  
C    27.19900   22.11500   32.61500  
H    26.73300   21.16000   32.87000  
H    26.47400   22.93000   32.67900  
H    27.65000   22.01000   31.62500  
O    29.15000   21.35400   34.03500  
C    22.33700   21.85300   28.48700  
H    22.63400   22.47000   29.33900  
H    22.04100   22.52200   27.67400  
H    21.58900   21.07900   28.67800  
S    23.91400   21.14300   27.96600  
C    23.48800   19.92500   26.70100  
H    24.32600   19.27400   26.43900  
H    22.76600   19.18400   27.05200  
H    23.18900   20.35700   25.74200  
O    24.30500   20.22300   29.08100  
C    35.87400   22.67000   30.37200  
H    36.65600   23.22900   30.89200  
H    35.03400   22.49800   31.05000  
H    36.27300   21.71800   30.01300  
S    35.22800   23.53100   28.92100  
C    34.31500   22.08900   28.32700  
H    33.82800   22.20400   27.35600  
H    34.99100   21.24000   28.20000  
H    33.55100   21.92600   29.09200  
O    36.32100   23.42900   27.90200  
C    33.42300   24.81400   25.52300  
H    33.46800   25.90300   25.44100  
H    33.42500   24.50900   26.57300  
H    34.31000   24.29700   25.14900  
S    31.92600   24.22300   24.70200  
C    32.17600   22.43400   24.65000  
H    31.81500   21.98600   25.57900  
H    31.53300   22.17400   23.80500  
H    33.23500   22.28700   24.42500  
O    32.37300   24.71500   23.36000  
C    21.15800   25.38200   28.44600  
H    21.11500   24.84400   29.39600  
H    20.79900   24.71400   27.65900  
H    22.07000   25.84900   28.06500  
S    19.87700   26.65300   28.54200  
C    19.19500   26.14400   30.13600  
H    18.43900   26.88200   30.41600  
H    18.83600   25.11200   30.10300  
H    20.04800   26.20700   30.81600  
O    18.85100   26.24700   27.53000  
C    29.83700   32.96800   23.41000  
H    30.19000   33.98000   23.62000  
H    30.38300   32.27600   24.05700  
H    29.87600   32.82600   22.32700  
S    28.10800   33.01000   23.93500  
C    27.57900   33.89900   22.45400  
H    26.59500   34.35400   22.59500  
H    28.20600   34.77800   22.28200  
H    27.64200   33.25600   21.57300  
O    28.24100   34.13200   24.91700  
C    30.46000   28.76500   19.85500  
H    29.91000   28.92900   18.92500  
H    31.29400   28.10000   19.61300  
H    29.77000   28.27000   20.54300  
S    30.85000   30.39200   20.53700  
C    31.88700   30.88200   19.14100  
H    32.35600   31.76700   19.57900  
H    32.43000   29.97500   18.86400  
H    31.26700   31.18900   18.29500  
O    31.76200   30.09600   21.68700  
C    27.16700   26.24200   22.35100  
H    27.47800   26.90800   21.54100  
H    26.35400   25.60000   22.00200  
H    26.69100   26.82800   23.14000  
S    28.48400   25.29300   23.14400  
C    28.85200   24.17000   21.77800  
H    28.03900   23.47700   21.54500  
H    29.02400   24.79600   20.89900  
H    29.76300   23.65300   22.08900  
O    27.78600   24.47700   24.18800  
C    30.49400   31.18100   33.83700  
H    29.75500   31.28100   33.03700  
H    30.35900   30.36300   34.54800  
H    30.59000   32.13800   34.35600  
S    32.11800   30.93900   33.08200  
C    31.89200   32.19400   31.80100  
H    31.56500   31.75700   30.85400  
H    31.23900   33.02600   32.07700  
H    32.89500   32.58100   31.60100  
O    32.10200   29.61800   32.37900  
C    24.70900   29.77900   34.46300  
H    24.86200   30.07200   35.50500  
H    23.74500   29.26300   34.43200  
H    25.51100   29.08700   34.19700  
S    24.50000   31.15000   33.30400  
C    25.93400   32.13000   33.80200  
H    26.79100   31.56200   33.43400  
H    25.99000   33.12100   33.34400  
H    25.95500   32.22200   34.89100  
O    23.30500   31.86500   33.85400  
C    26.34700   34.89200   29.07300  
H    25.76800   34.63000   29.96200  
H    27.34000   34.44600   29.17100  
H    26.36600   35.98400   29.11200  
S    25.51600   34.30400   27.58000  
C    24.32700   35.65900   27.45400  
H    24.81500   36.49400   26.94500  
H    23.54400   35.32200   26.77000  
H    23.88600   35.94700   28.41200  
O    24.71500   33.19800   28.19200  
C    24.27400   27.17900   24.84300  
H    25.28700   27.34500   25.21800  
H    24.31500   27.23200   23.75200  
H    23.59900   27.91200   25.29300  
S    23.65000   25.65500   25.58600  
C    24.44600   24.42500   24.52900  
H    24.10000   24.71200   23.53200  
H    25.53900   24.41600   24.52900  
H    24.05800   23.43600   24.78300  
O    22.17300   25.57500   25.35600  
C    22.15700   29.21000   27.65200  
H    21.22100   29.71900   27.89600  
H    22.79400   29.74900   26.94500  
H    21.77300   28.36700   27.07300  
S    22.96700   28.46600   29.08600  
C    23.63000   29.98700   29.80200  
H    22.82700   30.51200   30.32500  
H    24.30300   29.64500   30.59200  
H    24.11300   30.62600   29.05800  
O    24.18800   27.83800   28.48900  
C    31.72800   29.79500   26.32700  
H    32.44400   30.29600   26.98400  
H    30.84200   30.40900   26.14200  
H    31.46100   28.80400   26.70300  
S    32.59400   29.41900   24.78600  
C    31.26000   28.45200   24.04200  
H    31.54700   28.31400   22.99700  
H    31.22500   27.47500   24.53100  
H    30.27900   28.93300   24.06600  
O    33.68200   28.53900   25.31600  
C    22.09000   28.84000   21.54300  
H    21.03600   28.55200   21.49800  
H    22.26800   28.80600   22.62100  
H    22.33200   29.82500   21.13500  
S    23.12100   27.61000   20.71300  
C    22.35900   26.21500   21.57200  
H    21.40700   25.92200   21.12300  
H    22.96900   25.32200   21.41200  
H    22.15700   26.48900   22.61000  
O    24.42400   27.56700   21.44900  
C    27.53700   20.22500   27.07500  
H    26.46200   20.41100   27.14800  
H    27.68300   19.16900   26.83300  
H    27.87900   20.39000   28.10000  
S    28.31600   21.38700   25.93200  
C    27.79700   20.57700   24.40200  
H    28.22500   21.18200   23.59800  
H    28.23500   19.58000   24.30700  
H    26.71000   20.52600   24.30200  
O    29.74800   20.95900   26.01800  
C    27.43300   31.31500   29.16600  
H    27.84900   31.74200   28.25000  
H    26.99400   30.36500   28.85100  
H    26.64900   31.99000   29.51700  
S    28.67100   31.16300   30.47400  
C    29.72000   29.92000   29.68600  
H    30.39800   30.42800   28.99600  
H    30.31300   29.34800   30.40400  
H    28.97300   29.35500   29.12200  
O    27.95100   30.47600   31.59300  
C    33.07400   27.39900   29.32200  
H    32.25200   27.60000   28.62900  
H    33.57000   28.37100   29.37800  
H    33.66000   26.57000   28.91600  
S    32.59400   26.78700   30.95300  
C    34.25800   26.29100   31.45100  
H    34.18300   25.72900   32.38600  
H    34.66500   25.54200   30.76600  
H    34.95300   27.13100   31.52400  
O    32.06900   25.45300   30.52500  
$end

$rem
JOBTYPE  SP
METHOD  B3LYP
BASIS  6-31+G(D)
SYMMETRY  FALSE
SYM_IGNORE  TRUE
MEM_TOTAL  16000
MEM_STATIC  8000
MAX_SUB_FILE_NUM  16000
BASIS_LIN_DEP_THRESH  6
THRESH  14
SCF_CONVERGENCE  8
GEN_SCFMAN  TRUE
SCF_GUESS  SAD
FD_MAT_VEC_PROD  FALSE
XC_GRID  000075000302
NL_GRID  1
MAX_SCF_CYCLES  200
ENV_METHOD  B3LYP
GEN_SCFMAN_EMBED  TRUE
SPADE_PARTITION  TRUE
$end

$development
embedding_early_stop  1
$end

@@@

$molecule
0 1
@C    29.18900   25.93400   27.49300  
@C    27.88700   26.75100   27.53600  
@C    26.71600   25.84500   27.95200  
@C    26.98100   25.14000   29.29200  
@C    28.28900   24.33400   29.23300  
@C    29.53300   25.07900   28.72400  
@H    25.79900   26.42800   27.80500  
@H    28.13200   27.49700   28.30100  
@H    29.10600   25.29500   26.60500  
@H    30.00900   26.63600   27.29900  
@H    27.05500   25.95700   30.02000  
@H    26.15600   24.56500   29.73100  
@H    28.46900   24.07400   30.28400  
@H    28.10800   23.42700   28.64400  
@H    29.77800   25.76700   29.54300  
@H    30.41100   24.44800   28.53500  
@H    26.63400   25.09600   27.15500  
@N    27.73600   27.35900   26.21500  
@H    27.47800   26.71800   25.47400  
@C    27.93700   28.68600   25.90000  
@H    27.72500   28.91500   24.84000  
@O    28.30700   29.48200   26.74400  
C    25.00600   30.79200   25.68500  
H    24.38300   31.46000   26.28600  
H    24.85200   29.82800   26.17600  
H    25.99800   31.24100   25.58400  
S    24.24000   30.47500   24.07900  
C    23.97700   32.20000   23.61300  
H    23.23400   32.54600   24.33600  
H    24.93400   32.72800   23.63400  
H    23.56200   32.21900   22.60200  
O    22.91200   30.17600   24.70200  
C    23.40900   24.28200   33.61300  
H    24.46200   24.39000   33.33900  
H    23.24500   24.58700   34.64900  
H    23.05100   23.27700   33.37400  
S    22.50400   25.50800   32.64200  
C    23.18300   24.94300   31.06600  
H    24.22900   24.70300   31.27300  
H    22.61800   24.10500   30.65000  
H    23.20700   25.68100   30.26000  
O    23.29700   26.76900   32.78900  
C    30.13700   27.48000   33.99000  
H    29.81500   28.45200   34.37300  
H    30.80200   26.92200   34.65400  
H    30.72500   27.60700   33.07700  
S    28.72600   26.39700   33.67300  
C    27.75800   27.52000   32.63900  
H    28.34400   27.82700   31.76900  
H    26.80400   27.05700   32.37300  
H    27.64600   28.45700   33.19000  
O    27.87000   26.07000   34.85600  
C    32.05900   22.82900   33.30600  
H    31.35600   21.99300   33.24700  
H    31.68100   23.75200   32.86000  
H    32.92800   22.53200   32.71300  
S    32.71900   23.07000   34.97100  
C    31.24700   23.93700   35.55900  
H    30.47100   23.16800   35.59600  
H    31.42200   24.39600   36.53600  
H    31.06100   24.71900   34.81800  
O    33.73300   24.12400   34.65200  
C    26.44700   29.32300   19.56100  
H    26.87600   28.33400   19.73800  
H    25.68700   29.18600   18.78800  
H    27.24900   29.91700   19.11400  
S    25.92100   30.08700   21.11200  
C    25.37000   31.61700   20.32400  
H    26.22600   32.02200   19.77800  
H    24.54800   31.40100   19.63700  
H    25.11000   32.27500   21.15700  
O    27.18700   30.52200   21.78300  
C    30.88600   20.61500   29.33000  
H    31.05200   21.68800   29.45500  
H    31.87400   20.16600   29.45700  
H    30.44000   20.48300   28.34100  
S    29.67400   20.02300   30.53300  
C    30.87600   19.47100   31.76400  
H    30.26100   19.00700   32.53900  
H    31.59200   18.72000   31.41900  
H    31.38300   20.37400   32.11400  
O    29.08900   18.78700   29.92300  
C    29.59400   35.92600   27.82100  
H    28.50700   35.82300   27.86800  
H    29.81900   36.87900   28.30800  
H    29.86900   36.14400   26.78600  
S    30.57200   34.58900   28.54200  
C    30.29100   33.24700   27.36500  
H    30.26500   32.30500   27.91900  
H    29.28300   33.42400   26.98400  
H    30.99100   33.29300   26.52700  
O    29.81500   34.24900   29.78900  
C    27.25500   22.79900   35.20800  
H    26.68700   21.87500   35.34400  
H    27.96500   22.96900   36.02200  
H    26.63200   23.69500   35.13800  
S    28.42100   22.64600   33.83600  
C    27.19900   22.11500   32.61500  
H    26.73300   21.16000   32.87000  
H    26.47400   22.93000   32.67900  
H    27.65000   22.01000   31.62500  
O    29.15000   21.35400   34.03500  
C    22.33700   21.85300   28.48700  
H    22.63400   22.47000   29.33900  
H    22.04100   22.52200   27.67400  
H    21.58900   21.07900   28.67800  
S    23.91400   21.14300   27.96600  
C    23.48800   19.92500   26.70100  
H    24.32600   19.27400   26.43900  
H    22.76600   19.18400   27.05200  
H    23.18900   20.35700   25.74200  
O    24.30500   20.22300   29.08100  
C    35.87400   22.67000   30.37200  
H    36.65600   23.22900   30.89200  
H    35.03400   22.49800   31.05000  
H    36.27300   21.71800   30.01300  
S    35.22800   23.53100   28.92100  
C    34.31500   22.08900   28.32700  
H    33.82800   22.20400   27.35600  
H    34.99100   21.24000   28.20000  
H    33.55100   21.92600   29.09200  
O    36.32100   23.42900   27.90200  
C    33.42300   24.81400   25.52300  
H    33.46800   25.90300   25.44100  
H    33.42500   24.50900   26.57300  
H    34.31000   24.29700   25.14900  
S    31.92600   24.22300   24.70200  
C    32.17600   22.43400   24.65000  
H    31.81500   21.98600   25.57900  
H    31.53300   22.17400   23.80500  
H    33.23500   22.28700   24.42500  
O    32.37300   24.71500   23.36000  
C    21.15800   25.38200   28.44600  
H    21.11500   24.84400   29.39600  
H    20.79900   24.71400   27.65900  
H    22.07000   25.84900   28.06500  
S    19.87700   26.65300   28.54200  
C    19.19500   26.14400   30.13600  
H    18.43900   26.88200   30.41600  
H    18.83600   25.11200   30.10300  
H    20.04800   26.20700   30.81600  
O    18.85100   26.24700   27.53000  
C    29.83700   32.96800   23.41000  
H    30.19000   33.98000   23.62000  
H    30.38300   32.27600   24.05700  
H    29.87600   32.82600   22.32700  
S    28.10800   33.01000   23.93500  
C    27.57900   33.89900   22.45400  
H    26.59500   34.35400   22.59500  
H    28.20600   34.77800   22.28200  
H    27.64200   33.25600   21.57300  
O    28.24100   34.13200   24.91700  
C    30.46000   28.76500   19.85500  
H    29.91000   28.92900   18.92500  
H    31.29400   28.10000   19.61300  
H    29.77000   28.27000   20.54300  
S    30.85000   30.39200   20.53700  
C    31.88700   30.88200   19.14100  
H    32.35600   31.76700   19.57900  
H    32.43000   29.97500   18.86400  
H    31.26700   31.18900   18.29500  
O    31.76200   30.09600   21.68700  
C    27.16700   26.24200   22.35100  
H    27.47800   26.90800   21.54100  
H    26.35400   25.60000   22.00200  
H    26.69100   26.82800   23.14000  
S    28.48400   25.29300   23.14400  
C    28.85200   24.17000   21.77800  
H    28.03900   23.47700   21.54500  
H    29.02400   24.79600   20.89900  
H    29.76300   23.65300   22.08900  
O    27.78600   24.47700   24.18800  
C    30.49400   31.18100   33.83700  
H    29.75500   31.28100   33.03700  
H    30.35900   30.36300   34.54800  
H    30.59000   32.13800   34.35600  
S    32.11800   30.93900   33.08200  
C    31.89200   32.19400   31.80100  
H    31.56500   31.75700   30.85400  
H    31.23900   33.02600   32.07700  
H    32.89500   32.58100   31.60100  
O    32.10200   29.61800   32.37900  
C    24.70900   29.77900   34.46300  
H    24.86200   30.07200   35.50500  
H    23.74500   29.26300   34.43200  
H    25.51100   29.08700   34.19700  
S    24.50000   31.15000   33.30400  
C    25.93400   32.13000   33.80200  
H    26.79100   31.56200   33.43400  
H    25.99000   33.12100   33.34400  
H    25.95500   32.22200   34.89100  
O    23.30500   31.86500   33.85400  
C    26.34700   34.89200   29.07300  
H    25.76800   34.63000   29.96200  
H    27.34000   34.44600   29.17100  
H    26.36600   35.98400   29.11200  
S    25.51600   34.30400   27.58000  
C    24.32700   35.65900   27.45400  
H    24.81500   36.49400   26.94500  
H    23.54400   35.32200   26.77000  
H    23.88600   35.94700   28.41200  
O    24.71500   33.19800   28.19200  
C    24.27400   27.17900   24.84300  
H    25.28700   27.34500   25.21800  
H    24.31500   27.23200   23.75200  
H    23.59900   27.91200   25.29300  
S    23.65000   25.65500   25.58600  
C    24.44600   24.42500   24.52900  
H    24.10000   24.71200   23.53200  
H    25.53900   24.41600   24.52900  
H    24.05800   23.43600   24.78300  
O    22.17300   25.57500   25.35600  
C    22.15700   29.21000   27.65200  
H    21.22100   29.71900   27.89600  
H    22.79400   29.74900   26.94500  
H    21.77300   28.36700   27.07300  
S    22.96700   28.46600   29.08600  
C    23.63000   29.98700   29.80200  
H    22.82700   30.51200   30.32500  
H    24.30300   29.64500   30.59200  
H    24.11300   30.62600   29.05800  
O    24.18800   27.83800   28.48900  
C    31.72800   29.79500   26.32700  
H    32.44400   30.29600   26.98400  
H    30.84200   30.40900   26.14200  
H    31.46100   28.80400   26.70300  
S    32.59400   29.41900   24.78600  
C    31.26000   28.45200   24.04200  
H    31.54700   28.31400   22.99700  
H    31.22500   27.47500   24.53100  
H    30.27900   28.93300   24.06600  
O    33.68200   28.53900   25.31600  
C    22.09000   28.84000   21.54300  
H    21.03600   28.55200   21.49800  
H    22.26800   28.80600   22.62100  
H    22.33200   29.82500   21.13500  
S    23.12100   27.61000   20.71300  
C    22.35900   26.21500   21.57200  
H    21.40700   25.92200   21.12300  
H    22.96900   25.32200   21.41200  
H    22.15700   26.48900   22.61000  
O    24.42400   27.56700   21.44900  
C    27.53700   20.22500   27.07500  
H    26.46200   20.41100   27.14800  
H    27.68300   19.16900   26.83300  
H    27.87900   20.39000   28.10000  
S    28.31600   21.38700   25.93200  
C    27.79700   20.57700   24.40200  
H    28.22500   21.18200   23.59800  
H    28.23500   19.58000   24.30700  
H    26.71000   20.52600   24.30200  
O    29.74800   20.95900   26.01800  
C    27.43300   31.31500   29.16600  
H    27.84900   31.74200   28.25000  
H    26.99400   30.36500   28.85100  
H    26.64900   31.99000   29.51700  
S    28.67100   31.16300   30.47400  
C    29.72000   29.92000   29.68600  
H    30.39800   30.42800   28.99600  
H    30.31300   29.34800   30.40400  
H    28.97300   29.35500   29.12200  
O    27.95100   30.47600   31.59300  
C    33.07400   27.39900   29.32200  
H    32.25200   27.60000   28.62900  
H    33.57000   28.37100   29.37800  
H    33.66000   26.57000   28.91600  
S    32.59400   26.78700   30.95300  
C    34.25800   26.29100   31.45100  
H    34.18300   25.72900   32.38600  
H    34.66500   25.54200   30.76600  
H    34.95300   27.13100   31.52400  
O    32.06900   25.45300   30.52500  
$end

$rem
JOBTYPE  SP
METHOD  B3LYP
BASIS  6-31+G(D)
SYMMETRY  FALSE
SYM_IGNORE  TRUE
MEM_TOTAL  16000
MEM_STATIC  8000
MAX_SUB_FILE_NUM  16000
BASIS_LIN_DEP_THRESH  6
THRESH  14
SCF_CONVERGENCE  8
GEN_SCFMAN  FALSE
SCF_GUESS  READ
FD_MAT_VEC_PROD  FALSE
XC_GRID  000075000302
NL_GRID  1
MAX_SCF_CYCLES  200
SKIP_SCFMAN  TRUE
ESP_GRID  0
ESP_EFIELD  1
$end
