$molecule
0 1
--
0 1
C    23.43300   15.98100   26.14200  
C    22.08600   16.59300   26.56300  
C    22.20700   17.88600   27.38500  
C    23.15900   18.87000   26.68500  
C    24.50600   18.18000   26.41400  
C    24.32100   17.01400   25.42900  
H    21.22000   18.36400   27.38200  
H    21.55300   16.90800   25.65800  
H    23.93000   15.55700   27.02400  
H    23.27100   15.09600   25.51400  
H    22.70100   19.28300   25.77700  
H    23.34500   19.76900   27.28500  
H    25.17100   18.91200   25.93900  
H    24.79500   17.83100   27.41200  
H    23.83400   17.22600   24.47000  
H    25.29200   16.53600   25.25200  
H    22.49800   17.76500   28.43600  
N    21.22000   15.63600   27.25000  
H    21.64300   15.21300   28.06700  
C    20.14500   14.93100   26.75100  
H    19.88400   14.09700   27.42700  
O    19.60600   15.29100   25.71900  
--
0 1
C    18.83500   16.61900   21.86100  
H    18.74100   17.31700   22.69800  
H    18.67600   17.09100   20.88800  
H    18.18300   15.74500   21.94400  
S    20.47300   15.86500   21.96500  
C    21.16800   17.47800   21.54000  
H    20.73400   17.78200   20.58400  
H    20.92900   18.17000   22.35200  
H    22.20600   17.23600   21.29800  
O    20.38100   14.95300   20.78200  
C    24.50800   21.68100   32.48600  
H    24.55200   22.62400   33.03600  
H    24.53200   20.92700   33.27700  
H    25.36200   21.70100   31.80400  
S    23.02500   21.41200   31.48900  
C    23.69500   19.85500   30.86400  
H    22.90700   19.57000   30.16300  
H    24.64800   19.96900   30.34100  
H    23.80700   19.12700   31.67200  
O    23.21800   22.35800   30.34400  
C    27.96300   13.22000   24.13600  
H    26.92600   13.55600   24.05500  
H    27.99700   12.23700   24.61300  
H    28.65500   13.83300   24.71800  
S    28.66300   12.92600   22.49700  
C    29.97200   11.73400   22.85900  
H    29.54600   10.80000   23.23200  
H    30.49000   11.58200   21.90900  
H    30.66100   12.16500   23.59100  
O    29.50900   14.13200   22.22900  
C    19.62000   25.32200   22.26200  
H    19.25900   25.40700   23.29000  
H    19.52200   26.32000   21.82700  
H    19.15200   24.49400   21.72400  
S    21.37800   24.92000   22.37300  
C    21.11900   23.57300   23.55000  
H    20.46100   23.72800   24.40900  
H    20.74700   22.77100   22.90700  
H    22.15200   23.32000   23.80200  
O    22.07900   25.96900   23.17800  
C    13.38300   9.66900    27.69100  
H    14.09800   8.85400    27.55000  
H    12.44500   9.43700    28.20300  
H    13.18300   10.05500   26.68800  
S    14.15800   10.97800   28.66500  
C    15.09200   9.88400    29.75900  
H    15.66800   10.58700   30.36600  
H    14.43600   9.31900    30.42600  
H    15.83500   9.27300    29.24000  
O    13.13900   11.70000   29.49100  
C    26.25300   15.64100   34.79900  
H    25.47300   14.98700   35.19700  
H    26.81200   15.24600   33.94700  
H    26.98900   15.93900   35.54900  
S    25.27900   17.10800   34.39400  
C    26.56200   17.96500   33.45400  
H    27.29800   18.23200   34.21800  
H    26.98600   17.32500   32.67600  
H    26.25500   18.95100   33.09600  
O    25.11200   17.86800   35.67300  
C    15.44400   14.29400   22.87600  
H    14.40200   14.26500   22.54800  
H    15.99800   14.99300   22.24400  
H    15.94100   13.34300   22.67000  
S    15.16900   14.77900   24.59500  
C    16.64000   13.89800   25.16500  
H    17.56100   14.09800   24.61100  
H    16.74200   14.15700   26.22200  
H    16.44400   12.82300   25.17300  
O    14.15500   13.85000   25.18500  
C    22.58400   7.88400    29.91000  
H    22.82000   6.87000    30.24300  
H    21.51900   8.11300    29.99200  
H    22.81600   7.94400    28.84300  
S    23.52400   9.10100    30.85800  
C    23.11100   8.53800    32.52500  
H    23.46500   9.34800    33.16900  
H    22.04200   8.53400    32.75200  
H    23.60200   7.58500    32.73900  
O    22.75100   10.36100   30.62700  
C    19.74000   12.53300   23.55900  
H    19.67700   13.30200   22.78500  
H    18.81200   11.97500   23.70700  
H    19.86600   12.87000   24.59100  
S    21.00300   11.29400   23.19200  
C    20.71400   11.19900   21.41100  
H    20.87600   12.09900   20.81200  
H    21.34500   10.44900   20.92800  
H    19.70100   10.88600   21.14300  
O    20.56900   10.05800   23.91600  
C    28.16200   13.87200   27.80500  
H    27.13000   13.64300   27.52500  
H    28.82900   14.16400   26.99000  
H    28.63300   12.96700   28.19500  
S    28.23700   15.05900   29.16500  
C    27.28400   16.48500   28.59600  
H    27.80500   17.06200   27.82700  
H    26.30500   16.04300   28.39300  
H    27.14700   17.20100   29.41000  
O    29.70600   15.34700   29.18100  
C    23.97400   20.88400   21.79500  
H    23.98000   21.66700   21.03300  
H    23.47700   20.00500   21.37600  
H    23.36500   21.12000   22.67200  
S    25.61100   20.36400   22.35800  
C    26.20900   20.00900   20.69000  
H    27.15700   19.48200   20.82600  
H    25.44900   19.38300   20.21500  
H    26.52900   20.95500   20.24500  
O    25.27700   18.99400   22.86000  
C    15.21900   14.41000   28.98200  
H    15.29200   15.44200   29.33500  
H    15.39400   14.15700   27.93300  
H    14.21800   14.08500   29.27600  
S    16.39000   13.37100   29.88500  
C    16.17700   13.98100   31.57300  
H    15.97600   15.05500   31.60200  
H    15.53600   13.28000   32.11200  
H    17.18100   13.85400   31.98600  
O    17.66400   14.06300   29.51100  
C    17.73700   17.60200   26.33200  
H    18.46600   17.36800   27.11300  
H    17.92200   16.97400   25.45700  
H    17.73500   18.68200   26.16600  
S    16.28500   17.14800   27.30700  
C    15.24000   18.16100   26.23600  
H    15.46300   17.94200   25.18900  
H    14.18000   18.00600   26.45400  
H    15.44400   19.21700   26.43000  
O    16.42600   18.02400   28.51300  
C    18.69600   17.95100   30.66500  
H    18.58500   18.12800   31.73700  
H    18.66900   18.86900   30.07200  
H    17.91400   17.25600   30.35000  
S    20.30000   17.14700   30.45300  
C    19.95900   15.79500   31.60200  
H    19.06700   15.26400   31.25900  
H    20.77700   15.07000   31.57600  
H    19.86900   16.17400   32.62300  
O    21.09000   18.19700   31.17000  
C    23.31300   13.65200   31.94300  
H    22.36600   14.11000   32.24300  
H    23.17700   12.58200   31.76900  
H    23.96200   13.62600   32.82200  
S    23.88300   14.46300   30.43200  
C    24.04900   16.17500   30.98600  
H    23.17200   16.52000   31.53900  
H    25.00900   16.06400   31.49600  
H    24.22900   16.79600   30.10500  
O    22.67400   14.37600   29.55400  
C    26.39500   21.88500   28.42200  
H    25.69500   21.20100   27.93600  
H    26.00500   22.52600   29.21700  
H    26.94500   22.52400   27.72800  
S    27.64600   20.73700   29.04200  
C    28.16800   20.13300   27.42100  
H    28.65700   19.18200   27.64700  
H    27.29200   19.99800   26.78000  
H    28.93800   20.78900   27.00700  
O    26.82400   19.58000   29.51700  
C    28.12100   17.75500   24.48600  
H    27.12900   17.74600   24.02700  
H    28.84800   17.06100   24.05500  
H    28.10000   17.41200   25.52400  
S    28.91500   19.37200   24.35000  
C    29.32800   19.03000   22.62400  
H    28.42900   18.71300   22.08900  
H    29.76300   19.92700   22.17500  
H    29.98600   18.15900   22.68100  
O    30.24500   19.31800   25.03500  
C    20.16500   12.20500   31.06100  
H    20.75800   13.10000   30.85800  
H    20.57000   11.42000   30.41700  
H    19.13800   12.34100   30.71200  
S    20.34800   11.53600   32.73000  
C    18.82900   10.57700   32.53400  
H    18.81000   9.90400    31.67300  
H    18.69900   9.90600    33.38800  
H    18.00700   11.28700   32.65000  
O    19.92900   12.68900   33.58900  
C    26.89900   16.03300   21.20400  
H    27.76700   16.12400   20.54500  
H    26.32400   16.96200   21.22900  
H    27.11800   15.71800   22.22700  
S    25.67800   14.82100   20.65100  
C    24.54500   15.28500   21.98000  
H    24.33700   16.35500   21.89100  
H    23.61900   14.72900   21.80900  
H    25.01200   14.94200   22.90600  
O    26.07400   13.43100   21.04300  
C    24.41300   25.87100   25.82100  
H    24.31400   26.67500   26.55600  
H    24.85300   26.10000   24.84700  
H    23.43400   25.44700   25.58400  
S    25.20600   24.38200   26.46800  
C    26.68200   25.29500   26.97000  
H    27.01600   25.74600   26.03200  
H    26.56200   26.11100   27.68800  
H    27.45100   24.60000   27.31600  
O    25.66300   23.58800   25.28500  
C    20.03300   8.86500    27.67700  
H    20.40400   8.91400    26.65000  
H    20.68500   9.32900    28.42100  
H    19.83600   7.81500    27.90600  
S    18.48800   9.79500    27.79300  
C    19.26000   11.39600   27.46600  
H    20.12000   11.57900   28.11500  
H    19.48600   11.44300   26.39700  
H    18.62500   12.21400   27.81300  
O    18.29400   10.04900   29.25500  
C    20.64500   21.30800   28.84200  
H    19.81500   20.64300   29.09400  
H    21.56700   20.72100   28.86700  
H    20.81700   22.14000   29.52900  
S    20.44900   21.79900   27.11400  
C    21.93100   22.83300   27.13100  
H    22.79400   22.18100   27.28600  
H    21.90600   23.33700   26.16200  
H    21.99600   23.60100   27.90700  
O    19.45900   22.92100   27.13400  
C    16.21600   23.78100   27.63100  
H    16.40000   24.36800   28.53400  
H    17.15200   23.40000   27.21500  
H    15.61400   24.34900   26.91600  
S    15.26100   22.34400   28.16800  
C    16.57900   21.19500   28.62400  
H    15.99800   20.35200   29.00700  
H    17.10400   20.94700   27.69800  
H    17.21500   21.58300   29.42400  
O    14.69200   21.75800   26.91300  
C    23.07700   11.81800   27.28900  
H    22.65800   10.98400   27.85800  
H    23.03300   12.74300   27.87000  
H    22.32100   12.01900   26.52600  
S    24.72100   11.53500   26.59300  
C    25.44300   11.25200   28.22500  
H    25.16100   12.11300   28.83600  
H    25.06900   10.36200   28.73900  
H    26.52100   11.13800   28.08700  
O    25.19600   12.85800   26.08000  
C    23.58500   17.83600   16.88500  
H    24.17100   18.75000   16.75300  
H    24.21300   16.99000   16.59700  
H    22.67200   17.92500   16.29000  
S    23.19200   17.86800   18.64900  
C    22.77800   16.11200   18.53600  
H    23.66000   15.51700   18.28600  
H    22.33100   15.80900   19.48600  
H    22.09100   15.90800   17.71100  
O    21.91100   18.64200   18.67800  
C    28.48800   24.30100   23.46600  
H    29.29100   24.94700   23.83100  
H    27.92200   24.79100   22.66900  
H    27.71700   24.10900   24.21600  
S    29.17500   22.70900   22.95900  
C    30.67000   23.46500   22.28100  
H    31.05700   22.70400   21.59800  
H    30.45900   24.33400   21.65300  
H    31.41900   23.69400   23.04400  
O    28.43600   22.34800   21.70800  
C    24.52900   10.14700   21.93600  
H    24.68300   11.10300   21.42900  
H    24.43800   9.33900    21.20600  
H    23.66800   10.11100   22.60900  
S    25.99200   9.67000    22.88200  
C    27.27400   9.69200    21.60800  
H    27.31800   10.62800   21.04600  
H    28.24100   9.57100    22.10400  
H    27.00300   8.86400    20.94800  
O    25.94100   8.22100    23.25300  
$end

$rem
JOBTYPE  SP
METHOD  B3LYP
BASIS  6-31+G(D)
SYMMETRY  FALSE
SYM_IGNORE  TRUE
MEM_TOTAL  16000
MEM_STATIC  8000
MAX_SUB_FILE_NUM  16000
BASIS_LIN_DEP_THRESH  6
THRESH  14
SCF_CONVERGENCE  8
GEN_SCFMAN  TRUE
SCF_GUESS  SAD
FD_MAT_VEC_PROD  FALSE
XC_GRID  000075000302
NL_GRID  1
MAX_SCF_CYCLES  200
ENV_METHOD  B3LYP
GEN_SCFMAN_EMBED  TRUE
SPADE_PARTITION  TRUE
$end

$development
embedding_early_stop  1
$end

@@@

$molecule
0 1
@C    23.43300   15.98100   26.14200  
@C    22.08600   16.59300   26.56300  
@C    22.20700   17.88600   27.38500  
@C    23.15900   18.87000   26.68500  
@C    24.50600   18.18000   26.41400  
@C    24.32100   17.01400   25.42900  
@H    21.22000   18.36400   27.38200  
@H    21.55300   16.90800   25.65800  
@H    23.93000   15.55700   27.02400  
@H    23.27100   15.09600   25.51400  
@H    22.70100   19.28300   25.77700  
@H    23.34500   19.76900   27.28500  
@H    25.17100   18.91200   25.93900  
@H    24.79500   17.83100   27.41200  
@H    23.83400   17.22600   24.47000  
@H    25.29200   16.53600   25.25200  
@H    22.49800   17.76500   28.43600  
@N    21.22000   15.63600   27.25000  
@H    21.64300   15.21300   28.06700  
@C    20.14500   14.93100   26.75100  
@H    19.88400   14.09700   27.42700  
@O    19.60600   15.29100   25.71900  
C    18.83500   16.61900   21.86100  
H    18.74100   17.31700   22.69800  
H    18.67600   17.09100   20.88800  
H    18.18300   15.74500   21.94400  
S    20.47300   15.86500   21.96500  
C    21.16800   17.47800   21.54000  
H    20.73400   17.78200   20.58400  
H    20.92900   18.17000   22.35200  
H    22.20600   17.23600   21.29800  
O    20.38100   14.95300   20.78200  
C    24.50800   21.68100   32.48600  
H    24.55200   22.62400   33.03600  
H    24.53200   20.92700   33.27700  
H    25.36200   21.70100   31.80400  
S    23.02500   21.41200   31.48900  
C    23.69500   19.85500   30.86400  
H    22.90700   19.57000   30.16300  
H    24.64800   19.96900   30.34100  
H    23.80700   19.12700   31.67200  
O    23.21800   22.35800   30.34400  
C    27.96300   13.22000   24.13600  
H    26.92600   13.55600   24.05500  
H    27.99700   12.23700   24.61300  
H    28.65500   13.83300   24.71800  
S    28.66300   12.92600   22.49700  
C    29.97200   11.73400   22.85900  
H    29.54600   10.80000   23.23200  
H    30.49000   11.58200   21.90900  
H    30.66100   12.16500   23.59100  
O    29.50900   14.13200   22.22900  
C    19.62000   25.32200   22.26200  
H    19.25900   25.40700   23.29000  
H    19.52200   26.32000   21.82700  
H    19.15200   24.49400   21.72400  
S    21.37800   24.92000   22.37300  
C    21.11900   23.57300   23.55000  
H    20.46100   23.72800   24.40900  
H    20.74700   22.77100   22.90700  
H    22.15200   23.32000   23.80200  
O    22.07900   25.96900   23.17800  
C    13.38300   9.66900    27.69100  
H    14.09800   8.85400    27.55000  
H    12.44500   9.43700    28.20300  
H    13.18300   10.05500   26.68800  
S    14.15800   10.97800   28.66500  
C    15.09200   9.88400    29.75900  
H    15.66800   10.58700   30.36600  
H    14.43600   9.31900    30.42600  
H    15.83500   9.27300    29.24000  
O    13.13900   11.70000   29.49100  
C    26.25300   15.64100   34.79900  
H    25.47300   14.98700   35.19700  
H    26.81200   15.24600   33.94700  
H    26.98900   15.93900   35.54900  
S    25.27900   17.10800   34.39400  
C    26.56200   17.96500   33.45400  
H    27.29800   18.23200   34.21800  
H    26.98600   17.32500   32.67600  
H    26.25500   18.95100   33.09600  
O    25.11200   17.86800   35.67300  
C    15.44400   14.29400   22.87600  
H    14.40200   14.26500   22.54800  
H    15.99800   14.99300   22.24400  
H    15.94100   13.34300   22.67000  
S    15.16900   14.77900   24.59500  
C    16.64000   13.89800   25.16500  
H    17.56100   14.09800   24.61100  
H    16.74200   14.15700   26.22200  
H    16.44400   12.82300   25.17300  
O    14.15500   13.85000   25.18500  
C    22.58400   7.88400    29.91000  
H    22.82000   6.87000    30.24300  
H    21.51900   8.11300    29.99200  
H    22.81600   7.94400    28.84300  
S    23.52400   9.10100    30.85800  
C    23.11100   8.53800    32.52500  
H    23.46500   9.34800    33.16900  
H    22.04200   8.53400    32.75200  
H    23.60200   7.58500    32.73900  
O    22.75100   10.36100   30.62700  
C    19.74000   12.53300   23.55900  
H    19.67700   13.30200   22.78500  
H    18.81200   11.97500   23.70700  
H    19.86600   12.87000   24.59100  
S    21.00300   11.29400   23.19200  
C    20.71400   11.19900   21.41100  
H    20.87600   12.09900   20.81200  
H    21.34500   10.44900   20.92800  
H    19.70100   10.88600   21.14300  
O    20.56900   10.05800   23.91600  
C    28.16200   13.87200   27.80500  
H    27.13000   13.64300   27.52500  
H    28.82900   14.16400   26.99000  
H    28.63300   12.96700   28.19500  
S    28.23700   15.05900   29.16500  
C    27.28400   16.48500   28.59600  
H    27.80500   17.06200   27.82700  
H    26.30500   16.04300   28.39300  
H    27.14700   17.20100   29.41000  
O    29.70600   15.34700   29.18100  
C    23.97400   20.88400   21.79500  
H    23.98000   21.66700   21.03300  
H    23.47700   20.00500   21.37600  
H    23.36500   21.12000   22.67200  
S    25.61100   20.36400   22.35800  
C    26.20900   20.00900   20.69000  
H    27.15700   19.48200   20.82600  
H    25.44900   19.38300   20.21500  
H    26.52900   20.95500   20.24500  
O    25.27700   18.99400   22.86000  
C    15.21900   14.41000   28.98200  
H    15.29200   15.44200   29.33500  
H    15.39400   14.15700   27.93300  
H    14.21800   14.08500   29.27600  
S    16.39000   13.37100   29.88500  
C    16.17700   13.98100   31.57300  
H    15.97600   15.05500   31.60200  
H    15.53600   13.28000   32.11200  
H    17.18100   13.85400   31.98600  
O    17.66400   14.06300   29.51100  
C    17.73700   17.60200   26.33200  
H    18.46600   17.36800   27.11300  
H    17.92200   16.97400   25.45700  
H    17.73500   18.68200   26.16600  
S    16.28500   17.14800   27.30700  
C    15.24000   18.16100   26.23600  
H    15.46300   17.94200   25.18900  
H    14.18000   18.00600   26.45400  
H    15.44400   19.21700   26.43000  
O    16.42600   18.02400   28.51300  
C    18.69600   17.95100   30.66500  
H    18.58500   18.12800   31.73700  
H    18.66900   18.86900   30.07200  
H    17.91400   17.25600   30.35000  
S    20.30000   17.14700   30.45300  
C    19.95900   15.79500   31.60200  
H    19.06700   15.26400   31.25900  
H    20.77700   15.07000   31.57600  
H    19.86900   16.17400   32.62300  
O    21.09000   18.19700   31.17000  
C    23.31300   13.65200   31.94300  
H    22.36600   14.11000   32.24300  
H    23.17700   12.58200   31.76900  
H    23.96200   13.62600   32.82200  
S    23.88300   14.46300   30.43200  
C    24.04900   16.17500   30.98600  
H    23.17200   16.52000   31.53900  
H    25.00900   16.06400   31.49600  
H    24.22900   16.79600   30.10500  
O    22.67400   14.37600   29.55400  
C    26.39500   21.88500   28.42200  
H    25.69500   21.20100   27.93600  
H    26.00500   22.52600   29.21700  
H    26.94500   22.52400   27.72800  
S    27.64600   20.73700   29.04200  
C    28.16800   20.13300   27.42100  
H    28.65700   19.18200   27.64700  
H    27.29200   19.99800   26.78000  
H    28.93800   20.78900   27.00700  
O    26.82400   19.58000   29.51700  
C    28.12100   17.75500   24.48600  
H    27.12900   17.74600   24.02700  
H    28.84800   17.06100   24.05500  
H    28.10000   17.41200   25.52400  
S    28.91500   19.37200   24.35000  
C    29.32800   19.03000   22.62400  
H    28.42900   18.71300   22.08900  
H    29.76300   19.92700   22.17500  
H    29.98600   18.15900   22.68100  
O    30.24500   19.31800   25.03500  
C    20.16500   12.20500   31.06100  
H    20.75800   13.10000   30.85800  
H    20.57000   11.42000   30.41700  
H    19.13800   12.34100   30.71200  
S    20.34800   11.53600   32.73000  
C    18.82900   10.57700   32.53400  
H    18.81000   9.90400    31.67300  
H    18.69900   9.90600    33.38800  
H    18.00700   11.28700   32.65000  
O    19.92900   12.68900   33.58900  
C    26.89900   16.03300   21.20400  
H    27.76700   16.12400   20.54500  
H    26.32400   16.96200   21.22900  
H    27.11800   15.71800   22.22700  
S    25.67800   14.82100   20.65100  
C    24.54500   15.28500   21.98000  
H    24.33700   16.35500   21.89100  
H    23.61900   14.72900   21.80900  
H    25.01200   14.94200   22.90600  
O    26.07400   13.43100   21.04300  
C    24.41300   25.87100   25.82100  
H    24.31400   26.67500   26.55600  
H    24.85300   26.10000   24.84700  
H    23.43400   25.44700   25.58400  
S    25.20600   24.38200   26.46800  
C    26.68200   25.29500   26.97000  
H    27.01600   25.74600   26.03200  
H    26.56200   26.11100   27.68800  
H    27.45100   24.60000   27.31600  
O    25.66300   23.58800   25.28500  
C    20.03300   8.86500    27.67700  
H    20.40400   8.91400    26.65000  
H    20.68500   9.32900    28.42100  
H    19.83600   7.81500    27.90600  
S    18.48800   9.79500    27.79300  
C    19.26000   11.39600   27.46600  
H    20.12000   11.57900   28.11500  
H    19.48600   11.44300   26.39700  
H    18.62500   12.21400   27.81300  
O    18.29400   10.04900   29.25500  
C    20.64500   21.30800   28.84200  
H    19.81500   20.64300   29.09400  
H    21.56700   20.72100   28.86700  
H    20.81700   22.14000   29.52900  
S    20.44900   21.79900   27.11400  
C    21.93100   22.83300   27.13100  
H    22.79400   22.18100   27.28600  
H    21.90600   23.33700   26.16200  
H    21.99600   23.60100   27.90700  
O    19.45900   22.92100   27.13400  
C    16.21600   23.78100   27.63100  
H    16.40000   24.36800   28.53400  
H    17.15200   23.40000   27.21500  
H    15.61400   24.34900   26.91600  
S    15.26100   22.34400   28.16800  
C    16.57900   21.19500   28.62400  
H    15.99800   20.35200   29.00700  
H    17.10400   20.94700   27.69800  
H    17.21500   21.58300   29.42400  
O    14.69200   21.75800   26.91300  
C    23.07700   11.81800   27.28900  
H    22.65800   10.98400   27.85800  
H    23.03300   12.74300   27.87000  
H    22.32100   12.01900   26.52600  
S    24.72100   11.53500   26.59300  
C    25.44300   11.25200   28.22500  
H    25.16100   12.11300   28.83600  
H    25.06900   10.36200   28.73900  
H    26.52100   11.13800   28.08700  
O    25.19600   12.85800   26.08000  
C    23.58500   17.83600   16.88500  
H    24.17100   18.75000   16.75300  
H    24.21300   16.99000   16.59700  
H    22.67200   17.92500   16.29000  
S    23.19200   17.86800   18.64900  
C    22.77800   16.11200   18.53600  
H    23.66000   15.51700   18.28600  
H    22.33100   15.80900   19.48600  
H    22.09100   15.90800   17.71100  
O    21.91100   18.64200   18.67800  
C    28.48800   24.30100   23.46600  
H    29.29100   24.94700   23.83100  
H    27.92200   24.79100   22.66900  
H    27.71700   24.10900   24.21600  
S    29.17500   22.70900   22.95900  
C    30.67000   23.46500   22.28100  
H    31.05700   22.70400   21.59800  
H    30.45900   24.33400   21.65300  
H    31.41900   23.69400   23.04400  
O    28.43600   22.34800   21.70800  
C    24.52900   10.14700   21.93600  
H    24.68300   11.10300   21.42900  
H    24.43800   9.33900    21.20600  
H    23.66800   10.11100   22.60900  
S    25.99200   9.67000    22.88200  
C    27.27400   9.69200    21.60800  
H    27.31800   10.62800   21.04600  
H    28.24100   9.57100    22.10400  
H    27.00300   8.86400    20.94800  
O    25.94100   8.22100    23.25300  
$end

$rem
JOBTYPE  SP
METHOD  B3LYP
BASIS  6-31+G(D)
SYMMETRY  FALSE
SYM_IGNORE  TRUE
MEM_TOTAL  16000
MEM_STATIC  8000
MAX_SUB_FILE_NUM  16000
BASIS_LIN_DEP_THRESH  6
THRESH  14
SCF_CONVERGENCE  8
GEN_SCFMAN  FALSE
SCF_GUESS  READ
FD_MAT_VEC_PROD  FALSE
XC_GRID  000075000302
NL_GRID  1
MAX_SCF_CYCLES  200
SKIP_SCFMAN  TRUE
ESP_GRID  0
ESP_EFIELD  1
$end
