$molecule
0 1
--
0 1
C    23.69700   15.40300   28.16600  
C    23.96200   14.51100   26.94200  
C    25.44600   14.57700   26.54500  
C    26.34600   14.29700   27.76000  
C    25.98200   15.08000   29.03200  
C    24.49900   14.81100   29.33600  
H    25.59400   13.92500   25.67500  
H    23.76100   13.44900   27.12800  
H    24.17400   16.35200   27.88900  
H    22.62300   15.57000   28.31400  
H    26.23400   13.22000   27.93500  
H    27.39500   14.37800   27.45100  
H    26.55400   14.65900   29.86800  
H    26.28800   16.13200   28.98100  
H    24.24100   13.76600   29.54700  
H    24.28300   15.36100   30.26100  
H    25.64000   15.59600   26.18900  
N    23.18900   14.90100   25.76300  
H    22.87200   15.86200   25.79700  
C    22.93700   14.07000   24.69200  
H    22.43400   14.55100   23.83400  
O    23.28300   12.90100   24.68900  
--
0 1
C    20.07000   17.86300   29.80000  
H    19.43700   17.20800   30.40400  
H    21.11300   17.57700   29.96200  
H    19.92500   18.89500   30.12800  
S    19.68600   17.75900   28.03700  
C    20.91100   18.84800   27.27800  
H    21.07200   19.76800   27.84700  
H    21.73900   18.19100   27.00100  
H    20.49400   19.13500   26.31000  
O    18.41600   18.52700   27.84800  
C    18.99100   19.56000   21.38900  
H    19.31900   20.05100   20.47000  
H    19.86000   19.17400   21.92900  
H    18.29200   18.72600   21.28700  
S    18.55700   20.80800   22.62200  
C    19.99700   21.85100   22.30000  
H    20.27600   22.42100   23.19000  
H    20.92900   21.28200   22.25900  
H    19.81600   22.47500   21.42100  
O    18.99900   20.22200   23.92700  
C    28.55000   10.93300   26.69200  
H    28.45000   11.85100   27.27700  
H    28.15700   11.21200   25.71000  
H    28.07600   10.04400   27.11500  
S    30.32600   10.60100   26.67600  
C    30.18400   9.22400    25.51400  
H    31.20500   8.89500    25.30400  
H    29.61700   8.40800    25.96900  
H    29.68300   9.53000    24.59200  
O    30.57600   9.72000    27.86000  
C    16.82700   11.30900   19.02300  
H    16.68000   10.22700   19.07500  
H    15.94600   11.95000   18.93700  
H    17.33800   11.49700   18.07500  
S    17.83200   11.93400   20.38800  
C    16.57700   11.63900   21.65500  
H    16.67100   12.35700   22.47300  
H    15.63000   11.69500   21.11300  
H    16.84300   10.63300   21.98900  
O    17.91900   13.42000   20.22900  
C    24.63400   18.57800   35.36200  
H    24.57600   17.80200   36.12900  
H    24.11800   19.48600   35.68500  
H    24.15200   18.16700   34.47100  
S    26.36200   18.96500   35.00400  
C    26.69100   19.19600   36.76600  
H    26.29600   20.16900   37.07000  
H    26.21800   18.35200   37.27400  
H    27.77100   19.10000   36.90500  
O    26.23400   20.36900   34.49900  
C    23.87400   10.29100   34.78600  
H    23.22600   9.46900    35.10000  
H    24.46300   9.93900    33.93600  
H    24.38900   10.55200   35.71400  
S    22.75000   11.64900   34.38700  
C    22.41200   11.15200   32.68300  
H    21.72100   10.30600   32.71000  
H    21.93200   11.97400   32.14600  
H    23.43100   11.04600   32.30400  
O    23.69000   12.80100   34.21100  
C    18.90800   9.91300    31.02700  
H    18.95600   10.66400   30.23500  
H    17.89900   9.49800    31.09600  
H    19.26300   10.22600   32.01300  
S    19.72100   8.36000    30.59100  
C    21.02300   8.95500    29.48900  
H    21.36800   9.94300    29.80600  
H    21.87100   8.26600    29.45600  
H    20.60400   9.11800    28.49300  
O    18.77800   7.72000    29.62000  
C    28.44200   20.58200   31.71800  
H    27.43800   20.79400   32.09600  
H    29.04200   20.58800   32.63200  
H    28.74800   21.27300   30.92800  
S    28.48000   18.97800   30.88700  
C    30.18800   19.00300   30.29600  
H    30.59000   17.98700   30.26200  
H    30.22400   19.33300   29.25500  
H    30.79900   19.71700   30.85300  
O    27.76800   19.16800   29.58400  
C    31.55400   15.27800   23.16800  
H    31.52500   15.45200   22.09000  
H    30.57800   15.49100   23.61300  
H    32.33900   15.97600   23.47200  
S    31.81800   13.52500   23.51500  
C    30.07800   13.03800   23.50900  
H    29.72300   13.27700   22.50300  
H    29.84300   11.97100   23.54200  
H    29.52100   13.53700   24.30600  
O    32.10400   13.46500   24.98300  
C    21.28800   15.30700   34.23000  
H    22.35800   15.26800   34.44900  
H    20.86100   15.87500   35.06100  
H    20.98600   14.27000   34.05900  
S    20.94400   16.13300   32.66100  
C    21.77000   14.96200   31.56100  
H    22.70300   14.61900   32.01700  
H    21.06200   14.13400   31.47900  
H    21.80800   15.38800   30.55500  
O    21.69800   17.41600   32.82700  
C    30.17600   13.11200   32.89000  
H    30.85400   12.43900   33.42100  
H    29.94300   13.95200   33.54900  
H    29.30000   12.55800   32.54000  
S    30.98900   13.86900   31.46500  
C    29.75400   15.17200   31.26200  
H    29.75100   16.03700   31.93000  
H    30.07500   15.53700   30.28300  
H    28.78300   14.67300   31.20300  
O    30.56500   12.92400   30.38400  
C    24.53600   14.03600   20.75800  
H    25.60900   14.11500   20.56900  
H    24.28800   14.22200   21.80700  
H    24.23700   13.05600   20.37800  
S    23.52100   15.18100   19.79700  
C    24.92200   15.74300   18.80400  
H    25.20400   15.05900   17.99900  
H    24.52600   16.65400   18.35000  
H    25.72300   16.05900   19.47800  
O    23.31800   16.39800   20.64400  
C    25.20400   21.95600   29.67300  
H    25.08700   23.02500   29.87200  
H    25.93300   21.53900   30.37400  
H    25.26600   21.59200   28.64500  
S    23.65700   21.29200   30.32800  
C    23.94900   19.54100   29.99100  
H    23.97000   19.42300   28.90400  
H    24.92600   19.41600   30.46400  
H    23.16800   18.90600   30.41700  
O    22.67600   21.63300   29.25000  
C    29.77500   17.93400   24.44200  
H    30.68100   17.32400   24.48200  
H    29.47700   18.11200   23.40600  
H    29.94000   18.91600   24.89300  
S    28.36700   17.09400   25.20200  
C    28.92800   16.97700   26.91600  
H    29.21200   15.92500   26.99700  
H    29.64500   17.72800   27.25700  
H    28.01900   17.04400   27.52000  
O    28.57900   15.74100   24.59800  
C    25.35400   18.36500   23.30400  
H    25.13600   18.75100   22.30500  
H    25.60900   19.30000   23.80900  
H    26.10800   17.57500   23.34800  
S    23.82700   17.67200   23.97800  
C    22.85600   19.07000   23.37200  
H    23.39100   20.01100   23.52300  
H    22.61000   18.99100   22.31000  
H    21.93000   19.13800   23.94900  
O    24.10200   17.88800   25.43300  
C    16.60100   9.97700    25.28200  
H    16.02100   9.81200    24.37000  
H    16.07300   9.57100    26.14800  
H    16.93100   11.01500   25.37100  
S    18.09600   9.03100    24.91400  
C    18.94000   9.52600    26.43300  
H    19.95600   9.13500    26.33300  
H    18.99400   10.61300   26.52800  
H    18.33800   9.01600    27.18900  
O    18.74100   9.85100    23.84100  
C    24.42300   22.67700   25.61400  
H    25.05100   22.26700   24.81900  
H    24.83700   23.62700   25.96000  
H    24.38500   22.00400   26.47400  
S    22.72500   22.87200   25.02800  
C    21.99300   21.32000   25.59600  
H    21.05700   21.11600   25.07100  
H    22.73800   20.53100   25.46500  
H    21.79700   21.42700   26.66600  
O    22.80700   22.62200   23.55400  
C    20.85200   12.27800   21.98300  
H    21.60800   12.91300   22.45200  
H    20.38100   12.89900   21.21600  
H    20.23400   12.01600   22.84500  
S    21.54700   10.74100   21.33600  
C    22.07200   10.28200   23.00400  
H    21.13800   10.19700   23.56500  
H    22.53500   9.29200    22.99200  
H    22.76500   11.08500   23.27000  
O    22.76800   11.15600   20.57500  
C    17.90100   13.62000   28.93900  
H    17.37400   14.48600   29.34800  
H    17.47200   13.23400   28.01100  
H    17.86000   12.83900   29.70300  
S    19.66300   14.01800   28.90500  
C    19.72500   14.44300   27.15000  
H    20.79100   14.46400   26.90800  
H    19.12500   13.76000   26.54300  
H    19.28900   15.43900   27.04200  
O    20.40400   12.73100   28.71700  
C    27.78000   18.10500   20.04400  
H    28.11700   18.49500   21.00800  
H    28.01000   18.82900   19.25800  
H    26.68800   18.09300   20.04100  
S    28.43800   16.49900   19.54200  
C    27.88400   15.64200   21.03400  
H    28.51900   15.94200   21.87100  
H    26.86400   15.94100   21.28800  
H    27.84700   14.58300   20.76500  
O    29.90200   16.62400   19.82600  
C    25.28200   15.16900   33.34900  
H    25.08100   14.19000   32.90600  
H    24.63000   15.29900   34.21600  
H    25.03400   15.89900   32.57500  
S    27.03200   15.06300   33.78800  
C    26.87300   14.74000   35.55900  
H    27.84100   14.60100   36.04600  
H    26.37800   15.63500   35.94500  
H    26.16200   13.96700   35.86100  
O    27.56300   16.46300   33.80500  
C    29.56400   22.35800   28.20600  
H    30.12700   21.46300   28.48400  
H    30.12000   23.28800   28.34900  
H    28.71200   22.35400   28.89000  
S    28.88400   22.11800   26.54900  
C    27.77000   20.74700   26.93100  
H    28.43800   19.91400   27.16600  
H    27.14300   21.01100   27.78700  
H    27.22200   20.45700   26.03100  
O    30.06200   21.44500   25.91600  
C    26.50800   12.15400   31.82900  
H    25.90900   12.40400   30.94900  
H    25.92000   12.13600   32.74900  
H    27.31000   12.89500   31.88400  
S    27.10100   10.46000   31.61900  
C    28.05500   10.90200   30.15000  
H    28.18700   10.05200   29.47600  
H    27.71300   11.80400   29.63500  
H    29.02300   11.21600   30.54800  
O    25.89600   9.77200    31.05700  
C    24.49100   10.02800   28.50800  
H    23.98300   9.06200    28.45800  
H    25.53400   9.78200    28.72500  
H    23.98100   10.66200   29.23800  
S    24.42900   10.69700   26.83100  
C    22.63500   10.53400   26.68800  
H    22.32100   9.49500    26.55200  
H    22.21200   10.88100   27.63500  
H    22.40700   11.17300   25.83200  
O    24.77100   9.54400    25.93900  
C    35.25100   15.74700   28.77800  
H    35.75000   14.82900   28.45600  
H    35.28400   16.58800   28.08200  
H    35.76100   16.12200   29.66900  
S    33.62500   15.20000   29.34700  
C    32.97400   14.74500   27.72400  
H    33.82100   14.21000   27.28700  
H    32.10100   14.09500   27.82500  
H    32.65900   15.62100   27.15100  
O    32.88800   16.45300   29.70100  
C    25.41700   10.48200   22.15600  
H    25.67500   9.62400    21.53000  
H    24.83100   10.20300   23.03500  
H    24.82400   11.16700   21.54400  
S    27.02700   11.10400   22.69200  
C    26.52800   12.49800   23.72800  
H    25.92600   12.20700   24.59300  
H    27.34200   13.11700   24.11400  
H    25.94700   13.21900   23.14700  
O    27.48700   11.83400   21.46900  
C    18.37000   16.85800   24.49200  
H    18.20000   15.82400   24.80600  
H    18.41100   17.40400   25.43800  
H    17.61000   17.24300   23.80700  
S    20.02900   17.01400   23.79500  
C    19.86500   15.55700   22.73900  
H    19.46400   14.70500   23.29500  
H    19.23600   15.78700   21.87400  
H    20.88700   15.35700   22.40900  
O    20.84900   16.51500   24.94500  
$end

$rem
JOBTYPE  SP
METHOD  B3LYP
BASIS  6-31+G(D)
SYMMETRY  FALSE
SYM_IGNORE  TRUE
MEM_TOTAL  12000
MEM_STATIC  4000
BASIS_LIN_DEP_THRESH  6
THRESH  14
SCF_CONVERGENCE  8
FD_MAT_VEC_PROD  FALSE
XC_GRID  000075000302
NL_GRID  1
MAX_SCF_CYCLES  200
ENV_METHOD  B3LYP
GEN_SCFMAN_EMBED  TRUE
SPADE_PARTITION  TRUE
EMBEDDING_EARLY_STOP  TRUE
$end

@@@

$molecule
0 1
@C    23.69700   15.40300   28.16600  
@C    23.96200   14.51100   26.94200  
@C    25.44600   14.57700   26.54500  
@C    26.34600   14.29700   27.76000  
@C    25.98200   15.08000   29.03200  
@C    24.49900   14.81100   29.33600  
@H    25.59400   13.92500   25.67500  
@H    23.76100   13.44900   27.12800  
@H    24.17400   16.35200   27.88900  
@H    22.62300   15.57000   28.31400  
@H    26.23400   13.22000   27.93500  
@H    27.39500   14.37800   27.45100  
@H    26.55400   14.65900   29.86800  
@H    26.28800   16.13200   28.98100  
@H    24.24100   13.76600   29.54700  
@H    24.28300   15.36100   30.26100  
@H    25.64000   15.59600   26.18900  
@N    23.18900   14.90100   25.76300  
@H    22.87200   15.86200   25.79700  
@C    22.93700   14.07000   24.69200  
@H    22.43400   14.55100   23.83400  
@O    23.28300   12.90100   24.68900  
C    20.07000   17.86300   29.80000  
H    19.43700   17.20800   30.40400  
H    21.11300   17.57700   29.96200  
H    19.92500   18.89500   30.12800  
S    19.68600   17.75900   28.03700  
C    20.91100   18.84800   27.27800  
H    21.07200   19.76800   27.84700  
H    21.73900   18.19100   27.00100  
H    20.49400   19.13500   26.31000  
O    18.41600   18.52700   27.84800  
C    18.99100   19.56000   21.38900  
H    19.31900   20.05100   20.47000  
H    19.86000   19.17400   21.92900  
H    18.29200   18.72600   21.28700  
S    18.55700   20.80800   22.62200  
C    19.99700   21.85100   22.30000  
H    20.27600   22.42100   23.19000  
H    20.92900   21.28200   22.25900  
H    19.81600   22.47500   21.42100  
O    18.99900   20.22200   23.92700  
C    28.55000   10.93300   26.69200  
H    28.45000   11.85100   27.27700  
H    28.15700   11.21200   25.71000  
H    28.07600   10.04400   27.11500  
S    30.32600   10.60100   26.67600  
C    30.18400   9.22400    25.51400  
H    31.20500   8.89500    25.30400  
H    29.61700   8.40800    25.96900  
H    29.68300   9.53000    24.59200  
O    30.57600   9.72000    27.86000  
C    16.82700   11.30900   19.02300  
H    16.68000   10.22700   19.07500  
H    15.94600   11.95000   18.93700  
H    17.33800   11.49700   18.07500  
S    17.83200   11.93400   20.38800  
C    16.57700   11.63900   21.65500  
H    16.67100   12.35700   22.47300  
H    15.63000   11.69500   21.11300  
H    16.84300   10.63300   21.98900  
O    17.91900   13.42000   20.22900  
C    24.63400   18.57800   35.36200  
H    24.57600   17.80200   36.12900  
H    24.11800   19.48600   35.68500  
H    24.15200   18.16700   34.47100  
S    26.36200   18.96500   35.00400  
C    26.69100   19.19600   36.76600  
H    26.29600   20.16900   37.07000  
H    26.21800   18.35200   37.27400  
H    27.77100   19.10000   36.90500  
O    26.23400   20.36900   34.49900  
C    23.87400   10.29100   34.78600  
H    23.22600   9.46900    35.10000  
H    24.46300   9.93900    33.93600  
H    24.38900   10.55200   35.71400  
S    22.75000   11.64900   34.38700  
C    22.41200   11.15200   32.68300  
H    21.72100   10.30600   32.71000  
H    21.93200   11.97400   32.14600  
H    23.43100   11.04600   32.30400  
O    23.69000   12.80100   34.21100  
C    18.90800   9.91300    31.02700  
H    18.95600   10.66400   30.23500  
H    17.89900   9.49800    31.09600  
H    19.26300   10.22600   32.01300  
S    19.72100   8.36000    30.59100  
C    21.02300   8.95500    29.48900  
H    21.36800   9.94300    29.80600  
H    21.87100   8.26600    29.45600  
H    20.60400   9.11800    28.49300  
O    18.77800   7.72000    29.62000  
C    28.44200   20.58200   31.71800  
H    27.43800   20.79400   32.09600  
H    29.04200   20.58800   32.63200  
H    28.74800   21.27300   30.92800  
S    28.48000   18.97800   30.88700  
C    30.18800   19.00300   30.29600  
H    30.59000   17.98700   30.26200  
H    30.22400   19.33300   29.25500  
H    30.79900   19.71700   30.85300  
O    27.76800   19.16800   29.58400  
C    31.55400   15.27800   23.16800  
H    31.52500   15.45200   22.09000  
H    30.57800   15.49100   23.61300  
H    32.33900   15.97600   23.47200  
S    31.81800   13.52500   23.51500  
C    30.07800   13.03800   23.50900  
H    29.72300   13.27700   22.50300  
H    29.84300   11.97100   23.54200  
H    29.52100   13.53700   24.30600  
O    32.10400   13.46500   24.98300  
C    21.28800   15.30700   34.23000  
H    22.35800   15.26800   34.44900  
H    20.86100   15.87500   35.06100  
H    20.98600   14.27000   34.05900  
S    20.94400   16.13300   32.66100  
C    21.77000   14.96200   31.56100  
H    22.70300   14.61900   32.01700  
H    21.06200   14.13400   31.47900  
H    21.80800   15.38800   30.55500  
O    21.69800   17.41600   32.82700  
C    30.17600   13.11200   32.89000  
H    30.85400   12.43900   33.42100  
H    29.94300   13.95200   33.54900  
H    29.30000   12.55800   32.54000  
S    30.98900   13.86900   31.46500  
C    29.75400   15.17200   31.26200  
H    29.75100   16.03700   31.93000  
H    30.07500   15.53700   30.28300  
H    28.78300   14.67300   31.20300  
O    30.56500   12.92400   30.38400  
C    24.53600   14.03600   20.75800  
H    25.60900   14.11500   20.56900  
H    24.28800   14.22200   21.80700  
H    24.23700   13.05600   20.37800  
S    23.52100   15.18100   19.79700  
C    24.92200   15.74300   18.80400  
H    25.20400   15.05900   17.99900  
H    24.52600   16.65400   18.35000  
H    25.72300   16.05900   19.47800  
O    23.31800   16.39800   20.64400  
C    25.20400   21.95600   29.67300  
H    25.08700   23.02500   29.87200  
H    25.93300   21.53900   30.37400  
H    25.26600   21.59200   28.64500  
S    23.65700   21.29200   30.32800  
C    23.94900   19.54100   29.99100  
H    23.97000   19.42300   28.90400  
H    24.92600   19.41600   30.46400  
H    23.16800   18.90600   30.41700  
O    22.67600   21.63300   29.25000  
C    29.77500   17.93400   24.44200  
H    30.68100   17.32400   24.48200  
H    29.47700   18.11200   23.40600  
H    29.94000   18.91600   24.89300  
S    28.36700   17.09400   25.20200  
C    28.92800   16.97700   26.91600  
H    29.21200   15.92500   26.99700  
H    29.64500   17.72800   27.25700  
H    28.01900   17.04400   27.52000  
O    28.57900   15.74100   24.59800  
C    25.35400   18.36500   23.30400  
H    25.13600   18.75100   22.30500  
H    25.60900   19.30000   23.80900  
H    26.10800   17.57500   23.34800  
S    23.82700   17.67200   23.97800  
C    22.85600   19.07000   23.37200  
H    23.39100   20.01100   23.52300  
H    22.61000   18.99100   22.31000  
H    21.93000   19.13800   23.94900  
O    24.10200   17.88800   25.43300  
C    16.60100   9.97700    25.28200  
H    16.02100   9.81200    24.37000  
H    16.07300   9.57100    26.14800  
H    16.93100   11.01500   25.37100  
S    18.09600   9.03100    24.91400  
C    18.94000   9.52600    26.43300  
H    19.95600   9.13500    26.33300  
H    18.99400   10.61300   26.52800  
H    18.33800   9.01600    27.18900  
O    18.74100   9.85100    23.84100  
C    24.42300   22.67700   25.61400  
H    25.05100   22.26700   24.81900  
H    24.83700   23.62700   25.96000  
H    24.38500   22.00400   26.47400  
S    22.72500   22.87200   25.02800  
C    21.99300   21.32000   25.59600  
H    21.05700   21.11600   25.07100  
H    22.73800   20.53100   25.46500  
H    21.79700   21.42700   26.66600  
O    22.80700   22.62200   23.55400  
C    20.85200   12.27800   21.98300  
H    21.60800   12.91300   22.45200  
H    20.38100   12.89900   21.21600  
H    20.23400   12.01600   22.84500  
S    21.54700   10.74100   21.33600  
C    22.07200   10.28200   23.00400  
H    21.13800   10.19700   23.56500  
H    22.53500   9.29200    22.99200  
H    22.76500   11.08500   23.27000  
O    22.76800   11.15600   20.57500  
C    17.90100   13.62000   28.93900  
H    17.37400   14.48600   29.34800  
H    17.47200   13.23400   28.01100  
H    17.86000   12.83900   29.70300  
S    19.66300   14.01800   28.90500  
C    19.72500   14.44300   27.15000  
H    20.79100   14.46400   26.90800  
H    19.12500   13.76000   26.54300  
H    19.28900   15.43900   27.04200  
O    20.40400   12.73100   28.71700  
C    27.78000   18.10500   20.04400  
H    28.11700   18.49500   21.00800  
H    28.01000   18.82900   19.25800  
H    26.68800   18.09300   20.04100  
S    28.43800   16.49900   19.54200  
C    27.88400   15.64200   21.03400  
H    28.51900   15.94200   21.87100  
H    26.86400   15.94100   21.28800  
H    27.84700   14.58300   20.76500  
O    29.90200   16.62400   19.82600  
C    25.28200   15.16900   33.34900  
H    25.08100   14.19000   32.90600  
H    24.63000   15.29900   34.21600  
H    25.03400   15.89900   32.57500  
S    27.03200   15.06300   33.78800  
C    26.87300   14.74000   35.55900  
H    27.84100   14.60100   36.04600  
H    26.37800   15.63500   35.94500  
H    26.16200   13.96700   35.86100  
O    27.56300   16.46300   33.80500  
C    29.56400   22.35800   28.20600  
H    30.12700   21.46300   28.48400  
H    30.12000   23.28800   28.34900  
H    28.71200   22.35400   28.89000  
S    28.88400   22.11800   26.54900  
C    27.77000   20.74700   26.93100  
H    28.43800   19.91400   27.16600  
H    27.14300   21.01100   27.78700  
H    27.22200   20.45700   26.03100  
O    30.06200   21.44500   25.91600  
C    26.50800   12.15400   31.82900  
H    25.90900   12.40400   30.94900  
H    25.92000   12.13600   32.74900  
H    27.31000   12.89500   31.88400  
S    27.10100   10.46000   31.61900  
C    28.05500   10.90200   30.15000  
H    28.18700   10.05200   29.47600  
H    27.71300   11.80400   29.63500  
H    29.02300   11.21600   30.54800  
O    25.89600   9.77200    31.05700  
C    24.49100   10.02800   28.50800  
H    23.98300   9.06200    28.45800  
H    25.53400   9.78200    28.72500  
H    23.98100   10.66200   29.23800  
S    24.42900   10.69700   26.83100  
C    22.63500   10.53400   26.68800  
H    22.32100   9.49500    26.55200  
H    22.21200   10.88100   27.63500  
H    22.40700   11.17300   25.83200  
O    24.77100   9.54400    25.93900  
C    35.25100   15.74700   28.77800  
H    35.75000   14.82900   28.45600  
H    35.28400   16.58800   28.08200  
H    35.76100   16.12200   29.66900  
S    33.62500   15.20000   29.34700  
C    32.97400   14.74500   27.72400  
H    33.82100   14.21000   27.28700  
H    32.10100   14.09500   27.82500  
H    32.65900   15.62100   27.15100  
O    32.88800   16.45300   29.70100  
C    25.41700   10.48200   22.15600  
H    25.67500   9.62400    21.53000  
H    24.83100   10.20300   23.03500  
H    24.82400   11.16700   21.54400  
S    27.02700   11.10400   22.69200  
C    26.52800   12.49800   23.72800  
H    25.92600   12.20700   24.59300  
H    27.34200   13.11700   24.11400  
H    25.94700   13.21900   23.14700  
O    27.48700   11.83400   21.46900  
C    18.37000   16.85800   24.49200  
H    18.20000   15.82400   24.80600  
H    18.41100   17.40400   25.43800  
H    17.61000   17.24300   23.80700  
S    20.02900   17.01400   23.79500  
C    19.86500   15.55700   22.73900  
H    19.46400   14.70500   23.29500  
H    19.23600   15.78700   21.87400  
H    20.88700   15.35700   22.40900  
O    20.84900   16.51500   24.94500  
$end

$rem
JOBTYPE  SP
METHOD  B3LYP
BASIS  6-31+G(D)
SYMMETRY  FALSE
SYM_IGNORE  TRUE
MEM_TOTAL  12000
MEM_STATIC  4000
BASIS_LIN_DEP_THRESH  6
THRESH  14
SCF_CONVERGENCE  8
FD_MAT_VEC_PROD  FALSE
XC_GRID  000075000302
NL_GRID  1
MAX_SCF_CYCLES  200
SCF_GUESS  READ
GEN_SCFMAN  FALSE
SKIP_SCFMAN  TRUE
ESP_GRID  0
ESP_EFIELD  1
$end
