$molecule
0 1
--
0 1
C    25.49500   18.85300   26.12800  
C    24.58200   20.09000   26.15700  
C    25.35800   21.33300   26.62200  
C    26.74200   21.49300   25.97300  
C    27.58000   20.20400   25.97200  
C    26.78700   19.05900   25.32000  
H    24.82700   22.22100   26.25600  
H    24.27000   20.31800   25.13000  
H    25.56100   18.33800   27.09400  
H    24.90100   18.19400   25.48400  
H    26.64100   21.80100   24.92500  
H    27.32900   22.29900   26.43000  
H    28.44200   20.35100   25.31100  
H    27.90600   20.05900   27.01000  
H    26.54600   19.30100   24.27800  
H    27.30900   18.09900   25.22500  
H    25.45100   21.41200   27.71200  
N    23.43700   19.78700   27.01300  
H    23.48400   20.12200   27.96700  
C    22.24600   19.19900   26.64100  
H    21.47200   19.17500   27.42900  
O    22.04000   18.76100   25.52300  
--
0 1
C    20.70800   27.65100   28.43400  
H    20.70300   28.74400   28.42700  
H    19.73300   27.20000   28.63700  
H    21.48100   27.23400   29.08500  
S    20.91900   27.08300   26.73200  
C    22.17600   28.25600   26.17500  
H    22.76400   27.85300   25.34700  
H    21.88800   29.29100   25.97600  
H    22.84600   28.19900   27.03700  
O    19.64600   27.57900   26.12000  
C    21.41400   18.09400   22.49200  
H    21.06200   17.19700   23.00800  
H    20.94000   18.92100   23.02700  
H    21.14700   18.09700   21.43200  
S    23.21400   18.25900   22.50300  
C    23.17100   19.81000   21.57600  
H    24.04800   19.83800   20.92500  
H    22.28500   19.67700   20.95000  
H    22.99100   20.68000   22.21400  
O    23.66700   17.21600   21.53000  
C    33.14300   18.68000   29.72800  
H    34.15900   18.48100   30.07700  
H    32.73700   19.29200   30.53800  
H    32.62300   17.75900   29.45100  
S    33.56400   19.65900   28.26900  
C    34.22400   21.05400   29.20800  
H    35.19800   20.68500   29.54100  
H    34.42400   21.94600   28.60800  
H    33.59500   21.21100   30.08700  
O    32.27000   20.18400   27.72900  
C    29.34800   15.25700   25.19200  
H    29.32600   14.17700   25.35800  
H    29.95100   15.72600   25.97300  
H    28.31100   15.59800   25.25800  
S    29.90000   15.65900   23.51900  
C    28.97100   14.27900   22.81400  
H    29.31300   13.35500   23.28600  
H    27.92200   14.48600   23.04400  
H    29.12400   14.32700   21.73300  
O    31.35600   15.31800   23.59600  
C    20.85700   22.19200   23.41100  
H    19.79900   21.91900   23.38500  
H    21.37400   22.26100   22.45100  
H    21.40200   21.48400   24.04200  
S    20.91400   23.77900   24.27300  
C    22.71900   23.81000   24.36600  
H    23.21200   23.13100   25.06600  
H    23.17600   23.53600   23.41200  
H    22.94500   24.87000   24.50400  
O    20.52300   23.39800   25.66600  
C    28.44600   26.78100   33.41400  
H    28.46800   26.00100   34.18000  
H    29.24400   27.50100   33.61000  
H    27.46200   27.23200   33.26100  
S    28.94600   25.90000   31.91800  
C    29.10600   27.21600   30.69000  
H    28.24900   27.89500   30.71300  
H    30.01800   27.75400   30.95800  
H    29.21800   26.71000   29.72800  
O    27.57300   25.47600   31.49800  
C    24.97100   17.65900   34.51800  
H    24.35700   18.33000   35.12400  
H    25.80700   17.27300   35.10600  
H    25.38200   18.18600   33.65300  
S    23.92200   16.36500   33.81800  
C    25.27800   15.70100   32.82600  
H    25.73400   16.50100   32.23700  
H    26.09500   15.37500   33.47400  
H    24.92900   14.86800   32.21000  
O    23.04900   17.05700   32.81800  
C    18.23600   13.87500   24.52400  
H    18.11400   13.28400   23.61300  
H    18.61500   13.22700   25.31800  
H    17.20900   14.07200   24.84400  
S    19.21300   15.37200   24.26300  
C    18.74600   16.05600   25.86900  
H    19.26300   17.01400   25.97600  
H    17.68500   16.17100   26.10400  
H    19.11400   15.34000   26.60800  
O    18.50600   16.06100   23.13700  
C    22.40300   14.41500   21.98200  
H    22.33400   14.22200   20.90800  
H    21.94900   15.32400   22.38300  
H    23.44800   14.55400   22.26900  
S    21.80300   12.92600   22.81300  
C    20.22700   12.94600   21.93000  
H    20.47600   12.69100   20.89700  
H    19.55300   12.20100   22.36100  
H    19.73800   13.92100   22.00200  
O    21.49800   13.33800   24.21900  
C    28.36900   16.24000   28.91000  
H    27.59400   15.65400   28.41000  
H    29.28200   16.16100   28.31500  
H    28.48000   15.80600   29.90700  
S    27.84900   17.97000   28.96500  
C    29.48300   18.72200   29.14600  
H    29.83400   18.18700   30.03200  
H    30.05600   18.55600   28.23100  
H    29.22900   19.75800   29.38600  
O    27.31400   18.10100   30.35700  
C    25.73700   22.10600   21.59700  
H    25.22200   21.67600   20.73400  
H    26.72500   21.64900   21.49800  
H    25.14600   21.84800   22.48000  
S    25.77500   23.89100   21.32100  
C    26.07800   24.34000   23.04500  
H    25.43900   23.66700   23.62300  
H    27.12600   24.17900   23.31100  
H    25.71400   25.36700   23.13000  
O    24.29100   24.08300   21.33500  
C    28.84900   26.68400   24.69800  
H    27.88900   26.18600   24.85700  
H    28.66300   27.55200   24.06000  
H    29.55800   26.07000   24.13900  
S    29.56000   27.09700   26.30700  
C    31.28600   27.02900   25.77600  
H    31.86700   27.26200   26.67200  
H    31.41300   26.00500   25.41500  
H    31.54500   27.73200   24.98000  
O    29.41900   25.84800   27.11900  
C    18.85700   20.44100   26.01000  
H    19.58000   19.65600   25.77400  
H    18.88700   21.26100   25.28900  
H    19.14700   20.84200   26.98500  
S    17.24600   19.63200   26.13200  
C    16.48300   21.15700   26.73000  
H    16.87000   21.60200   27.65100  
H    16.59300   21.82600   25.87300  
H    15.44600   20.84200   26.87300  
O    17.28800   18.80600   27.38000  
C    18.97300   17.13700   30.10800  
H    19.96800   16.70700   30.24800  
H    18.21600   16.38300   29.88200  
H    19.02200   17.79900   29.24000  
S    18.44600   18.23800   31.44100  
C    19.90400   19.26600   31.72500  
H    20.18500   19.80600   30.81700  
H    19.68800   20.10300   32.39400  
H    20.66700   18.60800   32.15000  
O    18.40000   17.45500   32.71700  
C    24.24900   17.19600   29.28000  
H    24.67900   17.52200   30.23000  
H    24.86600   16.62800   28.57900  
H    23.87900   18.10800   28.80300  
S    22.76000   16.29000   29.75500  
C    23.77100   14.79900   29.61500  
H    23.86500   14.57600   28.54900  
H    24.69300   14.98200   30.17300  
H    23.21400   13.93600   29.98800  
O    21.94000   16.33700   28.50300  
C    24.23400   22.53300   31.32300  
H    24.91100   22.72400   30.48700  
H    23.34300   23.10700   31.05400  
H    24.66200   22.86700   32.27200  
S    23.66100   20.82600   31.47100  
C    25.29800   20.06500   31.39000  
H    26.09100   20.53500   31.97900  
H    25.08500   19.04000   31.70400  
H    25.71400   20.00700   30.38100  
O    23.23100   20.43000   30.09300  
C    31.65100   19.15500   24.60200  
H    30.85000   19.88200   24.75800  
H    31.35900   18.11000   24.47700  
H    32.38800   19.21600   25.40700  
S    32.28700   19.65200   22.98600  
C    33.47300   18.31000   22.74900  
H    33.92500   18.39400   21.75700  
H    34.11600   18.36000   23.63100  
H    32.91000   17.37300   22.78000  
O    33.15800   20.80500   23.37700  
C    26.86800   17.63400   21.93100  
H    26.28500   18.06900   22.74800  
H    26.16800   17.17100   21.23000  
H    27.53700   16.85800   22.31100  
S    27.95300   18.81300   21.09600  
C    28.93800   17.53800   20.27900  
H    28.42400   16.57500   20.32900  
H    29.04500   17.94400   19.27000  
H    29.87000   17.44600   20.84300  
O    28.75600   19.27500   22.27300  
C    32.62900   14.49500   26.81800  
H    32.02100   14.41400   25.91300  
H    33.56100   13.94700   26.65800  
H    32.07900   14.03900   27.64500  
S    32.91500   16.25500   27.10900  
C    33.89000   16.67200   25.64500  
H    34.38000   17.64700   25.70200  
H    34.64300   15.88100   25.60800  
H    33.24600   16.53200   24.77300  
O    33.92600   16.11500   28.20400  
C    26.00600   27.20900   28.09000  
H    26.67700   27.35700   28.94100  
H    26.54500   27.26100   27.14100  
H    25.16500   27.89500   27.95600  
S    25.05900   25.67400   28.19100  
C    26.58000   24.71500   28.37200  
H    26.29600   23.66000   28.36600  
H    27.29300   24.69600   27.54400  
H    27.02600   25.04700   29.31400  
O    24.78600   25.37500   26.75000  
C    20.01800   23.17300   29.52800  
H    19.47800   22.69200   28.70900  
H    20.37000   22.40600   30.22200  
H    19.39100   23.80200   30.16500  
S    21.29400   24.23100   28.80900  
C    22.43300   22.98000   28.17400  
H    22.85500   22.39800   28.99700  
H    21.88500   22.27200   27.54600  
H    23.16100   23.59000   27.63300  
O    21.96200   24.90100   29.96900  
C    17.94500   19.29500   22.43700  
H    18.84800   19.78200   22.06000  
H    18.07200   18.96000   23.47000  
H    17.63100   18.40000   21.89500  
S    16.59000   20.49000   22.47000  
C    16.90100   21.10000   20.79800  
H    16.95700   20.21400   20.16100  
H    16.03000   21.71800   20.56300  
H    17.84100   21.63200   20.62800  
O    17.13200   21.60900   23.30400  
C    35.41100   23.33000   24.80100  
H    36.32100   23.90000   24.60200  
H    35.54600   22.44000   25.42200  
H    34.95400   22.90900   23.90100  
S    34.22400   24.37800   25.67100  
C    32.88500   23.16500   25.65900  
H    32.85600   22.93000   24.59100  
H    33.15200   22.29400   26.26300  
H    31.95600   23.63100   25.99500  
O    33.81100   25.32200   24.58500  
C    28.15100   22.08300   30.39300  
H    28.03100   21.35500   29.58700  
H    28.35500   21.58000   31.34100  
H    27.22400   22.66200   30.35100  
S    29.58700   23.06500   29.90500  
C    29.66200   22.57900   28.16600  
H    30.71200   22.72300   27.90200  
H    29.50800   21.49900   28.09600  
H    29.13100   23.23300   27.46900  
O    30.72000   22.35800   30.58100  
C    23.50100   15.73800   25.36600  
H    23.33200   16.78500   25.63100  
H    22.84400   15.46800   24.53600  
H    23.13300   15.16200   26.21900  
S    25.24300   15.51400   24.94100  
C    25.17000   13.70900   24.89500  
H    26.10000   13.25000   24.55200  
H    24.80500   13.26400   25.82400  
H    24.35100   13.55600   24.18800  
O    26.04900   15.69000   26.19000  
C    29.90000   22.45700   22.74400  
H    30.31200   21.45700   22.89600  
H    30.07300   23.05200   23.64500  
H    28.82200   22.38300   22.57600  
S    30.57700   23.24600   21.26600  
C    32.15900   23.70300   22.01200  
H    32.68000   24.36400   21.31600  
H    31.92700   24.25900   22.92400  
H    32.76000   22.80300   22.16600  
O    29.81100   24.53000   21.18700  
$end

$rem
JOBTYPE  SP
METHOD  B3LYP
BASIS  6-31+G(D)
SYMMETRY  FALSE
SYM_IGNORE  TRUE
MEM_TOTAL  12000
MEM_STATIC  4000
BASIS_LIN_DEP_THRESH  6
THRESH  14
SCF_CONVERGENCE  8
FD_MAT_VEC_PROD  FALSE
XC_GRID  000075000302
NL_GRID  1
MAX_SCF_CYCLES  200
ENV_METHOD  B3LYP
GEN_SCFMAN_EMBED  TRUE
SPADE_PARTITION  TRUE
EMBEDDING_EARLY_STOP  TRUE
$end

@@@

$molecule
0 1
@C    25.49500   18.85300   26.12800  
@C    24.58200   20.09000   26.15700  
@C    25.35800   21.33300   26.62200  
@C    26.74200   21.49300   25.97300  
@C    27.58000   20.20400   25.97200  
@C    26.78700   19.05900   25.32000  
@H    24.82700   22.22100   26.25600  
@H    24.27000   20.31800   25.13000  
@H    25.56100   18.33800   27.09400  
@H    24.90100   18.19400   25.48400  
@H    26.64100   21.80100   24.92500  
@H    27.32900   22.29900   26.43000  
@H    28.44200   20.35100   25.31100  
@H    27.90600   20.05900   27.01000  
@H    26.54600   19.30100   24.27800  
@H    27.30900   18.09900   25.22500  
@H    25.45100   21.41200   27.71200  
@N    23.43700   19.78700   27.01300  
@H    23.48400   20.12200   27.96700  
@C    22.24600   19.19900   26.64100  
@H    21.47200   19.17500   27.42900  
@O    22.04000   18.76100   25.52300  
C    20.70800   27.65100   28.43400  
H    20.70300   28.74400   28.42700  
H    19.73300   27.20000   28.63700  
H    21.48100   27.23400   29.08500  
S    20.91900   27.08300   26.73200  
C    22.17600   28.25600   26.17500  
H    22.76400   27.85300   25.34700  
H    21.88800   29.29100   25.97600  
H    22.84600   28.19900   27.03700  
O    19.64600   27.57900   26.12000  
C    21.41400   18.09400   22.49200  
H    21.06200   17.19700   23.00800  
H    20.94000   18.92100   23.02700  
H    21.14700   18.09700   21.43200  
S    23.21400   18.25900   22.50300  
C    23.17100   19.81000   21.57600  
H    24.04800   19.83800   20.92500  
H    22.28500   19.67700   20.95000  
H    22.99100   20.68000   22.21400  
O    23.66700   17.21600   21.53000  
C    33.14300   18.68000   29.72800  
H    34.15900   18.48100   30.07700  
H    32.73700   19.29200   30.53800  
H    32.62300   17.75900   29.45100  
S    33.56400   19.65900   28.26900  
C    34.22400   21.05400   29.20800  
H    35.19800   20.68500   29.54100  
H    34.42400   21.94600   28.60800  
H    33.59500   21.21100   30.08700  
O    32.27000   20.18400   27.72900  
C    29.34800   15.25700   25.19200  
H    29.32600   14.17700   25.35800  
H    29.95100   15.72600   25.97300  
H    28.31100   15.59800   25.25800  
S    29.90000   15.65900   23.51900  
C    28.97100   14.27900   22.81400  
H    29.31300   13.35500   23.28600  
H    27.92200   14.48600   23.04400  
H    29.12400   14.32700   21.73300  
O    31.35600   15.31800   23.59600  
C    20.85700   22.19200   23.41100  
H    19.79900   21.91900   23.38500  
H    21.37400   22.26100   22.45100  
H    21.40200   21.48400   24.04200  
S    20.91400   23.77900   24.27300  
C    22.71900   23.81000   24.36600  
H    23.21200   23.13100   25.06600  
H    23.17600   23.53600   23.41200  
H    22.94500   24.87000   24.50400  
O    20.52300   23.39800   25.66600  
C    28.44600   26.78100   33.41400  
H    28.46800   26.00100   34.18000  
H    29.24400   27.50100   33.61000  
H    27.46200   27.23200   33.26100  
S    28.94600   25.90000   31.91800  
C    29.10600   27.21600   30.69000  
H    28.24900   27.89500   30.71300  
H    30.01800   27.75400   30.95800  
H    29.21800   26.71000   29.72800  
O    27.57300   25.47600   31.49800  
C    24.97100   17.65900   34.51800  
H    24.35700   18.33000   35.12400  
H    25.80700   17.27300   35.10600  
H    25.38200   18.18600   33.65300  
S    23.92200   16.36500   33.81800  
C    25.27800   15.70100   32.82600  
H    25.73400   16.50100   32.23700  
H    26.09500   15.37500   33.47400  
H    24.92900   14.86800   32.21000  
O    23.04900   17.05700   32.81800  
C    18.23600   13.87500   24.52400  
H    18.11400   13.28400   23.61300  
H    18.61500   13.22700   25.31800  
H    17.20900   14.07200   24.84400  
S    19.21300   15.37200   24.26300  
C    18.74600   16.05600   25.86900  
H    19.26300   17.01400   25.97600  
H    17.68500   16.17100   26.10400  
H    19.11400   15.34000   26.60800  
O    18.50600   16.06100   23.13700  
C    22.40300   14.41500   21.98200  
H    22.33400   14.22200   20.90800  
H    21.94900   15.32400   22.38300  
H    23.44800   14.55400   22.26900  
S    21.80300   12.92600   22.81300  
C    20.22700   12.94600   21.93000  
H    20.47600   12.69100   20.89700  
H    19.55300   12.20100   22.36100  
H    19.73800   13.92100   22.00200  
O    21.49800   13.33800   24.21900  
C    28.36900   16.24000   28.91000  
H    27.59400   15.65400   28.41000  
H    29.28200   16.16100   28.31500  
H    28.48000   15.80600   29.90700  
S    27.84900   17.97000   28.96500  
C    29.48300   18.72200   29.14600  
H    29.83400   18.18700   30.03200  
H    30.05600   18.55600   28.23100  
H    29.22900   19.75800   29.38600  
O    27.31400   18.10100   30.35700  
C    25.73700   22.10600   21.59700  
H    25.22200   21.67600   20.73400  
H    26.72500   21.64900   21.49800  
H    25.14600   21.84800   22.48000  
S    25.77500   23.89100   21.32100  
C    26.07800   24.34000   23.04500  
H    25.43900   23.66700   23.62300  
H    27.12600   24.17900   23.31100  
H    25.71400   25.36700   23.13000  
O    24.29100   24.08300   21.33500  
C    28.84900   26.68400   24.69800  
H    27.88900   26.18600   24.85700  
H    28.66300   27.55200   24.06000  
H    29.55800   26.07000   24.13900  
S    29.56000   27.09700   26.30700  
C    31.28600   27.02900   25.77600  
H    31.86700   27.26200   26.67200  
H    31.41300   26.00500   25.41500  
H    31.54500   27.73200   24.98000  
O    29.41900   25.84800   27.11900  
C    18.85700   20.44100   26.01000  
H    19.58000   19.65600   25.77400  
H    18.88700   21.26100   25.28900  
H    19.14700   20.84200   26.98500  
S    17.24600   19.63200   26.13200  
C    16.48300   21.15700   26.73000  
H    16.87000   21.60200   27.65100  
H    16.59300   21.82600   25.87300  
H    15.44600   20.84200   26.87300  
O    17.28800   18.80600   27.38000  
C    18.97300   17.13700   30.10800  
H    19.96800   16.70700   30.24800  
H    18.21600   16.38300   29.88200  
H    19.02200   17.79900   29.24000  
S    18.44600   18.23800   31.44100  
C    19.90400   19.26600   31.72500  
H    20.18500   19.80600   30.81700  
H    19.68800   20.10300   32.39400  
H    20.66700   18.60800   32.15000  
O    18.40000   17.45500   32.71700  
C    24.24900   17.19600   29.28000  
H    24.67900   17.52200   30.23000  
H    24.86600   16.62800   28.57900  
H    23.87900   18.10800   28.80300  
S    22.76000   16.29000   29.75500  
C    23.77100   14.79900   29.61500  
H    23.86500   14.57600   28.54900  
H    24.69300   14.98200   30.17300  
H    23.21400   13.93600   29.98800  
O    21.94000   16.33700   28.50300  
C    24.23400   22.53300   31.32300  
H    24.91100   22.72400   30.48700  
H    23.34300   23.10700   31.05400  
H    24.66200   22.86700   32.27200  
S    23.66100   20.82600   31.47100  
C    25.29800   20.06500   31.39000  
H    26.09100   20.53500   31.97900  
H    25.08500   19.04000   31.70400  
H    25.71400   20.00700   30.38100  
O    23.23100   20.43000   30.09300  
C    31.65100   19.15500   24.60200  
H    30.85000   19.88200   24.75800  
H    31.35900   18.11000   24.47700  
H    32.38800   19.21600   25.40700  
S    32.28700   19.65200   22.98600  
C    33.47300   18.31000   22.74900  
H    33.92500   18.39400   21.75700  
H    34.11600   18.36000   23.63100  
H    32.91000   17.37300   22.78000  
O    33.15800   20.80500   23.37700  
C    26.86800   17.63400   21.93100  
H    26.28500   18.06900   22.74800  
H    26.16800   17.17100   21.23000  
H    27.53700   16.85800   22.31100  
S    27.95300   18.81300   21.09600  
C    28.93800   17.53800   20.27900  
H    28.42400   16.57500   20.32900  
H    29.04500   17.94400   19.27000  
H    29.87000   17.44600   20.84300  
O    28.75600   19.27500   22.27300  
C    32.62900   14.49500   26.81800  
H    32.02100   14.41400   25.91300  
H    33.56100   13.94700   26.65800  
H    32.07900   14.03900   27.64500  
S    32.91500   16.25500   27.10900  
C    33.89000   16.67200   25.64500  
H    34.38000   17.64700   25.70200  
H    34.64300   15.88100   25.60800  
H    33.24600   16.53200   24.77300  
O    33.92600   16.11500   28.20400  
C    26.00600   27.20900   28.09000  
H    26.67700   27.35700   28.94100  
H    26.54500   27.26100   27.14100  
H    25.16500   27.89500   27.95600  
S    25.05900   25.67400   28.19100  
C    26.58000   24.71500   28.37200  
H    26.29600   23.66000   28.36600  
H    27.29300   24.69600   27.54400  
H    27.02600   25.04700   29.31400  
O    24.78600   25.37500   26.75000  
C    20.01800   23.17300   29.52800  
H    19.47800   22.69200   28.70900  
H    20.37000   22.40600   30.22200  
H    19.39100   23.80200   30.16500  
S    21.29400   24.23100   28.80900  
C    22.43300   22.98000   28.17400  
H    22.85500   22.39800   28.99700  
H    21.88500   22.27200   27.54600  
H    23.16100   23.59000   27.63300  
O    21.96200   24.90100   29.96900  
C    17.94500   19.29500   22.43700  
H    18.84800   19.78200   22.06000  
H    18.07200   18.96000   23.47000  
H    17.63100   18.40000   21.89500  
S    16.59000   20.49000   22.47000  
C    16.90100   21.10000   20.79800  
H    16.95700   20.21400   20.16100  
H    16.03000   21.71800   20.56300  
H    17.84100   21.63200   20.62800  
O    17.13200   21.60900   23.30400  
C    35.41100   23.33000   24.80100  
H    36.32100   23.90000   24.60200  
H    35.54600   22.44000   25.42200  
H    34.95400   22.90900   23.90100  
S    34.22400   24.37800   25.67100  
C    32.88500   23.16500   25.65900  
H    32.85600   22.93000   24.59100  
H    33.15200   22.29400   26.26300  
H    31.95600   23.63100   25.99500  
O    33.81100   25.32200   24.58500  
C    28.15100   22.08300   30.39300  
H    28.03100   21.35500   29.58700  
H    28.35500   21.58000   31.34100  
H    27.22400   22.66200   30.35100  
S    29.58700   23.06500   29.90500  
C    29.66200   22.57900   28.16600  
H    30.71200   22.72300   27.90200  
H    29.50800   21.49900   28.09600  
H    29.13100   23.23300   27.46900  
O    30.72000   22.35800   30.58100  
C    23.50100   15.73800   25.36600  
H    23.33200   16.78500   25.63100  
H    22.84400   15.46800   24.53600  
H    23.13300   15.16200   26.21900  
S    25.24300   15.51400   24.94100  
C    25.17000   13.70900   24.89500  
H    26.10000   13.25000   24.55200  
H    24.80500   13.26400   25.82400  
H    24.35100   13.55600   24.18800  
O    26.04900   15.69000   26.19000  
C    29.90000   22.45700   22.74400  
H    30.31200   21.45700   22.89600  
H    30.07300   23.05200   23.64500  
H    28.82200   22.38300   22.57600  
S    30.57700   23.24600   21.26600  
C    32.15900   23.70300   22.01200  
H    32.68000   24.36400   21.31600  
H    31.92700   24.25900   22.92400  
H    32.76000   22.80300   22.16600  
O    29.81100   24.53000   21.18700  
$end

$rem
JOBTYPE  SP
METHOD  B3LYP
BASIS  6-31+G(D)
SYMMETRY  FALSE
SYM_IGNORE  TRUE
MEM_TOTAL  12000
MEM_STATIC  4000
BASIS_LIN_DEP_THRESH  6
THRESH  14
SCF_CONVERGENCE  8
FD_MAT_VEC_PROD  FALSE
XC_GRID  000075000302
NL_GRID  1
MAX_SCF_CYCLES  200
SCF_GUESS  READ
GEN_SCFMAN  FALSE
SKIP_SCFMAN  TRUE
ESP_GRID  0
ESP_EFIELD  1
$end
