$molecule
0 1
--
0 1
C    22.11700   13.61700   28.24900  
C    22.88500   14.84500   27.73300  
C    22.16900   16.13100   28.17600  
C    22.24200   16.17200   29.71100  
C    21.55500   14.91100   30.26000  
C    22.16500   13.58300   29.78500  
H    22.63900   16.97300   27.65300  
H    23.87100   14.94500   28.20400  
H    21.11100   13.71300   27.82200  
H    22.56000   12.69000   27.86500  
H    23.27600   16.28100   30.06000  
H    21.79500   17.06700   30.16300  
H    21.52400   14.90400   31.35700  
H    20.49200   15.07700   30.04600  
H    23.23700   13.52100   30.01200  
H    21.68400   12.65900   30.12900  
H    21.11600   16.18200   27.87100  
N    22.97600   14.91500   26.27500  
H    22.26200   15.44000   25.78400  
C    23.94400   14.31000   25.50100  
H    24.00700   14.70300   24.47000  
O    24.77200   13.51400   25.90600  
--
0 1
C    22.67000   22.08800   28.09700  
H    21.61100   21.83500   28.00300  
H    23.16000   21.66300   28.97700  
H    22.77500   23.17600   28.09900  
S    23.35800   21.35500   26.59500  
C    22.75400   19.69700   26.98700  
H    23.00600   19.42100   28.01500  
H    21.67600   19.77600   26.82500  
H    23.23400   19.00500   26.29100  
O    24.81000   21.25200   26.94500  
C    19.90500   20.19100   24.35300  
H    18.81600   20.27600   24.37800  
H    20.35300   20.30800   25.34300  
H    20.38800   20.84200   23.61900  
S    20.51600   18.59100   23.77600  
C    19.72200   17.66000   25.10500  
H    20.00300   16.63000   24.87200  
H    20.14700   18.06600   26.02700  
H    18.64300   17.81600   25.04100  
O    21.99200   18.53100   24.01800  
C    28.19600   12.32800   33.09800  
H    28.15500   12.10300   34.16700  
H    27.51400   11.73500   32.48300  
H    29.23000   12.21000   32.76500  
S    27.80600   14.07700   32.86100  
C    28.44200   14.25100   31.17900  
H    27.81100   13.72300   30.46000  
H    28.59000   15.30200   30.91800  
H    29.41400   13.77300   31.32900  
O    29.01100   14.74900   33.44000  
C    25.71600   6.87500    27.35300  
H    26.33100   6.21600    27.97100  
H    25.48700   7.81300    27.86600  
H    24.84200   6.28300    27.07200  
S    26.52200   7.43800    25.83700  
C    27.70200   8.49900    26.70300  
H    28.45000   9.03900    26.11700  
H    27.10100   9.18600    27.30300  
H    28.31000   7.91200    27.39500  
O    25.49600   8.37700    25.28300  
C    26.15100   18.91400   29.26700  
H    26.15800   19.48000   28.33200  
H    25.18100   19.00300   29.76300  
H    26.90300   19.44900   29.85300  
S    26.57600   17.17900   28.99300  
C    26.15300   16.74000   30.69400  
H    25.89700   15.68500   30.82200  
H    26.98700   16.97100   31.36100  
H    25.31400   17.31200   31.09800  
O    28.07000   17.18900   28.89300  
C    20.54600   10.41800   36.19200  
H    21.26100   11.03000   36.74900  
H    19.81900   9.90200    36.82400  
H    21.18000   9.68000    35.69400  
S    19.83700   11.39300   34.84500  
C    18.23100   10.57700   34.70000  
H    18.30800   9.48800    34.63400  
H    17.71200   10.81500   35.63200  
H    17.78900   10.92900   33.76500  
O    20.62500   10.97300   33.64400  
C    24.75600   5.89100    32.43500  
H    25.68300   6.47000    32.46600  
H    24.11600   6.13300    33.28800  
H    25.01100   4.82900    32.47100  
S    23.85600   6.01700    30.87400  
C    24.37000   7.71300    30.52000  
H    25.45100   7.71300    30.35900  
H    23.86600   8.34900    29.78700  
H    24.27700   8.20900    31.48900  
O    22.39200   6.00400    31.18700  
C    25.39100   8.84000    20.64200  
H    24.71800   8.71000    19.79000  
H    25.95800   9.76400    20.50000  
H    26.09400   8.00400    20.68200  
S    24.39300   8.89800    22.14700  
C    23.44800   7.37500    21.91300  
H    24.07700   6.52100    21.65000  
H    23.00300   7.19200    22.89400  
H    22.73000   7.58600    21.11500  
O    23.50800   10.10000   22.03600  
C    24.26500   20.48700   32.50300  
H    25.15500   20.75800   31.93000  
H    24.23300   21.02600   33.45400  
H    24.37300   19.41800   32.70300  
S    22.77700   20.70700   31.50200  
C    21.56700   19.99300   32.63900  
H    20.57100   19.92200   32.19500  
H    21.92500   18.99000   32.88700  
H    21.54200   20.63700   33.52100  
O    22.98600   19.57500   30.54600  
C    15.79500   10.76600   30.40000  
H    15.18300   10.68800   29.49800  
H    16.43200   11.64200   30.25900  
H    16.24700   9.79700    30.62700  
S    14.61700   11.00600   31.75000  
C    14.47200   12.80300   31.62900  
H    15.47000   13.23700   31.73500  
H    13.95100   12.98200   30.68400  
H    13.77400   13.09200   32.41900  
O    15.45600   11.07900   32.98700  
C    17.50900   20.34400   29.70400  
H    17.73000   20.03000   30.72800  
H    18.31600   21.07100   29.57900  
H    16.51300   20.75000   29.51000  
S    18.01400   19.00600   28.59900  
C    19.52900   18.67700   29.52700  
H    20.23200   18.25000   28.80800  
H    20.06400   19.57500   29.84600  
H    19.38300   17.99200   30.36500  
O    18.62900   19.70100   27.42500  
C    25.91400   12.50800   23.02800  
H    25.42400   13.22600   22.36500  
H    25.10600   11.77700   23.10900  
H    26.14500   12.94900   24.00100  
S    27.35800   11.75300   22.24700  
C    27.85000   10.76900   23.68000  
H    26.91600   10.43400   24.14000  
H    28.35400   9.83800    23.40800  
H    28.50800   11.26600   24.39600  
O    28.37100   12.79800   21.89500  
C    27.21800   11.86600   28.02000  
H    28.14900   12.24600   28.44800  
H    27.35900   11.20600   27.16000  
H    26.49700   12.64700   27.76700  
S    26.23000   11.19600   29.37600  
C    24.70900   11.05200   28.41200  
H    24.92100   10.53500   27.47300  
H    23.90700   10.55900   28.96800  
H    24.42200   12.07300   28.15000  
O    25.85500   12.43400   30.13000  
C    23.84300   11.13300   32.41100  
H    23.68400   10.25800   31.77500  
H    22.88600   11.41300   32.85800  
H    24.36800   11.96000   31.92700  
S    24.91600   10.76900   33.81900  
C    23.67900   9.86600    34.77800  
H    23.18500   10.56800   35.45500  
H    22.93500   9.45000    34.09300  
H    24.28500   9.17300    35.36500  
O    25.26800   12.03100   34.54400  
C    19.24100   17.31100   33.41200  
H    18.80800   18.28000   33.14800  
H    19.50000   17.16700   34.46400  
H    20.13600   16.98100   32.87800  
S    18.01300   16.07300   32.94000  
C    19.05300   14.69900   33.48400  
H    18.72400   13.80500   32.94800  
H    20.03300   15.10400   33.21900  
H    18.92600   14.52100   34.55500  
O    18.22100   16.10800   31.45700  
C    24.20100   13.80400   17.83800  
H    24.50200   12.93300   17.25000  
H    23.20100   14.17000   17.59000  
H    24.86000   14.61200   17.51000  
S    24.51100   13.68900   19.61400  
C    23.26900   12.42800   19.98100  
H    22.29900   12.72400   19.57500  
H    23.53100   11.47200   19.52200  
H    23.16300   12.45900   21.06900  
O    24.01500   14.95100   20.24800  
C    16.72800   15.00200   29.18200  
H    15.89000   15.16300   28.50000  
H    16.37600   14.34600   29.98300  
H    17.03400   15.98200   29.55600  
S    18.07000   14.07000   28.41100  
C    18.45000   15.07200   26.95600  
H    17.52100   15.58000   26.68400  
H    19.21900   15.81000   27.20100  
H    18.85600   14.38300   26.21100  
O    17.29700   12.92400   27.83600  
C    27.50000   15.77100   20.35800  
H    28.34200   15.24400   20.81300  
H    27.55700   16.81500   20.67800  
H    26.48900   15.43500   20.60200  
S    27.73000   15.99300   18.57900  
C    28.05200   14.24800   18.23600  
H    28.37700   14.18200   17.19500  
H    28.92800   13.93400   18.80900  
H    27.19700   13.61800   18.49400  
O    29.08100   16.63700   18.52900  
C    25.05800   16.30800   34.34800  
H    24.69400   17.12800   33.72500  
H    25.47300   16.62800   35.30700  
H    25.86700   15.73600   33.88600  
S    23.60700   15.25300   34.56600  
C    23.77000   14.51700   32.92400  
H    23.94500   15.36000   32.24900  
H    24.67000   13.90800   33.03600  
H    22.91200   13.89000   32.67000  
O    22.47100   16.21900   34.43300  
C    24.78900   17.55800   21.94000  
H    23.86300   17.07400   22.26000  
H    24.71100   18.64800   21.90800  
H    25.10200   17.13800   20.98100  
S    25.97500   17.04900   23.20400  
C    25.42100   17.97300   24.65500  
H    24.95100   18.88200   24.27300  
H    24.72000   17.40800   25.27500  
H    26.31700   18.30800   25.18500  
O    27.28300   17.68000   22.84200  
C    28.79200   15.11800   23.85700  
H    28.92800   16.19100   24.01500  
H    29.53200   14.81200   23.11400  
H    27.72800   14.93100   23.69000  
S    29.34500   14.19400   25.30800  
C    28.14600   14.81200   26.51000  
H    28.07700   15.90300   26.49100  
H    27.18700   14.35400   26.25300  
H    28.54800   14.40000   27.43900  
O    30.57100   14.96600   25.68700  
C    19.82400   8.23200    29.43700  
H    20.24500   7.22500    29.49600  
H    18.80900   8.03900    29.79400  
H    19.74400   8.68100    28.44300  
S    20.75800   9.28500    30.57000  
C    19.56700   10.61000   30.87400  
H    19.03400   10.47300   31.81900  
H    20.14700   11.53300   30.95200  
H    18.91800   10.65800   29.99600  
O    21.64400   9.81200    29.48400  
C    21.93500   10.50400   25.02700  
H    22.57600   10.95700   24.26700  
H    22.11200   10.85600   26.04700  
H    22.08900   9.42400    24.95300  
S    20.19800   10.71300   24.57500  
C    19.76700   11.02300   26.30200  
H    18.70200   11.23200   26.43000  
H    20.11400   10.23300   26.97300  
H    20.37500   11.90700   26.51000  
O    19.57300   9.36800    24.36800  
C    21.40600   14.98200   21.89300  
H    22.40700   15.04600   22.32800  
H    21.54000   14.62600   20.86800  
H    20.84600   15.91400   21.77700  
S    20.55200   13.69800   22.83400  
C    19.00900   13.99100   21.94000  
H    18.36400   13.13000   22.13400  
H    18.61100   14.95700   22.26100  
H    19.11600   14.02900   20.85300  
O    20.27800   14.27800   24.18600  
$end

$rem
JOBTYPE  SP
METHOD  B3LYP
BASIS  6-31+G(D)
SYMMETRY  FALSE
SYM_IGNORE  TRUE
MEM_TOTAL  12000
MEM_STATIC  4000
BASIS_LIN_DEP_THRESH  6
THRESH  14
SCF_CONVERGENCE  8
FD_MAT_VEC_PROD  FALSE
XC_GRID  000075000302
NL_GRID  1
MAX_SCF_CYCLES  200
ENV_METHOD  B3LYP
GEN_SCFMAN_EMBED  TRUE
SPADE_PARTITION  TRUE
EMBEDDING_EARLY_STOP  TRUE
$end

@@@

$molecule
0 1
@C    22.11700   13.61700   28.24900  
@C    22.88500   14.84500   27.73300  
@C    22.16900   16.13100   28.17600  
@C    22.24200   16.17200   29.71100  
@C    21.55500   14.91100   30.26000  
@C    22.16500   13.58300   29.78500  
@H    22.63900   16.97300   27.65300  
@H    23.87100   14.94500   28.20400  
@H    21.11100   13.71300   27.82200  
@H    22.56000   12.69000   27.86500  
@H    23.27600   16.28100   30.06000  
@H    21.79500   17.06700   30.16300  
@H    21.52400   14.90400   31.35700  
@H    20.49200   15.07700   30.04600  
@H    23.23700   13.52100   30.01200  
@H    21.68400   12.65900   30.12900  
@H    21.11600   16.18200   27.87100  
@N    22.97600   14.91500   26.27500  
@H    22.26200   15.44000   25.78400  
@C    23.94400   14.31000   25.50100  
@H    24.00700   14.70300   24.47000  
@O    24.77200   13.51400   25.90600  
C    22.67000   22.08800   28.09700  
H    21.61100   21.83500   28.00300  
H    23.16000   21.66300   28.97700  
H    22.77500   23.17600   28.09900  
S    23.35800   21.35500   26.59500  
C    22.75400   19.69700   26.98700  
H    23.00600   19.42100   28.01500  
H    21.67600   19.77600   26.82500  
H    23.23400   19.00500   26.29100  
O    24.81000   21.25200   26.94500  
C    19.90500   20.19100   24.35300  
H    18.81600   20.27600   24.37800  
H    20.35300   20.30800   25.34300  
H    20.38800   20.84200   23.61900  
S    20.51600   18.59100   23.77600  
C    19.72200   17.66000   25.10500  
H    20.00300   16.63000   24.87200  
H    20.14700   18.06600   26.02700  
H    18.64300   17.81600   25.04100  
O    21.99200   18.53100   24.01800  
C    28.19600   12.32800   33.09800  
H    28.15500   12.10300   34.16700  
H    27.51400   11.73500   32.48300  
H    29.23000   12.21000   32.76500  
S    27.80600   14.07700   32.86100  
C    28.44200   14.25100   31.17900  
H    27.81100   13.72300   30.46000  
H    28.59000   15.30200   30.91800  
H    29.41400   13.77300   31.32900  
O    29.01100   14.74900   33.44000  
C    25.71600   6.87500    27.35300  
H    26.33100   6.21600    27.97100  
H    25.48700   7.81300    27.86600  
H    24.84200   6.28300    27.07200  
S    26.52200   7.43800    25.83700  
C    27.70200   8.49900    26.70300  
H    28.45000   9.03900    26.11700  
H    27.10100   9.18600    27.30300  
H    28.31000   7.91200    27.39500  
O    25.49600   8.37700    25.28300  
C    26.15100   18.91400   29.26700  
H    26.15800   19.48000   28.33200  
H    25.18100   19.00300   29.76300  
H    26.90300   19.44900   29.85300  
S    26.57600   17.17900   28.99300  
C    26.15300   16.74000   30.69400  
H    25.89700   15.68500   30.82200  
H    26.98700   16.97100   31.36100  
H    25.31400   17.31200   31.09800  
O    28.07000   17.18900   28.89300  
C    20.54600   10.41800   36.19200  
H    21.26100   11.03000   36.74900  
H    19.81900   9.90200    36.82400  
H    21.18000   9.68000    35.69400  
S    19.83700   11.39300   34.84500  
C    18.23100   10.57700   34.70000  
H    18.30800   9.48800    34.63400  
H    17.71200   10.81500   35.63200  
H    17.78900   10.92900   33.76500  
O    20.62500   10.97300   33.64400  
C    24.75600   5.89100    32.43500  
H    25.68300   6.47000    32.46600  
H    24.11600   6.13300    33.28800  
H    25.01100   4.82900    32.47100  
S    23.85600   6.01700    30.87400  
C    24.37000   7.71300    30.52000  
H    25.45100   7.71300    30.35900  
H    23.86600   8.34900    29.78700  
H    24.27700   8.20900    31.48900  
O    22.39200   6.00400    31.18700  
C    25.39100   8.84000    20.64200  
H    24.71800   8.71000    19.79000  
H    25.95800   9.76400    20.50000  
H    26.09400   8.00400    20.68200  
S    24.39300   8.89800    22.14700  
C    23.44800   7.37500    21.91300  
H    24.07700   6.52100    21.65000  
H    23.00300   7.19200    22.89400  
H    22.73000   7.58600    21.11500  
O    23.50800   10.10000   22.03600  
C    24.26500   20.48700   32.50300  
H    25.15500   20.75800   31.93000  
H    24.23300   21.02600   33.45400  
H    24.37300   19.41800   32.70300  
S    22.77700   20.70700   31.50200  
C    21.56700   19.99300   32.63900  
H    20.57100   19.92200   32.19500  
H    21.92500   18.99000   32.88700  
H    21.54200   20.63700   33.52100  
O    22.98600   19.57500   30.54600  
C    15.79500   10.76600   30.40000  
H    15.18300   10.68800   29.49800  
H    16.43200   11.64200   30.25900  
H    16.24700   9.79700    30.62700  
S    14.61700   11.00600   31.75000  
C    14.47200   12.80300   31.62900  
H    15.47000   13.23700   31.73500  
H    13.95100   12.98200   30.68400  
H    13.77400   13.09200   32.41900  
O    15.45600   11.07900   32.98700  
C    17.50900   20.34400   29.70400  
H    17.73000   20.03000   30.72800  
H    18.31600   21.07100   29.57900  
H    16.51300   20.75000   29.51000  
S    18.01400   19.00600   28.59900  
C    19.52900   18.67700   29.52700  
H    20.23200   18.25000   28.80800  
H    20.06400   19.57500   29.84600  
H    19.38300   17.99200   30.36500  
O    18.62900   19.70100   27.42500  
C    25.91400   12.50800   23.02800  
H    25.42400   13.22600   22.36500  
H    25.10600   11.77700   23.10900  
H    26.14500   12.94900   24.00100  
S    27.35800   11.75300   22.24700  
C    27.85000   10.76900   23.68000  
H    26.91600   10.43400   24.14000  
H    28.35400   9.83800    23.40800  
H    28.50800   11.26600   24.39600  
O    28.37100   12.79800   21.89500  
C    27.21800   11.86600   28.02000  
H    28.14900   12.24600   28.44800  
H    27.35900   11.20600   27.16000  
H    26.49700   12.64700   27.76700  
S    26.23000   11.19600   29.37600  
C    24.70900   11.05200   28.41200  
H    24.92100   10.53500   27.47300  
H    23.90700   10.55900   28.96800  
H    24.42200   12.07300   28.15000  
O    25.85500   12.43400   30.13000  
C    23.84300   11.13300   32.41100  
H    23.68400   10.25800   31.77500  
H    22.88600   11.41300   32.85800  
H    24.36800   11.96000   31.92700  
S    24.91600   10.76900   33.81900  
C    23.67900   9.86600    34.77800  
H    23.18500   10.56800   35.45500  
H    22.93500   9.45000    34.09300  
H    24.28500   9.17300    35.36500  
O    25.26800   12.03100   34.54400  
C    19.24100   17.31100   33.41200  
H    18.80800   18.28000   33.14800  
H    19.50000   17.16700   34.46400  
H    20.13600   16.98100   32.87800  
S    18.01300   16.07300   32.94000  
C    19.05300   14.69900   33.48400  
H    18.72400   13.80500   32.94800  
H    20.03300   15.10400   33.21900  
H    18.92600   14.52100   34.55500  
O    18.22100   16.10800   31.45700  
C    24.20100   13.80400   17.83800  
H    24.50200   12.93300   17.25000  
H    23.20100   14.17000   17.59000  
H    24.86000   14.61200   17.51000  
S    24.51100   13.68900   19.61400  
C    23.26900   12.42800   19.98100  
H    22.29900   12.72400   19.57500  
H    23.53100   11.47200   19.52200  
H    23.16300   12.45900   21.06900  
O    24.01500   14.95100   20.24800  
C    16.72800   15.00200   29.18200  
H    15.89000   15.16300   28.50000  
H    16.37600   14.34600   29.98300  
H    17.03400   15.98200   29.55600  
S    18.07000   14.07000   28.41100  
C    18.45000   15.07200   26.95600  
H    17.52100   15.58000   26.68400  
H    19.21900   15.81000   27.20100  
H    18.85600   14.38300   26.21100  
O    17.29700   12.92400   27.83600  
C    27.50000   15.77100   20.35800  
H    28.34200   15.24400   20.81300  
H    27.55700   16.81500   20.67800  
H    26.48900   15.43500   20.60200  
S    27.73000   15.99300   18.57900  
C    28.05200   14.24800   18.23600  
H    28.37700   14.18200   17.19500  
H    28.92800   13.93400   18.80900  
H    27.19700   13.61800   18.49400  
O    29.08100   16.63700   18.52900  
C    25.05800   16.30800   34.34800  
H    24.69400   17.12800   33.72500  
H    25.47300   16.62800   35.30700  
H    25.86700   15.73600   33.88600  
S    23.60700   15.25300   34.56600  
C    23.77000   14.51700   32.92400  
H    23.94500   15.36000   32.24900  
H    24.67000   13.90800   33.03600  
H    22.91200   13.89000   32.67000  
O    22.47100   16.21900   34.43300  
C    24.78900   17.55800   21.94000  
H    23.86300   17.07400   22.26000  
H    24.71100   18.64800   21.90800  
H    25.10200   17.13800   20.98100  
S    25.97500   17.04900   23.20400  
C    25.42100   17.97300   24.65500  
H    24.95100   18.88200   24.27300  
H    24.72000   17.40800   25.27500  
H    26.31700   18.30800   25.18500  
O    27.28300   17.68000   22.84200  
C    28.79200   15.11800   23.85700  
H    28.92800   16.19100   24.01500  
H    29.53200   14.81200   23.11400  
H    27.72800   14.93100   23.69000  
S    29.34500   14.19400   25.30800  
C    28.14600   14.81200   26.51000  
H    28.07700   15.90300   26.49100  
H    27.18700   14.35400   26.25300  
H    28.54800   14.40000   27.43900  
O    30.57100   14.96600   25.68700  
C    19.82400   8.23200    29.43700  
H    20.24500   7.22500    29.49600  
H    18.80900   8.03900    29.79400  
H    19.74400   8.68100    28.44300  
S    20.75800   9.28500    30.57000  
C    19.56700   10.61000   30.87400  
H    19.03400   10.47300   31.81900  
H    20.14700   11.53300   30.95200  
H    18.91800   10.65800   29.99600  
O    21.64400   9.81200    29.48400  
C    21.93500   10.50400   25.02700  
H    22.57600   10.95700   24.26700  
H    22.11200   10.85600   26.04700  
H    22.08900   9.42400    24.95300  
S    20.19800   10.71300   24.57500  
C    19.76700   11.02300   26.30200  
H    18.70200   11.23200   26.43000  
H    20.11400   10.23300   26.97300  
H    20.37500   11.90700   26.51000  
O    19.57300   9.36800    24.36800  
C    21.40600   14.98200   21.89300  
H    22.40700   15.04600   22.32800  
H    21.54000   14.62600   20.86800  
H    20.84600   15.91400   21.77700  
S    20.55200   13.69800   22.83400  
C    19.00900   13.99100   21.94000  
H    18.36400   13.13000   22.13400  
H    18.61100   14.95700   22.26100  
H    19.11600   14.02900   20.85300  
O    20.27800   14.27800   24.18600  
$end

$rem
JOBTYPE  SP
METHOD  B3LYP
BASIS  6-31+G(D)
SYMMETRY  FALSE
SYM_IGNORE  TRUE
MEM_TOTAL  12000
MEM_STATIC  4000
BASIS_LIN_DEP_THRESH  6
THRESH  14
SCF_CONVERGENCE  8
FD_MAT_VEC_PROD  FALSE
XC_GRID  000075000302
NL_GRID  1
MAX_SCF_CYCLES  200
SCF_GUESS  READ
GEN_SCFMAN  FALSE
SKIP_SCFMAN  TRUE
ESP_GRID  0
ESP_EFIELD  1
$end
