$molecule
0 1
--
0 1
C    25.47100   23.09200   25.93900  
C    26.63100   23.75100   26.70200  
C    27.65500   24.28700   25.68800  
C    27.09400   25.14600   24.54300  
C    25.96900   24.40100   23.80500  
C    24.90200   24.00300   24.83800  
H    28.40400   24.92500   26.17300  
H    26.16100   24.56200   27.27200  
H    25.66300   22.09100   25.53200  
H    24.73000   22.84900   26.71000  
H    26.69200   26.11300   24.87000  
H    27.85000   25.38900   23.78600  
H    25.49000   24.97200   23.00100  
H    26.29800   23.44900   23.37100  
H    24.45100   24.91900   25.24000  
H    24.01800   23.52400   24.40000  
H    28.25500   23.42600   25.36800  
N    27.34600   22.82100   27.57400  
H    28.02900   22.19300   27.17000  
C    27.13600   22.72700   28.93400  
H    27.88800   22.07800   29.41800  
O    26.18600   23.25100   29.48800  
--
0 1
C    25.85700   29.66300   24.00400  
H    26.29900   30.60500   23.67000  
H    25.27300   29.85900   24.90700  
H    26.60600   28.87900   24.14200  
S    24.79300   29.14100   22.64000  
C    24.18900   27.68700   23.52600  
H    23.49200   27.12600   22.89700  
H    24.99200   27.00900   23.82500  
H    23.58300   28.03800   24.36500  
O    25.74100   28.57700   21.62800  
C    22.56900   26.83000   32.54700  
H    22.02100   27.10600   33.45100  
H    23.64700   26.91800   32.70500  
H    22.24200   27.49900   31.74700  
S    22.32200   25.11900   32.02000  
C    20.54100   25.34700   32.23000  
H    20.21900   25.59400   33.24400  
H    20.23500   25.99700   31.40600  
H    20.05100   24.38800   32.04300  
O    22.79100   24.50400   33.30200  
C    27.74500   26.16500   31.33900  
H    26.87700   26.61200   31.83100  
H    27.45300   25.40300   30.61200  
H    28.52400   25.88700   32.05400  
S    28.49300   27.58400   30.50800  
C    27.26500   27.58400   29.18300  
H    27.26900   26.69100   28.55200  
H    26.27000   27.71300   29.61600  
H    27.52400   28.49500   28.63800  
O    29.71100   26.98600   29.87400  
C    32.72500   24.36800   33.90800  
H    33.68000   24.10100   34.36800  
H    32.32000   25.17600   34.52200  
H    32.08400   23.48300   33.94100  
S    32.77000   25.08500   32.25000  
C    30.97200   24.95400   32.13400  
H    30.65900   25.30500   31.14700  
H    30.80100   23.89500   32.34400  
H    30.44600   25.41400   32.97400  
O    33.31500   24.03200   31.33600  
C    32.29400   23.18800   24.18000  
H    32.88300   23.98600   23.71900  
H    31.69100   23.54600   25.01800  
H    33.01300   22.41700   24.46800  
S    31.03500   22.60500   23.02200  
C    30.47600   21.31500   24.15800  
H    29.47200   21.04600   23.81900  
H    31.15100   20.45800   24.09800  
H    30.42500   21.80700   25.13200  
O    31.63500   21.86300   21.87000  
C    32.00900   18.95900   26.75200  
H    31.22500   19.71000   26.63100  
H    32.42000   18.63700   25.79200  
H    31.65200   18.08200   27.29900  
S    33.26500   19.68200   27.83100  
C    34.40500   18.28900   27.66900  
H    33.79300   17.49300   28.10000  
H    34.64700   18.12300   26.61600  
H    35.35100   18.60000   28.11900  
O    32.89300   19.59900   29.27900  
C    29.60400   19.64700   30.76500  
H    30.33200   18.84000   30.63800  
H    29.10800   19.42900   31.71400  
H    28.91500   19.69800   29.91900  
S    30.59400   21.15800   30.71000  
C    31.38300   20.85600   32.30800  
H    31.76900   19.83300   32.28800  
H    32.17000   21.59200   32.49000  
H    30.58100   20.96800   33.04200  
O    29.61000   22.20900   31.11900  
C    27.80000   23.45400   20.68600  
H    27.81800   23.86900   21.69700  
H    28.38600   23.96500   19.91800  
H    26.75000   23.57600   20.40500  
S    28.05300   21.68400   20.94300  
C    28.01300   21.26200   19.18600  
H    27.44900   22.05700   18.69100  
H    29.05700   21.28000   18.86600  
H    27.43800   20.33700   19.08400  
O    26.74000   21.18100   21.45600  
C    28.07300   21.74400   34.08400  
H    27.76400   21.96600   35.10900  
H    28.68200   20.84400   34.19400  
H    28.67000   22.55000   33.64900  
S    26.79500   21.37700   32.86000  
C    25.73500   22.78900   33.24500  
H    26.30800   23.71200   33.12400  
H    24.83600   22.72100   32.62700  
H    25.45800   22.74500   34.30100  
O    26.00700   20.25800   33.46600  
C    21.80300   22.60400   25.25300  
H    21.05800   23.38900   25.40600  
H    22.74500   22.76000   25.78500  
H    21.86000   22.63000   24.16100  
S    20.95800   21.04700   25.61100  
C    22.33000   19.98500   25.10600  
H    23.16400   20.30800   25.73500  
H    22.01000   18.97300   25.36700  
H    22.58600   20.06200   24.04600  
O    19.90100   20.89300   24.56300  
C    18.27700   24.47600   23.95000  
H    18.54800   23.44700   24.20300  
H    18.23200   24.87600   24.96600  
H    17.31500   24.46900   23.43100  
S    19.57400   25.38300   23.07700  
C    20.01800   23.96500   22.04800  
H    19.28900   23.82700   21.24600  
H    21.02000   24.14600   21.65200  
H    20.26700   23.10800   22.67900  
O    20.73400   25.42600   24.02200  
C    20.39000   22.62300   29.03000  
H    20.58900   23.60800   29.45900  
H    20.24600   21.86000   29.79900  
H    21.10300   22.27300   28.27900  
S    18.80700   22.79900   28.17600  
C    19.07000   24.54200   27.77500  
H    19.40900   24.98600   28.71400  
H    19.87600   24.59200   27.03700  
H    18.09700   24.91200   27.44300  
O    17.72200   22.74000   29.20500  
C    30.58200   28.24300   26.71200  
H    30.75200   29.31000   26.55200  
H    29.83700   28.17800   27.51000  
H    31.52100   27.68400   26.75800  
S    29.88900   27.59200   25.17600  
C    31.45000   27.56300   24.26500  
H    32.03100   26.75000   24.70700  
H    31.16600   27.17500   23.28300  
H    32.00800   28.49700   24.37100  
O    29.14700   28.73400   24.55400  
C    27.47600   15.74300   33.98400  
H    27.52000   16.03700   35.03600  
H    27.15000   14.71700   33.79900  
H    28.48900   15.96200   33.63700  
S    26.56200   17.00500   33.06900  
C    24.97300   16.43500   33.71300  
H    24.23000   17.01600   33.16100  
H    24.87400   15.42100   33.31600  
H    24.96700   16.48100   34.80500  
O    26.55900   16.52600   31.65100  
C    28.51300   26.86400   20.47800  
H    29.13700   26.05000   20.85500  
H    28.94300   27.82800   20.76300  
H    27.52700   26.75900   20.93800  
S    28.38400   26.84300   18.67500  
C    27.30300   28.29100   18.63100  
H    27.00500   28.39200   17.58500  
H    26.40400   28.09900   19.22300  
H    27.79200   29.18500   19.02500  
O    27.54500   25.68700   18.22800  
C    24.52900   29.61800   33.30300  
H    24.92600   29.17700   34.22100  
H    24.42700   30.69700   33.44100  
H    23.53200   29.18100   33.21000  
S    25.46300   29.08400   31.85100  
C    26.59000   30.49500   31.78400  
H    26.06700   31.44000   31.95200  
H    27.32400   30.34400   32.58000  
H    27.11200   30.51400   30.82400  
O    24.53700   29.38600   30.71500  
C    30.90700   32.02200   25.23000  
H    30.81600   32.40500   26.25000  
H    31.14200   30.95500   25.24900  
H    31.58600   32.63100   24.62700  
S    29.24800   32.05200   24.51600  
C    29.77000   31.93600   22.79000  
H    28.91300   32.11500   22.13600  
H    30.49200   32.69800   22.48600  
H    30.29300   30.97600   22.77000  
O    28.96500   33.51100   24.69400  
C    24.00000   31.53900   27.51100  
H    24.09000   32.36200   28.22400  
H    24.15700   30.64200   28.11500  
H    24.64300   31.66200   26.63500  
S    22.31900   31.43400   26.85600  
C    21.62300   30.93800   28.44800  
H    20.55700   30.76000   28.28700  
H    22.12500   30.02000   28.76400  
H    21.88900   31.76300   29.11500  
O    22.28600   30.16800   26.05800  
C    23.96000   26.01800   28.88100  
H    24.80100   26.06200   28.18400  
H    23.85500   27.02500   29.29300  
H    24.21200   25.26900   29.63600  
S    22.34600   25.53300   28.23000  
C    22.24500   26.98900   27.16500  
H    21.18700   27.25700   27.12200  
H    22.93800   27.79400   27.42400  
H    22.53500   26.69300   26.15400  
O    21.44800   26.01700   29.32600  
C    24.47600   15.95400   23.07000  
H    24.23700   17.00700   23.23700  
H    25.23200   15.93000   22.28100  
H    23.56100   15.44500   22.75600  
S    25.03600   15.17600   24.60200  
C    23.53800   15.44600   25.57600  
H    22.73400   14.86700   25.11300  
H    23.73200   15.13800   26.60600  
H    23.32300   16.49500   25.79200  
O    25.91300   16.22100   25.21900  
C    33.36700   30.38700   19.99200  
H    32.84100   31.30300   20.27200  
H    34.44400   30.53400   20.11200  
H    33.05400   30.03300   19.00700  
S    32.99300   29.20000   21.30200  
C    31.23400   29.08000   20.90400  
H    30.77700   30.05900   20.74100  
H    31.03500   28.49500   20.00300  
H    30.64700   28.61800   21.70200  
O    33.06500   30.06700   22.52000  
C    23.78600   20.69300   21.53100  
H    22.83200   20.51800   22.03400  
H    24.49600   19.91800   21.83400  
H    24.21700   21.63400   21.88100  
S    23.70300   20.78700   19.72900  
C    22.41200   22.04900   19.66300  
H    21.48000   21.60700   20.02400  
H    22.67600   23.00000   20.13400  
H    22.20300   22.28500   18.61700  
O    22.95900   19.65800   19.08700  
C    24.87600   18.92800   28.02100  
H    25.86800   18.51900   28.22900  
H    24.09400   18.17800   28.16600  
H    24.84500   19.29100   26.99100  
S    24.47400   20.35400   29.05600  
C    24.07000   19.32800   30.48800  
H    23.57800   18.38500   30.24000  
H    24.90200   19.12000   31.16600  
H    23.36800   19.96400   31.03400  
O    23.15500   20.67000   28.42200  
C    23.82200   27.04700   19.34900  
H    24.43400   27.09600   18.44500  
H    23.72800   28.06800   19.72800  
H    24.29800   26.38000   20.07300  
S    22.22900   26.41900   18.77100  
C    21.67000   26.67000   20.47100  
H    22.20700   25.96500   21.11100  
H    21.72200   27.70200   20.82700  
H    20.60500   26.42500   20.45900  
O    22.49500   24.94600   18.75500  
C    34.66300   25.75000   20.66200  
H    35.48500   25.24400   21.17500  
H    34.93200   25.82500   19.60500  
H    34.61700   26.78100   21.02000  
S    33.10000   24.94100   21.07100  
C    32.27000   25.18800   19.48500  
H    32.38700   26.22400   19.16000  
H    32.69600   24.44800   18.80200  
H    31.20200   25.00400   19.62500  
O    32.33300   25.88000   21.94900  
C    25.51800   26.29500   34.81500  
H    25.21300   26.08700   33.78600  
H    25.41600   25.37300   35.39200  
H    25.06200   27.24600   35.10500  
S    27.31200   26.49000   34.90400  
C    27.15600   27.12800   36.58800  
H    26.73700   26.37000   37.25400  
H    28.13000   27.51200   36.90200  
H    26.58000   28.04500   36.43900  
O    27.61000   27.68400   34.05300  
C    28.10500   18.14100   26.89500  
H    28.36800   18.54100   27.87800  
H    27.41300   17.29500   26.88200  
H    29.02300   17.99500   26.32100  
S    27.29100   19.51800   26.05400  
C    27.49400   18.89800   24.36800  
H    27.16200   19.62800   23.62600  
H    28.57300   18.75000   24.27600  
H    26.89400   17.99700   24.21600  
O    28.20100   20.70100   26.17900  
C    32.80000   23.12300   28.19700  
H    33.45500   22.98000   27.33300  
H    33.30700   22.87200   29.13200  
H    31.91400   22.48600   28.12500  
S    32.18300   24.82100   28.20900  
C    30.45900   24.33800   28.45000  
H    29.94000   25.28100   28.64000  
H    30.09100   23.93700   27.50200  
H    30.41100   23.67700   29.31900  
O    32.32500   25.24200   26.78000  
$end

$rem
JOBTYPE  SP
METHOD  B3LYP
BASIS  6-31+G(D)
SYMMETRY  FALSE
SYM_IGNORE  TRUE
MEM_TOTAL  16000
MEM_STATIC  8000
MAX_SUB_FILE_NUM  16000
BASIS_LIN_DEP_THRESH  6
THRESH  14
SCF_CONVERGENCE  8
GEN_SCFMAN  TRUE
SCF_GUESS  SAD
FD_MAT_VEC_PROD  FALSE
XC_GRID  000075000302
NL_GRID  1
MAX_SCF_CYCLES  200
ENV_METHOD  B3LYP
GEN_SCFMAN_EMBED  TRUE
SPADE_PARTITION  TRUE
$end

$development
embedding_early_stop  1
$end

@@@

$molecule
0 1
@C    25.47100   23.09200   25.93900  
@C    26.63100   23.75100   26.70200  
@C    27.65500   24.28700   25.68800  
@C    27.09400   25.14600   24.54300  
@C    25.96900   24.40100   23.80500  
@C    24.90200   24.00300   24.83800  
@H    28.40400   24.92500   26.17300  
@H    26.16100   24.56200   27.27200  
@H    25.66300   22.09100   25.53200  
@H    24.73000   22.84900   26.71000  
@H    26.69200   26.11300   24.87000  
@H    27.85000   25.38900   23.78600  
@H    25.49000   24.97200   23.00100  
@H    26.29800   23.44900   23.37100  
@H    24.45100   24.91900   25.24000  
@H    24.01800   23.52400   24.40000  
@H    28.25500   23.42600   25.36800  
@N    27.34600   22.82100   27.57400  
@H    28.02900   22.19300   27.17000  
@C    27.13600   22.72700   28.93400  
@H    27.88800   22.07800   29.41800  
@O    26.18600   23.25100   29.48800  
C    25.85700   29.66300   24.00400  
H    26.29900   30.60500   23.67000  
H    25.27300   29.85900   24.90700  
H    26.60600   28.87900   24.14200  
S    24.79300   29.14100   22.64000  
C    24.18900   27.68700   23.52600  
H    23.49200   27.12600   22.89700  
H    24.99200   27.00900   23.82500  
H    23.58300   28.03800   24.36500  
O    25.74100   28.57700   21.62800  
C    22.56900   26.83000   32.54700  
H    22.02100   27.10600   33.45100  
H    23.64700   26.91800   32.70500  
H    22.24200   27.49900   31.74700  
S    22.32200   25.11900   32.02000  
C    20.54100   25.34700   32.23000  
H    20.21900   25.59400   33.24400  
H    20.23500   25.99700   31.40600  
H    20.05100   24.38800   32.04300  
O    22.79100   24.50400   33.30200  
C    27.74500   26.16500   31.33900  
H    26.87700   26.61200   31.83100  
H    27.45300   25.40300   30.61200  
H    28.52400   25.88700   32.05400  
S    28.49300   27.58400   30.50800  
C    27.26500   27.58400   29.18300  
H    27.26900   26.69100   28.55200  
H    26.27000   27.71300   29.61600  
H    27.52400   28.49500   28.63800  
O    29.71100   26.98600   29.87400  
C    32.72500   24.36800   33.90800  
H    33.68000   24.10100   34.36800  
H    32.32000   25.17600   34.52200  
H    32.08400   23.48300   33.94100  
S    32.77000   25.08500   32.25000  
C    30.97200   24.95400   32.13400  
H    30.65900   25.30500   31.14700  
H    30.80100   23.89500   32.34400  
H    30.44600   25.41400   32.97400  
O    33.31500   24.03200   31.33600  
C    32.29400   23.18800   24.18000  
H    32.88300   23.98600   23.71900  
H    31.69100   23.54600   25.01800  
H    33.01300   22.41700   24.46800  
S    31.03500   22.60500   23.02200  
C    30.47600   21.31500   24.15800  
H    29.47200   21.04600   23.81900  
H    31.15100   20.45800   24.09800  
H    30.42500   21.80700   25.13200  
O    31.63500   21.86300   21.87000  
C    32.00900   18.95900   26.75200  
H    31.22500   19.71000   26.63100  
H    32.42000   18.63700   25.79200  
H    31.65200   18.08200   27.29900  
S    33.26500   19.68200   27.83100  
C    34.40500   18.28900   27.66900  
H    33.79300   17.49300   28.10000  
H    34.64700   18.12300   26.61600  
H    35.35100   18.60000   28.11900  
O    32.89300   19.59900   29.27900  
C    29.60400   19.64700   30.76500  
H    30.33200   18.84000   30.63800  
H    29.10800   19.42900   31.71400  
H    28.91500   19.69800   29.91900  
S    30.59400   21.15800   30.71000  
C    31.38300   20.85600   32.30800  
H    31.76900   19.83300   32.28800  
H    32.17000   21.59200   32.49000  
H    30.58100   20.96800   33.04200  
O    29.61000   22.20900   31.11900  
C    27.80000   23.45400   20.68600  
H    27.81800   23.86900   21.69700  
H    28.38600   23.96500   19.91800  
H    26.75000   23.57600   20.40500  
S    28.05300   21.68400   20.94300  
C    28.01300   21.26200   19.18600  
H    27.44900   22.05700   18.69100  
H    29.05700   21.28000   18.86600  
H    27.43800   20.33700   19.08400  
O    26.74000   21.18100   21.45600  
C    28.07300   21.74400   34.08400  
H    27.76400   21.96600   35.10900  
H    28.68200   20.84400   34.19400  
H    28.67000   22.55000   33.64900  
S    26.79500   21.37700   32.86000  
C    25.73500   22.78900   33.24500  
H    26.30800   23.71200   33.12400  
H    24.83600   22.72100   32.62700  
H    25.45800   22.74500   34.30100  
O    26.00700   20.25800   33.46600  
C    21.80300   22.60400   25.25300  
H    21.05800   23.38900   25.40600  
H    22.74500   22.76000   25.78500  
H    21.86000   22.63000   24.16100  
S    20.95800   21.04700   25.61100  
C    22.33000   19.98500   25.10600  
H    23.16400   20.30800   25.73500  
H    22.01000   18.97300   25.36700  
H    22.58600   20.06200   24.04600  
O    19.90100   20.89300   24.56300  
C    18.27700   24.47600   23.95000  
H    18.54800   23.44700   24.20300  
H    18.23200   24.87600   24.96600  
H    17.31500   24.46900   23.43100  
S    19.57400   25.38300   23.07700  
C    20.01800   23.96500   22.04800  
H    19.28900   23.82700   21.24600  
H    21.02000   24.14600   21.65200  
H    20.26700   23.10800   22.67900  
O    20.73400   25.42600   24.02200  
C    20.39000   22.62300   29.03000  
H    20.58900   23.60800   29.45900  
H    20.24600   21.86000   29.79900  
H    21.10300   22.27300   28.27900  
S    18.80700   22.79900   28.17600  
C    19.07000   24.54200   27.77500  
H    19.40900   24.98600   28.71400  
H    19.87600   24.59200   27.03700  
H    18.09700   24.91200   27.44300  
O    17.72200   22.74000   29.20500  
C    30.58200   28.24300   26.71200  
H    30.75200   29.31000   26.55200  
H    29.83700   28.17800   27.51000  
H    31.52100   27.68400   26.75800  
S    29.88900   27.59200   25.17600  
C    31.45000   27.56300   24.26500  
H    32.03100   26.75000   24.70700  
H    31.16600   27.17500   23.28300  
H    32.00800   28.49700   24.37100  
O    29.14700   28.73400   24.55400  
C    27.47600   15.74300   33.98400  
H    27.52000   16.03700   35.03600  
H    27.15000   14.71700   33.79900  
H    28.48900   15.96200   33.63700  
S    26.56200   17.00500   33.06900  
C    24.97300   16.43500   33.71300  
H    24.23000   17.01600   33.16100  
H    24.87400   15.42100   33.31600  
H    24.96700   16.48100   34.80500  
O    26.55900   16.52600   31.65100  
C    28.51300   26.86400   20.47800  
H    29.13700   26.05000   20.85500  
H    28.94300   27.82800   20.76300  
H    27.52700   26.75900   20.93800  
S    28.38400   26.84300   18.67500  
C    27.30300   28.29100   18.63100  
H    27.00500   28.39200   17.58500  
H    26.40400   28.09900   19.22300  
H    27.79200   29.18500   19.02500  
O    27.54500   25.68700   18.22800  
C    24.52900   29.61800   33.30300  
H    24.92600   29.17700   34.22100  
H    24.42700   30.69700   33.44100  
H    23.53200   29.18100   33.21000  
S    25.46300   29.08400   31.85100  
C    26.59000   30.49500   31.78400  
H    26.06700   31.44000   31.95200  
H    27.32400   30.34400   32.58000  
H    27.11200   30.51400   30.82400  
O    24.53700   29.38600   30.71500  
C    30.90700   32.02200   25.23000  
H    30.81600   32.40500   26.25000  
H    31.14200   30.95500   25.24900  
H    31.58600   32.63100   24.62700  
S    29.24800   32.05200   24.51600  
C    29.77000   31.93600   22.79000  
H    28.91300   32.11500   22.13600  
H    30.49200   32.69800   22.48600  
H    30.29300   30.97600   22.77000  
O    28.96500   33.51100   24.69400  
C    24.00000   31.53900   27.51100  
H    24.09000   32.36200   28.22400  
H    24.15700   30.64200   28.11500  
H    24.64300   31.66200   26.63500  
S    22.31900   31.43400   26.85600  
C    21.62300   30.93800   28.44800  
H    20.55700   30.76000   28.28700  
H    22.12500   30.02000   28.76400  
H    21.88900   31.76300   29.11500  
O    22.28600   30.16800   26.05800  
C    23.96000   26.01800   28.88100  
H    24.80100   26.06200   28.18400  
H    23.85500   27.02500   29.29300  
H    24.21200   25.26900   29.63600  
S    22.34600   25.53300   28.23000  
C    22.24500   26.98900   27.16500  
H    21.18700   27.25700   27.12200  
H    22.93800   27.79400   27.42400  
H    22.53500   26.69300   26.15400  
O    21.44800   26.01700   29.32600  
C    24.47600   15.95400   23.07000  
H    24.23700   17.00700   23.23700  
H    25.23200   15.93000   22.28100  
H    23.56100   15.44500   22.75600  
S    25.03600   15.17600   24.60200  
C    23.53800   15.44600   25.57600  
H    22.73400   14.86700   25.11300  
H    23.73200   15.13800   26.60600  
H    23.32300   16.49500   25.79200  
O    25.91300   16.22100   25.21900  
C    33.36700   30.38700   19.99200  
H    32.84100   31.30300   20.27200  
H    34.44400   30.53400   20.11200  
H    33.05400   30.03300   19.00700  
S    32.99300   29.20000   21.30200  
C    31.23400   29.08000   20.90400  
H    30.77700   30.05900   20.74100  
H    31.03500   28.49500   20.00300  
H    30.64700   28.61800   21.70200  
O    33.06500   30.06700   22.52000  
C    23.78600   20.69300   21.53100  
H    22.83200   20.51800   22.03400  
H    24.49600   19.91800   21.83400  
H    24.21700   21.63400   21.88100  
S    23.70300   20.78700   19.72900  
C    22.41200   22.04900   19.66300  
H    21.48000   21.60700   20.02400  
H    22.67600   23.00000   20.13400  
H    22.20300   22.28500   18.61700  
O    22.95900   19.65800   19.08700  
C    24.87600   18.92800   28.02100  
H    25.86800   18.51900   28.22900  
H    24.09400   18.17800   28.16600  
H    24.84500   19.29100   26.99100  
S    24.47400   20.35400   29.05600  
C    24.07000   19.32800   30.48800  
H    23.57800   18.38500   30.24000  
H    24.90200   19.12000   31.16600  
H    23.36800   19.96400   31.03400  
O    23.15500   20.67000   28.42200  
C    23.82200   27.04700   19.34900  
H    24.43400   27.09600   18.44500  
H    23.72800   28.06800   19.72800  
H    24.29800   26.38000   20.07300  
S    22.22900   26.41900   18.77100  
C    21.67000   26.67000   20.47100  
H    22.20700   25.96500   21.11100  
H    21.72200   27.70200   20.82700  
H    20.60500   26.42500   20.45900  
O    22.49500   24.94600   18.75500  
C    34.66300   25.75000   20.66200  
H    35.48500   25.24400   21.17500  
H    34.93200   25.82500   19.60500  
H    34.61700   26.78100   21.02000  
S    33.10000   24.94100   21.07100  
C    32.27000   25.18800   19.48500  
H    32.38700   26.22400   19.16000  
H    32.69600   24.44800   18.80200  
H    31.20200   25.00400   19.62500  
O    32.33300   25.88000   21.94900  
C    25.51800   26.29500   34.81500  
H    25.21300   26.08700   33.78600  
H    25.41600   25.37300   35.39200  
H    25.06200   27.24600   35.10500  
S    27.31200   26.49000   34.90400  
C    27.15600   27.12800   36.58800  
H    26.73700   26.37000   37.25400  
H    28.13000   27.51200   36.90200  
H    26.58000   28.04500   36.43900  
O    27.61000   27.68400   34.05300  
C    28.10500   18.14100   26.89500  
H    28.36800   18.54100   27.87800  
H    27.41300   17.29500   26.88200  
H    29.02300   17.99500   26.32100  
S    27.29100   19.51800   26.05400  
C    27.49400   18.89800   24.36800  
H    27.16200   19.62800   23.62600  
H    28.57300   18.75000   24.27600  
H    26.89400   17.99700   24.21600  
O    28.20100   20.70100   26.17900  
C    32.80000   23.12300   28.19700  
H    33.45500   22.98000   27.33300  
H    33.30700   22.87200   29.13200  
H    31.91400   22.48600   28.12500  
S    32.18300   24.82100   28.20900  
C    30.45900   24.33800   28.45000  
H    29.94000   25.28100   28.64000  
H    30.09100   23.93700   27.50200  
H    30.41100   23.67700   29.31900  
O    32.32500   25.24200   26.78000  
$end

$rem
JOBTYPE  SP
METHOD  B3LYP
BASIS  6-31+G(D)
SYMMETRY  FALSE
SYM_IGNORE  TRUE
MEM_TOTAL  16000
MEM_STATIC  8000
MAX_SUB_FILE_NUM  16000
BASIS_LIN_DEP_THRESH  6
THRESH  14
SCF_CONVERGENCE  8
GEN_SCFMAN  FALSE
SCF_GUESS  READ
FD_MAT_VEC_PROD  FALSE
XC_GRID  000075000302
NL_GRID  1
MAX_SCF_CYCLES  200
SKIP_SCFMAN  TRUE
ESP_GRID  0
ESP_EFIELD  1
$end
