$molecule
0 1
--
0 1
C    26.22900   24.25800   26.21400  
C    26.28300   25.74600   26.60000  
C    24.92200   26.43100   26.80300  
C    23.93900   25.61800   27.66100  
C    23.84600   24.12300   27.31400  
C    25.23200   23.49200   27.09900  
H    25.11200   27.42200   27.23300  
H    26.69900   25.75900   27.61500  
H    25.79800   24.12200   25.21500  
H    27.22800   23.80600   26.24900  
H    24.32900   25.65100   28.68600  
H    22.93000   26.03400   27.55200  
H    23.18200   23.65900   28.05300  
H    23.32400   24.07000   26.35000  
H    25.64000   23.38700   28.11200  
H    25.23900   22.47300   26.69500  
H    24.41400   26.68800   25.86400  
N    27.12200   26.41700   25.60900  
H    27.02700   26.28100   24.61000  
C    28.01000   27.42700   25.91400  
H    28.56400   27.76200   25.01800  
O    28.22200   27.77200   27.06300  
--
0 1
C    24.04300   28.83500   23.73800  
H    24.71400   29.69300   23.82400  
H    23.50600   28.59600   24.65900  
H    24.63300   27.93900   23.52700  
S    22.91200   29.09000   22.35100  
C    21.91600   30.41400   23.07200  
H    22.57700   31.08400   23.62700  
H    21.43800   31.11900   22.38700  
H    21.10500   30.02100   23.69100  
O    21.93300   27.97400   22.54200  
C    22.42900   27.93200   31.05400  
H    21.66500   28.27900   30.35400  
H    22.66300   28.77100   31.71400  
H    23.25300   27.59000   30.42200  
S    21.83900   26.58700   32.10800  
C    21.57400   25.60900   30.61200  
H    20.68300   25.84400   30.02500  
H    22.49200   25.45100   30.03900  
H    21.34200   24.63000   31.03900  
O    20.43600   26.96000   32.47400  
C    25.73100   30.10200   31.34500  
H    25.55800   29.38700   30.53700  
H    24.86800   30.75500   31.49700  
H    26.62200   30.72000   31.20700  
S    25.91000   29.07600   32.82200  
C    27.53700   28.40600   32.41100  
H    27.74400   27.63400   33.15700  
H    27.39500   27.84600   31.48300  
H    28.29400   29.19300   32.45500  
O    24.99400   27.96200   32.41800  
C    30.31100   29.06200   29.42400  
H    30.10700   28.03000   29.13100  
H    30.04600   29.11100   30.48300  
H    29.68300   29.81000   28.93400  
S    32.03500   29.51400   29.12400  
C    32.57600   28.16300   30.19500  
H    32.56500   27.18600   29.70500  
H    33.60600   28.28400   30.54200  
H    31.82600   28.13100   30.98900  
O    32.24500   30.71000   30.00100  
C    27.70800   21.67400   28.83500  
H    27.31000   21.00300   28.07000  
H    27.05300   21.62300   29.70800  
H    27.70200   22.68500   28.42000  
S    29.34000   21.26300   29.49400  
C    29.92300   20.47800   27.97400  
H    29.50600   19.47200   27.88200  
H    29.66800   21.18400   27.18000  
H    31.01100   20.38400   28.03100  
O    28.98800   20.04000   30.28300  
C    28.41300   35.21600   27.89600  
H    27.41100   35.65100   27.92500  
H    29.09200   36.06500   27.78800  
H    28.49500   34.61700   26.98500  
S    28.84700   34.16500   29.30000  
C    30.56100   33.82000   28.84600  
H    30.92200   33.02600   29.50500  
H    30.57700   33.51500   27.79700  
H    31.05500   34.76100   29.10200  
O    28.08100   32.88700   29.15300  
C    25.08100   23.73400   32.05100  
H    24.29000   24.22800   31.48200  
H    25.57600   23.06900   31.33800  
H    24.66400   23.17400   32.89200  
S    26.32100   24.77400   32.85500  
C    27.47900   24.55300   31.48600  
H    27.29500   25.23700   30.65300  
H    28.45500   24.74100   31.94100  
H    27.60300   23.52400   31.13700  
O    26.78900   23.89300   33.97100  
C    19.71500   22.14000   28.13300  
H    20.69300   22.40800   28.53900  
H    18.97300   22.45300   28.87200  
H    19.59500   21.08400   27.87900  
S    19.54100   23.08700   26.60400  
C    20.98800   22.27300   25.89000  
H    21.04800   22.73700   24.90200  
H    21.85900   22.48000   26.51600  
H    20.84400   21.19100   25.93800  
O    20.11200   24.42100   26.97100  
C    30.98900   27.14100   22.71400  
H    30.26500   26.53300   23.26300  
H    30.60400   28.12300   22.42700  
H    31.32800   26.71300   21.76700  
S    32.52800   27.13300   23.66100  
C    33.37000   28.53600   22.89400  
H    32.80800   29.37300   23.31700  
H    34.45100   28.59200   23.04900  
H    33.19900   28.55800   21.81500  
O    33.16800   25.88200   23.14500  
C    18.57300   26.93500   22.30800  
H    19.40700   26.51500   21.74000  
H    17.84600   26.12700   22.42500  
H    18.13200   27.78900   21.78800  
S    19.10000   27.54600   23.92400  
C    19.64300   25.93700   24.54100  
H    20.48000   25.62800   23.90900  
H    20.05400   26.18900   25.52100  
H    18.78400   25.27200   24.66600  
O    17.81500   27.67100   24.68200  
C    17.65900   25.19400   29.73200  
H    18.42900   25.46000   29.00200  
H    17.64000   26.08500   30.36500  
H    17.91900   24.39000   30.42500  
S    16.21300   24.91900   28.68400  
C    15.63100   26.62000   28.49800  
H    16.52000   27.02200   28.00400  
H    14.70800   26.66700   27.91500  
H    15.47300   26.99600   29.51200  
O    15.14400   24.27300   29.51000  
C    19.20700   17.33400   30.02200  
H    18.46100   18.03000   30.41200  
H    18.98300   16.27600   30.17700  
H    20.16900   17.67800   30.41100  
S    19.58200   17.66800   28.28600  
C    20.93500   16.47100   28.25300  
H    20.44400   15.51600   28.45700  
H    21.34100   16.34600   27.24600  
H    21.75000   16.56900   28.97400  
O    20.28600   18.97800   28.45600  
C    29.04800   30.88200   26.39800  
H    28.37500   31.08400   25.56100  
H    28.68500   30.03700   26.99000  
H    29.23600   31.75800   27.02400  
S    30.57200   30.36900   25.57400  
C    30.79400   31.92600   24.68400  
H    29.86200   32.20200   24.18500  
H    31.00300   32.66000   25.46700  
H    31.62100   31.80800   23.97900  
O    30.27700   29.41500   24.45900  
C    17.90600   21.48400   31.23200  
H    17.42000   21.07600   32.12200  
H    17.55800   22.51400   31.12500  
H    17.51300   20.83600   30.44500  
S    19.71000   21.44400   31.33800  
C    19.85500   20.13200   32.57200  
H    19.62800   20.53500   33.56300  
H    19.08000   19.38300   32.39000  
H    20.87500   19.75000   32.66700  
O    19.80400   22.73300   32.09400  
C    28.11800   27.84300   19.62700  
H    28.65700   28.65600   19.13600  
H    28.85900   27.24600   20.16500  
H    27.57000   27.25300   18.88800  
S    27.04400   28.48400   20.93100  
C    28.22300   29.75400   21.44400  
H    29.23000   29.38200   21.23900  
H    27.99300   30.69200   20.93200  
H    28.11700   29.96400   22.51200  
O    27.13200   27.39200   21.95100  
C    24.63300   33.68100   27.13000  
H    25.70700   33.67100   26.93000  
H    24.10600   34.38500   26.48200  
H    24.44300   33.92100   28.18000  
S    23.97100   32.01000   26.94600  
C    25.15900   31.08400   27.94500  
H    25.53400   31.65100   28.80100  
H    24.70900   30.19100   28.38600  
H    26.00400   30.75500   27.33500  
O    24.27500   31.66300   25.52100  
C    20.09400   22.94600   21.06700  
H    21.15000   22.87400   21.33900  
H    19.69600   22.14800   20.43400  
H    19.97200   23.91500   20.57600  
S    19.00200   23.08700   22.49900  
C    19.09900   21.32200   22.87300  
H    20.10500   20.96200   23.10400  
H    18.41900   21.08900   23.69700  
H    18.81900   20.79700   21.95700  
O    17.60700   23.29500   21.99700  
C    19.45000   30.05000   27.05300  
H    18.82500   29.39400   26.44200  
H    18.99000   30.20600   28.03300  
H    19.68500   31.04000   26.65600  
S    20.99600   29.15200   27.31400  
C    20.14400   27.82800   28.19900  
H    19.66200   27.05900   27.59000  
H    20.95000   27.19800   28.58400  
H    19.51600   28.17900   29.02200  
O    21.63100   30.03400   28.34400  
C    23.32200   18.95500   22.22300  
H    22.33600   19.31300   21.91500  
H    23.87700   18.47700   21.41100  
H    23.05300   18.30600   23.06000  
S    24.25000   20.35200   22.89400  
C    25.17200   19.41800   24.13500  
H    24.42500   19.14900   24.88700  
H    25.70000   18.53200   23.77300  
H    25.94300   20.09200   24.51800  
O    23.14500   21.20400   23.43500  
C    23.63700   19.48000   27.88900  
H    24.50100   19.81400   27.30900  
H    23.73100   18.39100   27.89600  
H    22.64200   19.84100   27.61600  
S    24.12400   19.97700   29.55600  
C    22.54700   19.69400   30.39100  
H    22.10000   18.69800   30.44700  
H    22.51200   20.21200   31.35300  
H    21.84000   20.12400   29.67700  
O    24.29000   21.44900   29.33900  
C    25.16500   23.97700   21.84000  
H    26.02600   23.93600   21.16700  
H    25.47400   24.11300   22.88000  
H    24.55800   23.09400   21.62600  
S    24.21000   25.44700   21.40300  
C    23.29100   25.23200   22.94500  
H    22.40900   25.86900   22.84100  
H    22.93200   24.20100   23.00200  
H    23.88500   25.61100   23.78000  
O    23.28600   24.96700   20.32800  
C    28.03400   21.54800   23.94300  
H    27.88800   22.01300   24.92100  
H    27.29400   21.90000   23.21900  
H    28.23600   20.47900   24.05100  
S    29.55300   22.30900   23.32900  
C    29.03100   24.03700   23.25700  
H    29.64400   24.56600   23.99200  
H    29.02700   24.53000   22.28200  
H    28.01200   24.05900   23.65100  
O    29.47000   21.87300   21.89900  
C    27.65600   15.37000   29.27500  
H    27.09200   14.65900   29.88300  
H    28.43700   14.82600   28.73800  
H    28.03000   16.05500   30.04000  
S    26.56900   16.09700   28.02800  
C    27.74300   17.23200   27.25400  
H    28.74200   16.80100   27.15100  
H    27.26300   17.49800   26.30900  
H    27.74600   18.05900   27.96800  
O    25.67000   17.09200   28.69300  
C    29.73800   25.02900   28.53100  
H    30.27200   25.85100   29.01500  
H    28.97300   25.58200   27.98000  
H    29.14300   24.48800   29.27100  
S    30.63700   23.96300   27.38100  
C    31.23200   25.49000   26.62000  
H    31.81500   25.07300   25.79500  
H    30.44300   26.13400   26.22400  
H    31.92900   25.94200   27.33100  
O    29.59500   23.43400   26.44500  
$end

$rem
JOBTYPE  SP
METHOD  B3LYP
BASIS  6-31+G(D)
SYMMETRY  FALSE
SYM_IGNORE  TRUE
MEM_TOTAL  12000
MEM_STATIC  4000
BASIS_LIN_DEP_THRESH  6
THRESH  14
SCF_CONVERGENCE  8
FD_MAT_VEC_PROD  FALSE
XC_GRID  000075000302
NL_GRID  1
MAX_SCF_CYCLES  200
ENV_METHOD  B3LYP
GEN_SCFMAN_EMBED  TRUE
SPADE_PARTITION  TRUE
EMBEDDING_EARLY_STOP  TRUE
$end

@@@

$molecule
0 1
@C    26.22900   24.25800   26.21400  
@C    26.28300   25.74600   26.60000  
@C    24.92200   26.43100   26.80300  
@C    23.93900   25.61800   27.66100  
@C    23.84600   24.12300   27.31400  
@C    25.23200   23.49200   27.09900  
@H    25.11200   27.42200   27.23300  
@H    26.69900   25.75900   27.61500  
@H    25.79800   24.12200   25.21500  
@H    27.22800   23.80600   26.24900  
@H    24.32900   25.65100   28.68600  
@H    22.93000   26.03400   27.55200  
@H    23.18200   23.65900   28.05300  
@H    23.32400   24.07000   26.35000  
@H    25.64000   23.38700   28.11200  
@H    25.23900   22.47300   26.69500  
@H    24.41400   26.68800   25.86400  
@N    27.12200   26.41700   25.60900  
@H    27.02700   26.28100   24.61000  
@C    28.01000   27.42700   25.91400  
@H    28.56400   27.76200   25.01800  
@O    28.22200   27.77200   27.06300  
C    24.04300   28.83500   23.73800  
H    24.71400   29.69300   23.82400  
H    23.50600   28.59600   24.65900  
H    24.63300   27.93900   23.52700  
S    22.91200   29.09000   22.35100  
C    21.91600   30.41400   23.07200  
H    22.57700   31.08400   23.62700  
H    21.43800   31.11900   22.38700  
H    21.10500   30.02100   23.69100  
O    21.93300   27.97400   22.54200  
C    22.42900   27.93200   31.05400  
H    21.66500   28.27900   30.35400  
H    22.66300   28.77100   31.71400  
H    23.25300   27.59000   30.42200  
S    21.83900   26.58700   32.10800  
C    21.57400   25.60900   30.61200  
H    20.68300   25.84400   30.02500  
H    22.49200   25.45100   30.03900  
H    21.34200   24.63000   31.03900  
O    20.43600   26.96000   32.47400  
C    25.73100   30.10200   31.34500  
H    25.55800   29.38700   30.53700  
H    24.86800   30.75500   31.49700  
H    26.62200   30.72000   31.20700  
S    25.91000   29.07600   32.82200  
C    27.53700   28.40600   32.41100  
H    27.74400   27.63400   33.15700  
H    27.39500   27.84600   31.48300  
H    28.29400   29.19300   32.45500  
O    24.99400   27.96200   32.41800  
C    30.31100   29.06200   29.42400  
H    30.10700   28.03000   29.13100  
H    30.04600   29.11100   30.48300  
H    29.68300   29.81000   28.93400  
S    32.03500   29.51400   29.12400  
C    32.57600   28.16300   30.19500  
H    32.56500   27.18600   29.70500  
H    33.60600   28.28400   30.54200  
H    31.82600   28.13100   30.98900  
O    32.24500   30.71000   30.00100  
C    27.70800   21.67400   28.83500  
H    27.31000   21.00300   28.07000  
H    27.05300   21.62300   29.70800  
H    27.70200   22.68500   28.42000  
S    29.34000   21.26300   29.49400  
C    29.92300   20.47800   27.97400  
H    29.50600   19.47200   27.88200  
H    29.66800   21.18400   27.18000  
H    31.01100   20.38400   28.03100  
O    28.98800   20.04000   30.28300  
C    28.41300   35.21600   27.89600  
H    27.41100   35.65100   27.92500  
H    29.09200   36.06500   27.78800  
H    28.49500   34.61700   26.98500  
S    28.84700   34.16500   29.30000  
C    30.56100   33.82000   28.84600  
H    30.92200   33.02600   29.50500  
H    30.57700   33.51500   27.79700  
H    31.05500   34.76100   29.10200  
O    28.08100   32.88700   29.15300  
C    25.08100   23.73400   32.05100  
H    24.29000   24.22800   31.48200  
H    25.57600   23.06900   31.33800  
H    24.66400   23.17400   32.89200  
S    26.32100   24.77400   32.85500  
C    27.47900   24.55300   31.48600  
H    27.29500   25.23700   30.65300  
H    28.45500   24.74100   31.94100  
H    27.60300   23.52400   31.13700  
O    26.78900   23.89300   33.97100  
C    19.71500   22.14000   28.13300  
H    20.69300   22.40800   28.53900  
H    18.97300   22.45300   28.87200  
H    19.59500   21.08400   27.87900  
S    19.54100   23.08700   26.60400  
C    20.98800   22.27300   25.89000  
H    21.04800   22.73700   24.90200  
H    21.85900   22.48000   26.51600  
H    20.84400   21.19100   25.93800  
O    20.11200   24.42100   26.97100  
C    30.98900   27.14100   22.71400  
H    30.26500   26.53300   23.26300  
H    30.60400   28.12300   22.42700  
H    31.32800   26.71300   21.76700  
S    32.52800   27.13300   23.66100  
C    33.37000   28.53600   22.89400  
H    32.80800   29.37300   23.31700  
H    34.45100   28.59200   23.04900  
H    33.19900   28.55800   21.81500  
O    33.16800   25.88200   23.14500  
C    18.57300   26.93500   22.30800  
H    19.40700   26.51500   21.74000  
H    17.84600   26.12700   22.42500  
H    18.13200   27.78900   21.78800  
S    19.10000   27.54600   23.92400  
C    19.64300   25.93700   24.54100  
H    20.48000   25.62800   23.90900  
H    20.05400   26.18900   25.52100  
H    18.78400   25.27200   24.66600  
O    17.81500   27.67100   24.68200  
C    17.65900   25.19400   29.73200  
H    18.42900   25.46000   29.00200  
H    17.64000   26.08500   30.36500  
H    17.91900   24.39000   30.42500  
S    16.21300   24.91900   28.68400  
C    15.63100   26.62000   28.49800  
H    16.52000   27.02200   28.00400  
H    14.70800   26.66700   27.91500  
H    15.47300   26.99600   29.51200  
O    15.14400   24.27300   29.51000  
C    19.20700   17.33400   30.02200  
H    18.46100   18.03000   30.41200  
H    18.98300   16.27600   30.17700  
H    20.16900   17.67800   30.41100  
S    19.58200   17.66800   28.28600  
C    20.93500   16.47100   28.25300  
H    20.44400   15.51600   28.45700  
H    21.34100   16.34600   27.24600  
H    21.75000   16.56900   28.97400  
O    20.28600   18.97800   28.45600  
C    29.04800   30.88200   26.39800  
H    28.37500   31.08400   25.56100  
H    28.68500   30.03700   26.99000  
H    29.23600   31.75800   27.02400  
S    30.57200   30.36900   25.57400  
C    30.79400   31.92600   24.68400  
H    29.86200   32.20200   24.18500  
H    31.00300   32.66000   25.46700  
H    31.62100   31.80800   23.97900  
O    30.27700   29.41500   24.45900  
C    17.90600   21.48400   31.23200  
H    17.42000   21.07600   32.12200  
H    17.55800   22.51400   31.12500  
H    17.51300   20.83600   30.44500  
S    19.71000   21.44400   31.33800  
C    19.85500   20.13200   32.57200  
H    19.62800   20.53500   33.56300  
H    19.08000   19.38300   32.39000  
H    20.87500   19.75000   32.66700  
O    19.80400   22.73300   32.09400  
C    28.11800   27.84300   19.62700  
H    28.65700   28.65600   19.13600  
H    28.85900   27.24600   20.16500  
H    27.57000   27.25300   18.88800  
S    27.04400   28.48400   20.93100  
C    28.22300   29.75400   21.44400  
H    29.23000   29.38200   21.23900  
H    27.99300   30.69200   20.93200  
H    28.11700   29.96400   22.51200  
O    27.13200   27.39200   21.95100  
C    24.63300   33.68100   27.13000  
H    25.70700   33.67100   26.93000  
H    24.10600   34.38500   26.48200  
H    24.44300   33.92100   28.18000  
S    23.97100   32.01000   26.94600  
C    25.15900   31.08400   27.94500  
H    25.53400   31.65100   28.80100  
H    24.70900   30.19100   28.38600  
H    26.00400   30.75500   27.33500  
O    24.27500   31.66300   25.52100  
C    20.09400   22.94600   21.06700  
H    21.15000   22.87400   21.33900  
H    19.69600   22.14800   20.43400  
H    19.97200   23.91500   20.57600  
S    19.00200   23.08700   22.49900  
C    19.09900   21.32200   22.87300  
H    20.10500   20.96200   23.10400  
H    18.41900   21.08900   23.69700  
H    18.81900   20.79700   21.95700  
O    17.60700   23.29500   21.99700  
C    19.45000   30.05000   27.05300  
H    18.82500   29.39400   26.44200  
H    18.99000   30.20600   28.03300  
H    19.68500   31.04000   26.65600  
S    20.99600   29.15200   27.31400  
C    20.14400   27.82800   28.19900  
H    19.66200   27.05900   27.59000  
H    20.95000   27.19800   28.58400  
H    19.51600   28.17900   29.02200  
O    21.63100   30.03400   28.34400  
C    23.32200   18.95500   22.22300  
H    22.33600   19.31300   21.91500  
H    23.87700   18.47700   21.41100  
H    23.05300   18.30600   23.06000  
S    24.25000   20.35200   22.89400  
C    25.17200   19.41800   24.13500  
H    24.42500   19.14900   24.88700  
H    25.70000   18.53200   23.77300  
H    25.94300   20.09200   24.51800  
O    23.14500   21.20400   23.43500  
C    23.63700   19.48000   27.88900  
H    24.50100   19.81400   27.30900  
H    23.73100   18.39100   27.89600  
H    22.64200   19.84100   27.61600  
S    24.12400   19.97700   29.55600  
C    22.54700   19.69400   30.39100  
H    22.10000   18.69800   30.44700  
H    22.51200   20.21200   31.35300  
H    21.84000   20.12400   29.67700  
O    24.29000   21.44900   29.33900  
C    25.16500   23.97700   21.84000  
H    26.02600   23.93600   21.16700  
H    25.47400   24.11300   22.88000  
H    24.55800   23.09400   21.62600  
S    24.21000   25.44700   21.40300  
C    23.29100   25.23200   22.94500  
H    22.40900   25.86900   22.84100  
H    22.93200   24.20100   23.00200  
H    23.88500   25.61100   23.78000  
O    23.28600   24.96700   20.32800  
C    28.03400   21.54800   23.94300  
H    27.88800   22.01300   24.92100  
H    27.29400   21.90000   23.21900  
H    28.23600   20.47900   24.05100  
S    29.55300   22.30900   23.32900  
C    29.03100   24.03700   23.25700  
H    29.64400   24.56600   23.99200  
H    29.02700   24.53000   22.28200  
H    28.01200   24.05900   23.65100  
O    29.47000   21.87300   21.89900  
C    27.65600   15.37000   29.27500  
H    27.09200   14.65900   29.88300  
H    28.43700   14.82600   28.73800  
H    28.03000   16.05500   30.04000  
S    26.56900   16.09700   28.02800  
C    27.74300   17.23200   27.25400  
H    28.74200   16.80100   27.15100  
H    27.26300   17.49800   26.30900  
H    27.74600   18.05900   27.96800  
O    25.67000   17.09200   28.69300  
C    29.73800   25.02900   28.53100  
H    30.27200   25.85100   29.01500  
H    28.97300   25.58200   27.98000  
H    29.14300   24.48800   29.27100  
S    30.63700   23.96300   27.38100  
C    31.23200   25.49000   26.62000  
H    31.81500   25.07300   25.79500  
H    30.44300   26.13400   26.22400  
H    31.92900   25.94200   27.33100  
O    29.59500   23.43400   26.44500  
$end

$rem
JOBTYPE  SP
METHOD  B3LYP
BASIS  6-31+G(D)
SYMMETRY  FALSE
SYM_IGNORE  TRUE
MEM_TOTAL  12000
MEM_STATIC  4000
BASIS_LIN_DEP_THRESH  6
THRESH  14
SCF_CONVERGENCE  8
FD_MAT_VEC_PROD  FALSE
XC_GRID  000075000302
NL_GRID  1
MAX_SCF_CYCLES  200
SCF_GUESS  READ
GEN_SCFMAN  FALSE
SKIP_SCFMAN  TRUE
ESP_GRID  0
ESP_EFIELD  1
$end
