$molecule
0 1
--
0 1
C    20.32700   19.39300   27.73200  
C    21.55900   19.48800   28.64700  
C    22.85200   19.97500   27.97300  
C    22.53000   21.17400   27.06600  
C    21.44400   20.93400   26.00400  
C    20.14700   20.54900   26.73400  
H    23.55600   20.33100   28.73500  
H    21.24600   20.26300   29.35600  
H    20.28000   18.39700   27.27600  
H    19.41000   19.33300   28.33100  
H    22.18200   21.97300   27.73200  
H    23.44700   21.55800   26.60300  
H    21.19700   21.82800   25.41700  
H    21.80900   20.27900   25.20300  
H    19.96300   21.38100   27.42400  
H    19.32900   20.46800   26.00800  
H    23.40900   19.22100   27.40300  
N    21.81000   18.26100   29.40200  
H    21.31100   17.42100   29.13500  
C    22.19300   18.28800   30.72700  
H    21.89600   17.33900   31.20800  
O    22.82400   19.19400   31.24200  
--
0 1
C    25.84400   23.71900   27.51600  
H    26.19700   23.15200   28.38100  
H    24.91400   23.28300   27.14100  
H    26.67600   23.80900   26.81300  
S    25.59000   25.44300   27.99200  
C    24.63900   26.08600   26.59600  
H    23.57700   25.83000   26.61600  
H    24.70100   27.17700   26.62300  
H    25.15700   25.74300   25.69700  
O    26.93700   26.08600   27.87100  
C    16.83100   21.92000   24.63000  
H    17.03400   21.26900   23.77600  
H    17.26700   21.48600   25.53300  
H    15.77100   22.01300   24.87600  
S    17.53100   23.54300   24.25000  
C    17.43200   24.16000   25.94600  
H    18.14500   23.56000   26.51700  
H    17.89400   25.15000   25.91100  
H    16.42300   24.29100   26.34600  
O    16.47800   24.25600   23.46100  
C    18.36500   18.70300   23.23400  
H    18.95100   19.38200   23.85900  
H    18.98900   18.00800   22.66700  
H    17.73700   19.22900   22.51000  
S    17.11900   17.84500   24.22200  
C    18.21500   16.66900   25.04700  
H    18.87600   17.19500   25.74100  
H    17.58800   15.88800   25.48600  
H    18.75800   16.24700   24.19700  
O    16.37500   16.98400   23.25000  
C    25.67800   15.18000   30.55900  
H    25.70700   16.09800   31.15200  
H    24.64200   14.83300   30.54200  
H    26.28400   14.35800   30.94700  
S    26.12800   15.53900   28.84600  
C    24.91700   16.87200   28.69800  
H    25.08900   17.39200   27.75300  
H    23.86900   16.56100   28.72400  
H    25.07600   17.60600   29.49200  
O    25.62000   14.37400   28.05400  
C    22.48600   13.54200   32.55700  
H    21.48500   13.23500   32.87100  
H    22.78000   14.54000   32.89300  
H    22.51500   13.53100   31.46500  
S    23.43300   12.14500   33.20300  
C    25.06200   12.34300   32.44600  
H    25.45900   13.33100   32.69100  
H    25.76800   11.56600   32.74800  
H    24.99000   12.34600   31.35500  
O    22.88300   10.94200   32.50100  
C    30.23700   18.81100   30.00700  
H    31.15600   18.28300   30.27400  
H    30.05800   18.72400   28.93200  
H    30.31200   19.86500   30.28700  
S    28.88400   18.05900   30.93800  
C    29.02900   16.55200   29.95200  
H    28.74000   16.72300   28.91200  
H    29.95900   15.98300   30.03400  
H    28.32500   15.82700   30.37000  
O    27.60200   18.56500   30.35200  
C    25.09300   20.12000   37.13500  
H    25.88400   20.33000   37.86000  
H    24.23300   19.61900   37.58700  
H    25.43700   19.46000   36.33400  
S    24.47500   21.59200   36.29000  
C    24.10200   22.52600   37.79100  
H    23.38600   21.94300   38.37500  
H    24.99300   22.63900   38.41400  
H    23.81400   23.53500   37.48200  
O    23.18500   21.21000   35.63200  
C    20.34000   20.95700   33.11500  
H    21.18600   20.63400   32.50200  
H    20.36900   22.04800   33.18200  
H    20.34500   20.52500   34.11900  
S    18.79500   20.33600   32.41300  
C    17.95000   20.26000   34.00900  
H    18.62500   19.62100   34.58400  
H    17.97300   21.17900   34.59900  
H    16.89000   19.99200   34.01000  
O    18.91300   18.87700   32.09700  
C    15.77700   19.82100   29.31300  
H    15.48300   19.59000   28.28600  
H    16.42400   19.00200   29.63800  
H    14.85500   19.82900   29.89900  
S    16.75500   21.32900   29.49400  
C    15.57700   22.57900   28.93200  
H    14.65400   22.40500   29.49100  
H    15.98800   23.56300   29.16900  
H    15.51200   22.51700   27.84300  
O    17.79000   21.33200   28.41200  
C    21.15900   13.44000   26.42300  
H    21.70600   13.33400   27.36300  
H    20.53700   14.32900   26.55900  
H    20.55500   12.55300   26.21400  
S    22.14400   13.70700   24.93100  
C    22.79600   15.29200   25.50500  
H    23.31300   15.72600   24.64600  
H    21.97800   15.91900   25.87000  
H    23.48900   15.00400   26.29900  
O    21.10000   13.99500   23.89700  
C    25.40100   21.09900   31.29500  
H    24.59900   20.54200   30.80400  
H    25.70600   21.92000   30.64300  
H    26.19900   20.39400   31.54300  
S    24.75900   21.75400   32.85200  
C    23.48500   22.84100   32.17400  
H    23.09100   22.52900   31.20300  
H    22.70700   22.85000   32.94200  
H    23.90400   23.85000   32.15300  
O    25.85600   22.71500   33.18900  
C    14.91200   16.44600   26.23600  
H    14.92600   17.52900   26.38100  
H    15.71500   15.91800   26.75800  
H    14.96400   16.33700   25.15000  
S    13.33100   15.98500   26.97900  
C    13.74700   16.52000   28.65300  
H    13.12600   15.98600   29.37700  
H    14.81000   16.33000   28.82300  
H    13.47900   17.57800   28.71000  
O    13.36900   14.49300   27.10200  
C    14.07000   22.36200   21.22700  
H    13.57700   21.87600   20.38100  
H    13.65200   21.92700   22.13900  
H    13.90000   23.44100   21.24200  
S    15.84600   22.02800   21.23600  
C    16.19500   22.81900   19.65000  
H    17.22400   22.62600   19.33800  
H    15.53800   22.42800   18.86800  
H    16.07200   23.89800   19.77600  
O    15.82500   20.57400   20.88100  
C    20.21600   23.33900   30.34200  
H    20.23200   22.49200   29.65100  
H    20.78200   23.25200   31.27300  
H    19.17600   23.66200   30.44400  
S    21.09900   24.71700   29.57700  
C    20.38500   24.46800   27.93600  
H    20.81500   25.25000   27.30500  
H    20.75500   23.55900   27.45400  
H    19.30800   24.65500   27.94200  
O    22.48700   24.20600   29.34300  
C    17.17700   13.50000   34.51100  
H    16.43800   14.00900   33.88600  
H    17.69100   12.83300   33.81500  
H    16.75100   12.95700   35.35900  
S    18.23800   14.83200   35.11600  
C    18.35900   15.79200   33.58900  
H    18.40000   16.86300   33.80300  
H    19.31300   15.44200   33.18500  
H    17.52100   15.51600   32.94400  
O    19.56000   14.13500   35.19000  
C    22.95000   17.48200   34.39700  
H    22.74600   17.12200   33.38500  
H    22.32600   16.92400   35.10000  
H    22.86100   18.56800   34.47400  
S    24.65600   17.00000   34.74600  
C    25.31100   18.08500   33.45900  
H    24.85700   17.70400   32.54000  
H    24.94800   19.10800   33.59000  
H    26.39300   17.94300   33.40100  
O    24.66200   15.61400   34.18000  
C    22.85700   22.97200   23.59700  
H    22.95600   23.52600   24.53400  
H    23.14700   21.94000   23.81200  
H    23.49800   23.44200   22.84700  
S    21.15500   23.13800   23.01200  
C    21.18500   21.52500   22.19900  
H    20.13900   21.37700   21.91900  
H    21.85800   21.69300   21.35400  
H    21.50400   20.73200   22.88100  
O    21.33100   24.15600   21.92900  
C    21.34800   19.30700   37.52900  
H    21.57300   19.53500   36.48400  
H    20.28100   19.47000   37.70300  
H    21.94900   19.90700   38.21700  
S    21.72100   17.56800   37.84700  
C    20.24300   16.81800   37.12600  
H    19.31000   17.06800   37.63700  
H    20.04900   17.22000   36.12800  
H    20.28800   15.72600   37.13000  
O    21.73200   17.49600   39.34200  
C    28.27000   25.53600   24.31400  
H    27.50200   26.26100   24.03200  
H    28.22300   25.39700   25.39700  
H    29.26300   25.92500   24.07400  
S    27.70200   23.99900   23.55300  
C    27.79300   24.63500   21.86400  
H    26.86000   25.12700   21.58000  
H    28.62300   25.33900   21.76200  
H    27.97100   23.86300   21.11100  
O    26.25300   23.95200   23.92400  
C    24.75200   19.64200   21.88000  
H    23.86700   20.17700   21.52600  
H    25.36300   20.26800   22.53600  
H    25.40100   19.28400   21.07600  
S    24.15200   18.15400   22.71100  
C    22.88100   17.78000   21.48300  
H    23.39600   17.65400   20.52700  
H    22.23300   16.91900   21.67000  
H    22.18400   18.62000   21.54200  
O    23.42400   18.74600   23.87700  
C    19.87600   27.51800   23.38500  
H    19.82300   26.43300   23.26300  
H    19.35200   27.96300   22.53600  
H    20.95600   27.53400   23.21900  
S    19.20400   28.05000   24.97600  
C    19.35500   29.84100   24.79000  
H    19.97900   30.26800   25.58000  
H    19.78500   30.02300   23.80200  
H    18.37700   30.32700   24.75800  
O    20.26900   27.65500   25.95100  
C    25.97800   20.65300   25.06800  
H    26.75300   20.98300   24.37200  
H    24.96300   20.41300   24.73900  
H    26.06300   21.37100   25.88700  
S    26.46300   19.10600   25.86600  
C    27.41700   19.79800   27.23500  
H    28.35300   20.16600   26.80700  
H    26.80600   20.46100   27.85300  
H    27.69100   19.02600   27.96000  
O    27.55700   18.56900   24.99600  
C    25.62300   13.08200   24.85300  
H    24.89100   13.58900   25.48700  
H    25.04300   12.30600   24.34700  
H    26.44300   12.67200   25.44600  
S    26.10200   14.20600   23.52100  
C    26.58400   15.56500   24.60900  
H    26.08200   15.40600   25.56700  
H    27.65500   15.73500   24.74600  
H    26.25400   16.47300   24.09800  
O    24.79500   14.59000   22.89900  
C    17.83700   11.59600   25.78600  
H    17.46100   10.93300   25.00200  
H    18.66500   12.18600   25.38500  
H    18.07600   11.07700   26.71800  
S    16.55200   12.77300   26.26100  
C    16.53100   13.32100   24.53900  
H    17.51600   13.67800   24.22800  
H    16.30300   12.49900   23.85500  
H    15.83500   14.16100   24.47300  
O    17.27600   13.89900   26.93200  
C    18.89400   16.40300   30.41900  
H    19.56300   16.22000   31.26300  
H    18.94600   17.43800   30.07100  
H    17.88000   16.06800   30.65400  
S    19.47400   15.43800   29.00600  
C    19.38200   13.75400   29.65500  
H    20.13800   13.20500   29.08700  
H    19.68300   13.81300   30.70500  
H    18.34300   13.42600   29.57000  
O    20.95700   15.61800   29.10500  
C    11.89800   19.53400   25.98800  
H    10.87400   19.52300   26.37000  
H    11.85900   19.71900   24.91100  
H    12.44300   18.59000   26.06800  
S    13.00500   20.67500   26.84600  
C    12.35100   22.17600   26.08200  
H    13.11700   22.95400   26.03300  
H    12.00500   21.96600   25.06600  
H    11.50000   22.51600   26.67800  
O    14.29500   20.68500   26.08700  
$end

$rem
JOBTYPE  SP
METHOD  B3LYP
BASIS  6-31+G(D)
SYMMETRY  FALSE
SYM_IGNORE  TRUE
MEM_TOTAL  16000
MEM_STATIC  8000
MAX_SUB_FILE_NUM  16000
BASIS_LIN_DEP_THRESH  6
THRESH  14
SCF_CONVERGENCE  8
GEN_SCFMAN  TRUE
SCF_GUESS  SAD
FD_MAT_VEC_PROD  FALSE
XC_GRID  000075000302
NL_GRID  1
MAX_SCF_CYCLES  200
ENV_METHOD  B3LYP
GEN_SCFMAN_EMBED  TRUE
SPADE_PARTITION  TRUE
$end

$development
embedding_early_stop  1
$end

@@@

$molecule
0 1
@C    20.32700   19.39300   27.73200  
@C    21.55900   19.48800   28.64700  
@C    22.85200   19.97500   27.97300  
@C    22.53000   21.17400   27.06600  
@C    21.44400   20.93400   26.00400  
@C    20.14700   20.54900   26.73400  
@H    23.55600   20.33100   28.73500  
@H    21.24600   20.26300   29.35600  
@H    20.28000   18.39700   27.27600  
@H    19.41000   19.33300   28.33100  
@H    22.18200   21.97300   27.73200  
@H    23.44700   21.55800   26.60300  
@H    21.19700   21.82800   25.41700  
@H    21.80900   20.27900   25.20300  
@H    19.96300   21.38100   27.42400  
@H    19.32900   20.46800   26.00800  
@H    23.40900   19.22100   27.40300  
@N    21.81000   18.26100   29.40200  
@H    21.31100   17.42100   29.13500  
@C    22.19300   18.28800   30.72700  
@H    21.89600   17.33900   31.20800  
@O    22.82400   19.19400   31.24200  
C    25.84400   23.71900   27.51600  
H    26.19700   23.15200   28.38100  
H    24.91400   23.28300   27.14100  
H    26.67600   23.80900   26.81300  
S    25.59000   25.44300   27.99200  
C    24.63900   26.08600   26.59600  
H    23.57700   25.83000   26.61600  
H    24.70100   27.17700   26.62300  
H    25.15700   25.74300   25.69700  
O    26.93700   26.08600   27.87100  
C    16.83100   21.92000   24.63000  
H    17.03400   21.26900   23.77600  
H    17.26700   21.48600   25.53300  
H    15.77100   22.01300   24.87600  
S    17.53100   23.54300   24.25000  
C    17.43200   24.16000   25.94600  
H    18.14500   23.56000   26.51700  
H    17.89400   25.15000   25.91100  
H    16.42300   24.29100   26.34600  
O    16.47800   24.25600   23.46100  
C    18.36500   18.70300   23.23400  
H    18.95100   19.38200   23.85900  
H    18.98900   18.00800   22.66700  
H    17.73700   19.22900   22.51000  
S    17.11900   17.84500   24.22200  
C    18.21500   16.66900   25.04700  
H    18.87600   17.19500   25.74100  
H    17.58800   15.88800   25.48600  
H    18.75800   16.24700   24.19700  
O    16.37500   16.98400   23.25000  
C    25.67800   15.18000   30.55900  
H    25.70700   16.09800   31.15200  
H    24.64200   14.83300   30.54200  
H    26.28400   14.35800   30.94700  
S    26.12800   15.53900   28.84600  
C    24.91700   16.87200   28.69800  
H    25.08900   17.39200   27.75300  
H    23.86900   16.56100   28.72400  
H    25.07600   17.60600   29.49200  
O    25.62000   14.37400   28.05400  
C    22.48600   13.54200   32.55700  
H    21.48500   13.23500   32.87100  
H    22.78000   14.54000   32.89300  
H    22.51500   13.53100   31.46500  
S    23.43300   12.14500   33.20300  
C    25.06200   12.34300   32.44600  
H    25.45900   13.33100   32.69100  
H    25.76800   11.56600   32.74800  
H    24.99000   12.34600   31.35500  
O    22.88300   10.94200   32.50100  
C    30.23700   18.81100   30.00700  
H    31.15600   18.28300   30.27400  
H    30.05800   18.72400   28.93200  
H    30.31200   19.86500   30.28700  
S    28.88400   18.05900   30.93800  
C    29.02900   16.55200   29.95200  
H    28.74000   16.72300   28.91200  
H    29.95900   15.98300   30.03400  
H    28.32500   15.82700   30.37000  
O    27.60200   18.56500   30.35200  
C    25.09300   20.12000   37.13500  
H    25.88400   20.33000   37.86000  
H    24.23300   19.61900   37.58700  
H    25.43700   19.46000   36.33400  
S    24.47500   21.59200   36.29000  
C    24.10200   22.52600   37.79100  
H    23.38600   21.94300   38.37500  
H    24.99300   22.63900   38.41400  
H    23.81400   23.53500   37.48200  
O    23.18500   21.21000   35.63200  
C    20.34000   20.95700   33.11500  
H    21.18600   20.63400   32.50200  
H    20.36900   22.04800   33.18200  
H    20.34500   20.52500   34.11900  
S    18.79500   20.33600   32.41300  
C    17.95000   20.26000   34.00900  
H    18.62500   19.62100   34.58400  
H    17.97300   21.17900   34.59900  
H    16.89000   19.99200   34.01000  
O    18.91300   18.87700   32.09700  
C    15.77700   19.82100   29.31300  
H    15.48300   19.59000   28.28600  
H    16.42400   19.00200   29.63800  
H    14.85500   19.82900   29.89900  
S    16.75500   21.32900   29.49400  
C    15.57700   22.57900   28.93200  
H    14.65400   22.40500   29.49100  
H    15.98800   23.56300   29.16900  
H    15.51200   22.51700   27.84300  
O    17.79000   21.33200   28.41200  
C    21.15900   13.44000   26.42300  
H    21.70600   13.33400   27.36300  
H    20.53700   14.32900   26.55900  
H    20.55500   12.55300   26.21400  
S    22.14400   13.70700   24.93100  
C    22.79600   15.29200   25.50500  
H    23.31300   15.72600   24.64600  
H    21.97800   15.91900   25.87000  
H    23.48900   15.00400   26.29900  
O    21.10000   13.99500   23.89700  
C    25.40100   21.09900   31.29500  
H    24.59900   20.54200   30.80400  
H    25.70600   21.92000   30.64300  
H    26.19900   20.39400   31.54300  
S    24.75900   21.75400   32.85200  
C    23.48500   22.84100   32.17400  
H    23.09100   22.52900   31.20300  
H    22.70700   22.85000   32.94200  
H    23.90400   23.85000   32.15300  
O    25.85600   22.71500   33.18900  
C    14.91200   16.44600   26.23600  
H    14.92600   17.52900   26.38100  
H    15.71500   15.91800   26.75800  
H    14.96400   16.33700   25.15000  
S    13.33100   15.98500   26.97900  
C    13.74700   16.52000   28.65300  
H    13.12600   15.98600   29.37700  
H    14.81000   16.33000   28.82300  
H    13.47900   17.57800   28.71000  
O    13.36900   14.49300   27.10200  
C    14.07000   22.36200   21.22700  
H    13.57700   21.87600   20.38100  
H    13.65200   21.92700   22.13900  
H    13.90000   23.44100   21.24200  
S    15.84600   22.02800   21.23600  
C    16.19500   22.81900   19.65000  
H    17.22400   22.62600   19.33800  
H    15.53800   22.42800   18.86800  
H    16.07200   23.89800   19.77600  
O    15.82500   20.57400   20.88100  
C    20.21600   23.33900   30.34200  
H    20.23200   22.49200   29.65100  
H    20.78200   23.25200   31.27300  
H    19.17600   23.66200   30.44400  
S    21.09900   24.71700   29.57700  
C    20.38500   24.46800   27.93600  
H    20.81500   25.25000   27.30500  
H    20.75500   23.55900   27.45400  
H    19.30800   24.65500   27.94200  
O    22.48700   24.20600   29.34300  
C    17.17700   13.50000   34.51100  
H    16.43800   14.00900   33.88600  
H    17.69100   12.83300   33.81500  
H    16.75100   12.95700   35.35900  
S    18.23800   14.83200   35.11600  
C    18.35900   15.79200   33.58900  
H    18.40000   16.86300   33.80300  
H    19.31300   15.44200   33.18500  
H    17.52100   15.51600   32.94400  
O    19.56000   14.13500   35.19000  
C    22.95000   17.48200   34.39700  
H    22.74600   17.12200   33.38500  
H    22.32600   16.92400   35.10000  
H    22.86100   18.56800   34.47400  
S    24.65600   17.00000   34.74600  
C    25.31100   18.08500   33.45900  
H    24.85700   17.70400   32.54000  
H    24.94800   19.10800   33.59000  
H    26.39300   17.94300   33.40100  
O    24.66200   15.61400   34.18000  
C    22.85700   22.97200   23.59700  
H    22.95600   23.52600   24.53400  
H    23.14700   21.94000   23.81200  
H    23.49800   23.44200   22.84700  
S    21.15500   23.13800   23.01200  
C    21.18500   21.52500   22.19900  
H    20.13900   21.37700   21.91900  
H    21.85800   21.69300   21.35400  
H    21.50400   20.73200   22.88100  
O    21.33100   24.15600   21.92900  
C    21.34800   19.30700   37.52900  
H    21.57300   19.53500   36.48400  
H    20.28100   19.47000   37.70300  
H    21.94900   19.90700   38.21700  
S    21.72100   17.56800   37.84700  
C    20.24300   16.81800   37.12600  
H    19.31000   17.06800   37.63700  
H    20.04900   17.22000   36.12800  
H    20.28800   15.72600   37.13000  
O    21.73200   17.49600   39.34200  
C    28.27000   25.53600   24.31400  
H    27.50200   26.26100   24.03200  
H    28.22300   25.39700   25.39700  
H    29.26300   25.92500   24.07400  
S    27.70200   23.99900   23.55300  
C    27.79300   24.63500   21.86400  
H    26.86000   25.12700   21.58000  
H    28.62300   25.33900   21.76200  
H    27.97100   23.86300   21.11100  
O    26.25300   23.95200   23.92400  
C    24.75200   19.64200   21.88000  
H    23.86700   20.17700   21.52600  
H    25.36300   20.26800   22.53600  
H    25.40100   19.28400   21.07600  
S    24.15200   18.15400   22.71100  
C    22.88100   17.78000   21.48300  
H    23.39600   17.65400   20.52700  
H    22.23300   16.91900   21.67000  
H    22.18400   18.62000   21.54200  
O    23.42400   18.74600   23.87700  
C    19.87600   27.51800   23.38500  
H    19.82300   26.43300   23.26300  
H    19.35200   27.96300   22.53600  
H    20.95600   27.53400   23.21900  
S    19.20400   28.05000   24.97600  
C    19.35500   29.84100   24.79000  
H    19.97900   30.26800   25.58000  
H    19.78500   30.02300   23.80200  
H    18.37700   30.32700   24.75800  
O    20.26900   27.65500   25.95100  
C    25.97800   20.65300   25.06800  
H    26.75300   20.98300   24.37200  
H    24.96300   20.41300   24.73900  
H    26.06300   21.37100   25.88700  
S    26.46300   19.10600   25.86600  
C    27.41700   19.79800   27.23500  
H    28.35300   20.16600   26.80700  
H    26.80600   20.46100   27.85300  
H    27.69100   19.02600   27.96000  
O    27.55700   18.56900   24.99600  
C    25.62300   13.08200   24.85300  
H    24.89100   13.58900   25.48700  
H    25.04300   12.30600   24.34700  
H    26.44300   12.67200   25.44600  
S    26.10200   14.20600   23.52100  
C    26.58400   15.56500   24.60900  
H    26.08200   15.40600   25.56700  
H    27.65500   15.73500   24.74600  
H    26.25400   16.47300   24.09800  
O    24.79500   14.59000   22.89900  
C    17.83700   11.59600   25.78600  
H    17.46100   10.93300   25.00200  
H    18.66500   12.18600   25.38500  
H    18.07600   11.07700   26.71800  
S    16.55200   12.77300   26.26100  
C    16.53100   13.32100   24.53900  
H    17.51600   13.67800   24.22800  
H    16.30300   12.49900   23.85500  
H    15.83500   14.16100   24.47300  
O    17.27600   13.89900   26.93200  
C    18.89400   16.40300   30.41900  
H    19.56300   16.22000   31.26300  
H    18.94600   17.43800   30.07100  
H    17.88000   16.06800   30.65400  
S    19.47400   15.43800   29.00600  
C    19.38200   13.75400   29.65500  
H    20.13800   13.20500   29.08700  
H    19.68300   13.81300   30.70500  
H    18.34300   13.42600   29.57000  
O    20.95700   15.61800   29.10500  
C    11.89800   19.53400   25.98800  
H    10.87400   19.52300   26.37000  
H    11.85900   19.71900   24.91100  
H    12.44300   18.59000   26.06800  
S    13.00500   20.67500   26.84600  
C    12.35100   22.17600   26.08200  
H    13.11700   22.95400   26.03300  
H    12.00500   21.96600   25.06600  
H    11.50000   22.51600   26.67800  
O    14.29500   20.68500   26.08700  
$end

$rem
JOBTYPE  SP
METHOD  B3LYP
BASIS  6-31+G(D)
SYMMETRY  FALSE
SYM_IGNORE  TRUE
MEM_TOTAL  16000
MEM_STATIC  8000
MAX_SUB_FILE_NUM  16000
BASIS_LIN_DEP_THRESH  6
THRESH  14
SCF_CONVERGENCE  8
GEN_SCFMAN  FALSE
SCF_GUESS  READ
FD_MAT_VEC_PROD  FALSE
XC_GRID  000075000302
NL_GRID  1
MAX_SCF_CYCLES  200
SKIP_SCFMAN  TRUE
ESP_GRID  0
ESP_EFIELD  1
$end
