$molecule
0 1
--
0 1
C    23.03700   30.34900   26.05700  
C    24.43800   29.72700   26.17600  
C    24.46200   28.25400   25.73700  
C    23.90900   28.10200   24.31000  
C    22.46700   28.63300   24.24400  
C    22.37400   30.10000   24.69300  
H    25.37400   27.65900   25.60500  
H    25.14900   30.23300   25.51100  
H    22.41900   30.04900   26.91200  
H    23.13200   31.42700   26.23300  
H    24.51200   28.67300   23.59400  
H    23.88300   27.07400   23.92900  
H    22.01400   28.54700   23.24800  
H    21.84200   27.92500   24.80100  
H    22.93600   30.72400   23.98700  
H    21.30600   30.34100   24.62200  
H    23.79800   27.68800   26.40200  
N    24.94000   29.77800   27.54900  
H    24.27000   29.49900   28.25600  
C    26.02300   30.46500   28.05400  
H    26.04900   30.42500   29.15800  
O    26.90700   30.96200   27.37800  
--
0 1
C    21.63400   24.16200   20.60400  
H    22.42600   24.43700   19.90200  
H    21.77000   23.23000   21.15800  
H    20.83300   23.76000   19.97800  
S    20.97800   25.66000   21.37300  
C    19.99000   26.38700   20.04600  
H    18.93900   26.13400   20.20900  
H    20.12200   27.47100   20.08300  
H    20.27400   25.98800   19.06900  
O    22.19300   26.53400   21.35500  
C    14.42600   32.17500   21.49200  
H    15.03200   32.65200   20.71800  
H    13.45400   31.87900   21.09000  
H    14.42900   32.84900   22.35300  
S    15.27400   30.65800   21.98900  
C    14.10800   30.26000   23.31100  
H    14.22000   29.18700   23.48800  
H    14.18300   30.85600   24.22500  
H    13.09900   30.46000   22.94200  
O    16.59900   31.10700   22.52100  
C    30.10600   30.26400   28.08800  
H    30.30000   29.60300   28.93600  
H    29.59100   31.15600   28.45400  
H    29.56700   29.73500   27.29800  
S    31.72100   30.85700   27.53500  
C    32.23400   31.64000   29.08100  
H    32.53600   30.87000   29.79600  
H    32.92200   32.47900   28.94900  
H    31.41200   32.21100   29.51800  
O    31.30000   32.08300   26.78700  
C    26.41900   28.34100   18.60200  
H    26.49400   28.96000   19.50000  
H    26.28200   27.27500   18.80000  
H    27.35000   28.53600   18.06500  
S    24.97400   28.94000   17.69800  
C    23.62200   28.74300   18.88000  
H    24.03500   29.27900   19.73900  
H    22.66600   29.12700   18.51500  
H    23.53700   27.67700   19.10600  
O    24.60600   28.01600   16.57900  
C    25.55200   33.86400   26.98300  
H    24.63500   33.58300   26.46000  
H    25.65900   33.31300   27.92000  
H    25.40900   34.93600   27.14700  
S    26.87300   33.69100   25.76200  
C    28.25400   34.10900   26.85100  
H    29.17700   33.99500   26.27700  
H    28.04800   35.09000   27.28900  
H    28.23400   33.29800   27.58400  
O    26.76400   34.88400   24.86500  
C    24.70700   33.13200   19.72800  
H    24.00000   33.91300   20.01900  
H    25.48300   33.45800   19.03100  
H    24.10100   32.36200   19.24400  
S    25.18900   32.29800   21.25700  
C    26.43900   33.46100   21.85100  
H    26.95900   33.80000   20.95100  
H    26.10800   34.25600   22.52300  
H    27.13400   32.86500   22.44800  
O    25.96800   31.18100   20.63600  
C    27.31500   29.76300   23.34300  
H    27.97100   30.04400   22.51500  
H    26.51500   29.16300   22.90100  
H    26.90900   30.68300   23.77200  
S    28.08800   28.95200   24.76000  
C    29.81800   29.40800   24.51100  
H    30.43500   28.59900   24.91000  
H    29.96300   29.63400   23.45100  
H    30.07900   30.33900   25.02000  
O    28.08400   27.49000   24.43800  
C    26.47800   25.38200   29.38400  
H    26.21700   25.13900   30.41700  
H    27.55100   25.21100   29.27200  
H    26.13400   26.39400   29.15700  
S    25.68800   24.15000   28.32400  
C    25.80200   25.14600   26.82100  
H    26.68800   25.75300   26.61900  
H    25.64200   24.38900   26.04900  
H    24.94900   25.82000   26.93700  
O    24.23200   24.12900   28.67200  
C    23.07900   23.54900   23.73600  
H    23.79300   23.92500   22.99900  
H    22.17600   23.22600   23.21100  
H    22.84900   24.36300   24.42700  
S    23.61900   22.05600   24.59900  
C    22.74700   22.44300   26.13300  
H    23.27700   23.26600   26.62000  
H    21.72200   22.72700   25.88200  
H    22.87800   21.51700   26.69800  
O    25.02200   22.43100   24.96300  
C    27.17200   24.18800   22.31100  
H    26.77300   24.35900   23.31400  
H    26.61600   23.57300   21.59800  
H    28.20600   23.90200   22.51700  
S    27.18400   25.89400   21.71700  
C    25.39900   26.11600   21.54700  
H    25.22000   27.16700   21.30600  
H    24.99400   25.39700   20.83000  
H    24.97800   25.93600   22.54000  
O    27.82100   25.88600   20.36200  
C    22.62300   36.25500   22.89400  
H    22.45400   35.77900   21.92400  
H    21.98100   37.13400   23.00200  
H    23.67400   36.55300   22.92000  
S    22.27000   35.08700   24.22700  
C    23.22300   33.62100   23.77300  
H    24.18000   33.94500   23.35700  
H    23.20500   32.98500   24.66200  
H    22.50800   33.15200   23.09200  
O    20.90700   34.61600   23.82500  
C    24.24700   26.91000   34.91600  
H    23.96100   27.74700   34.27400  
H    23.42800   26.22100   34.69600  
H    24.24900   27.20700   35.96800  
S    25.78900   26.08800   34.45700  
C    26.77000   27.59300   34.64500  
H    26.64400   27.94100   35.67300  
H    27.80800   27.42600   34.34500  
H    26.42500   28.44700   34.05600  
O    25.64700   25.84600   32.98600  
C    19.08800   33.05600   25.79300  
H    18.66400   33.73700   25.05100  
H    18.88000   33.45900   26.78800  
H    20.15000   32.79700   25.79900  
S    18.24100   31.46300   25.68700  
C    16.64600   32.12500   26.21900  
H    16.70600   32.59600   27.20400  
H    16.23100   32.83300   25.49800  
H    15.93900   31.30500   26.37000  
O    18.68000   30.58100   26.81400  
C    17.61400   24.95300   25.15700  
H    16.63500   25.43900   25.16200  
H    17.98700   24.86300   24.13300  
H    17.50700   24.02100   25.71800  
S    18.82600   25.89200   26.11300  
C    18.68700   27.38200   25.10000  
H    18.52100   27.06200   24.06800  
H    17.93200   28.11300   25.40000  
H    19.65600   27.88500   25.15000  
O    20.08100   25.31100   25.54000  
C    20.86500   31.41900   29.89300  
H    20.43900   30.65700   29.23500  
H    20.97100   32.29600   29.24900  
H    21.84200   31.07600   30.24400  
S    19.81900   31.64100   31.35000  
C    18.36900   31.91800   30.30800  
H    17.91400   30.92700   30.23000  
H    17.64400   32.56600   30.80600  
H    18.62000   32.33900   29.33100  
O    20.19100   32.91800   32.03700  
C    23.60300   32.51000   32.75900  
H    24.22600   33.11100   32.09100  
H    22.64800   32.20400   32.32400  
H    23.39500   33.15300   33.61800  
S    24.56600   31.13800   33.43400  
C    24.55600   30.09400   31.95900  
H    25.18700   30.64300   31.25600  
H    24.99700   29.15400   32.30100  
H    23.50000   30.11200   31.67700  
O    23.62900   30.51800   34.42400  
C    21.94200   26.49300   28.40800  
H    22.23400   25.44100   28.36300  
H    20.95900   26.72600   28.82500  
H    21.93900   26.88900   27.38900  
S    23.23500   27.44200   29.24200  
C    23.33500   26.64100   30.85900  
H    23.89200   25.70800   30.74200  
H    23.82700   27.23900   31.63000  
H    22.27800   26.43000   31.04400  
O    22.64500   28.79400   29.49500  
C    16.29900   26.70900   22.24800  
H    17.03200   25.95900   21.93800  
H    16.66500   27.56000   22.82700  
H    15.58100   26.19900   22.89600  
S    15.37200   27.34900   20.83600  
C    14.72800   25.75400   20.27900  
H    14.12300   25.79500   19.37000  
H    15.58300   25.13600   19.99400  
H    14.01700   25.31900   20.98500  
O    16.53200   27.53100   19.90700  
C    30.36700   26.76200   28.03100  
H    29.38400   26.70200   27.55500  
H    30.40800   27.50500   28.83200  
H    30.96700   27.07900   27.17400  
S    31.15600   25.21900   28.54300  
C    32.51800   25.88500   29.52600  
H    32.92800   26.72900   28.96600  
H    32.14500   26.23300   30.49200  
H    33.16900   25.02900   29.72400  
O    31.65100   24.62200   27.26300  
C    23.42400   39.13600   27.82500  
H    22.48100   38.97400   28.35200  
H    24.20500   39.04300   28.58300  
H    23.45200   40.14200   27.39900  
S    23.53400   38.00900   26.41700  
C    24.75200   38.73300   25.29700  
H    25.71400   38.30500   25.59200  
H    24.42200   38.38200   24.31600  
H    24.83200   39.81900   25.38900  
O    22.24400   38.14800   25.66900  
C    19.23300   23.06900   27.72700  
H    20.13400   23.45500   27.24300  
H    18.70500   22.40700   27.03600  
H    18.50300   23.80400   28.07200  
S    19.75100   22.21500   29.23300  
C    20.86300   23.51200   29.82400  
H    20.94800   23.51400   30.91300  
H    21.84500   23.25900   29.41700  
H    20.47500   24.48500   29.51000  
O    20.78900   21.27000   28.71400  
C    22.61200   35.09200   29.53900  
H    21.86300   34.35500   29.84100  
H    23.62200   34.68100   29.60800  
H    22.51200   36.05200   30.05300  
S    22.30900   35.19600   27.76100  
C    20.54000   35.56300   27.78600  
H    20.08500   35.25200   26.84200  
H    20.02200   35.00400   28.56900  
H    20.55300   36.63600   27.99600  
O    22.32500   33.73600   27.42800  
C    19.69000   29.66300   21.84800  
H    19.99700   28.64500   22.09900  
H    19.01200   29.99400   22.64000  
H    19.15300   29.60600   20.89800  
S    20.98000   30.92000   21.70800  
C    19.91100   32.32800   22.08300  
H    19.72700   32.34400   23.16000  
H    20.35700   33.23700   21.67100  
H    18.98500   32.12000   21.54100  
O    21.25900   30.89600   20.23700  
C    17.07200   26.79800   31.94500  
H    17.47700   27.41100   32.75400  
H    16.25000   27.35500   31.48800  
H    16.61600   25.87000   32.30100  
S    18.51300   26.40500   30.92900  
C    18.75800   28.11500   30.40100  
H    19.60400   28.33900   29.74600  
H    17.83400   28.39200   29.88500  
H    18.95200   28.71600   31.29200  
O    17.95700   25.78900   29.68300  
C    29.21100   23.00400   25.62800  
H    28.28400   23.08900   25.05600  
H    29.23200   22.00300   26.06700  
H    29.21000   23.85700   26.31100  
S    30.58000   23.22200   24.46900  
C    30.15400   24.95000   24.15700  
H    29.07400   25.06800   24.27900  
H    30.80600   25.53100   24.81300  
H    30.43200   25.20800   23.13200  
O    29.93000   22.41600   23.38800  
C    28.17300   28.19200   30.56200  
H    27.16600   28.14900   30.98500  
H    28.31200   28.93700   29.77500  
H    28.48100   27.20800   30.19800  
S    29.33100   28.73000   31.84100  
C    28.48200   30.29500   32.14800  
H    27.46900   30.14100   32.53000  
H    29.05500   30.92800   32.83100  
H    28.47800   30.73700   31.14900  
O    30.52700   29.19800   31.07200  
C    26.57200   35.32400   30.95100  
H    25.61000   35.37900   31.46800  
H    27.21000   36.18400   31.16900  
H    26.49300   34.96600   29.92200  
S    27.49300   34.01500   31.78900  
C    29.06500   34.18600   30.91400  
H    28.87900   34.52000   29.89100  
H    29.59900   34.82600   31.62100  
H    29.54400   33.21300   31.05000  
O    26.88500   32.88800   31.01300  
$end

$rem
JOBTYPE  SP
METHOD  B3LYP
BASIS  6-31+G(D)
SYMMETRY  FALSE
SYM_IGNORE  TRUE
MEM_TOTAL  16000
MEM_STATIC  8000
MAX_SUB_FILE_NUM  16000
BASIS_LIN_DEP_THRESH  6
THRESH  14
SCF_CONVERGENCE  8
GEN_SCFMAN  TRUE
SCF_GUESS  SAD
FD_MAT_VEC_PROD  FALSE
XC_GRID  000075000302
NL_GRID  1
MAX_SCF_CYCLES  200
ENV_METHOD  B3LYP
GEN_SCFMAN_EMBED  TRUE
SPADE_PARTITION  TRUE
$end

$development
embedding_early_stop  1
$end

@@@

$molecule
0 1
@C    23.03700   30.34900   26.05700  
@C    24.43800   29.72700   26.17600  
@C    24.46200   28.25400   25.73700  
@C    23.90900   28.10200   24.31000  
@C    22.46700   28.63300   24.24400  
@C    22.37400   30.10000   24.69300  
@H    25.37400   27.65900   25.60500  
@H    25.14900   30.23300   25.51100  
@H    22.41900   30.04900   26.91200  
@H    23.13200   31.42700   26.23300  
@H    24.51200   28.67300   23.59400  
@H    23.88300   27.07400   23.92900  
@H    22.01400   28.54700   23.24800  
@H    21.84200   27.92500   24.80100  
@H    22.93600   30.72400   23.98700  
@H    21.30600   30.34100   24.62200  
@H    23.79800   27.68800   26.40200  
@N    24.94000   29.77800   27.54900  
@H    24.27000   29.49900   28.25600  
@C    26.02300   30.46500   28.05400  
@H    26.04900   30.42500   29.15800  
@O    26.90700   30.96200   27.37800  
C    21.63400   24.16200   20.60400  
H    22.42600   24.43700   19.90200  
H    21.77000   23.23000   21.15800  
H    20.83300   23.76000   19.97800  
S    20.97800   25.66000   21.37300  
C    19.99000   26.38700   20.04600  
H    18.93900   26.13400   20.20900  
H    20.12200   27.47100   20.08300  
H    20.27400   25.98800   19.06900  
O    22.19300   26.53400   21.35500  
C    14.42600   32.17500   21.49200  
H    15.03200   32.65200   20.71800  
H    13.45400   31.87900   21.09000  
H    14.42900   32.84900   22.35300  
S    15.27400   30.65800   21.98900  
C    14.10800   30.26000   23.31100  
H    14.22000   29.18700   23.48800  
H    14.18300   30.85600   24.22500  
H    13.09900   30.46000   22.94200  
O    16.59900   31.10700   22.52100  
C    30.10600   30.26400   28.08800  
H    30.30000   29.60300   28.93600  
H    29.59100   31.15600   28.45400  
H    29.56700   29.73500   27.29800  
S    31.72100   30.85700   27.53500  
C    32.23400   31.64000   29.08100  
H    32.53600   30.87000   29.79600  
H    32.92200   32.47900   28.94900  
H    31.41200   32.21100   29.51800  
O    31.30000   32.08300   26.78700  
C    26.41900   28.34100   18.60200  
H    26.49400   28.96000   19.50000  
H    26.28200   27.27500   18.80000  
H    27.35000   28.53600   18.06500  
S    24.97400   28.94000   17.69800  
C    23.62200   28.74300   18.88000  
H    24.03500   29.27900   19.73900  
H    22.66600   29.12700   18.51500  
H    23.53700   27.67700   19.10600  
O    24.60600   28.01600   16.57900  
C    25.55200   33.86400   26.98300  
H    24.63500   33.58300   26.46000  
H    25.65900   33.31300   27.92000  
H    25.40900   34.93600   27.14700  
S    26.87300   33.69100   25.76200  
C    28.25400   34.10900   26.85100  
H    29.17700   33.99500   26.27700  
H    28.04800   35.09000   27.28900  
H    28.23400   33.29800   27.58400  
O    26.76400   34.88400   24.86500  
C    24.70700   33.13200   19.72800  
H    24.00000   33.91300   20.01900  
H    25.48300   33.45800   19.03100  
H    24.10100   32.36200   19.24400  
S    25.18900   32.29800   21.25700  
C    26.43900   33.46100   21.85100  
H    26.95900   33.80000   20.95100  
H    26.10800   34.25600   22.52300  
H    27.13400   32.86500   22.44800  
O    25.96800   31.18100   20.63600  
C    27.31500   29.76300   23.34300  
H    27.97100   30.04400   22.51500  
H    26.51500   29.16300   22.90100  
H    26.90900   30.68300   23.77200  
S    28.08800   28.95200   24.76000  
C    29.81800   29.40800   24.51100  
H    30.43500   28.59900   24.91000  
H    29.96300   29.63400   23.45100  
H    30.07900   30.33900   25.02000  
O    28.08400   27.49000   24.43800  
C    26.47800   25.38200   29.38400  
H    26.21700   25.13900   30.41700  
H    27.55100   25.21100   29.27200  
H    26.13400   26.39400   29.15700  
S    25.68800   24.15000   28.32400  
C    25.80200   25.14600   26.82100  
H    26.68800   25.75300   26.61900  
H    25.64200   24.38900   26.04900  
H    24.94900   25.82000   26.93700  
O    24.23200   24.12900   28.67200  
C    23.07900   23.54900   23.73600  
H    23.79300   23.92500   22.99900  
H    22.17600   23.22600   23.21100  
H    22.84900   24.36300   24.42700  
S    23.61900   22.05600   24.59900  
C    22.74700   22.44300   26.13300  
H    23.27700   23.26600   26.62000  
H    21.72200   22.72700   25.88200  
H    22.87800   21.51700   26.69800  
O    25.02200   22.43100   24.96300  
C    27.17200   24.18800   22.31100  
H    26.77300   24.35900   23.31400  
H    26.61600   23.57300   21.59800  
H    28.20600   23.90200   22.51700  
S    27.18400   25.89400   21.71700  
C    25.39900   26.11600   21.54700  
H    25.22000   27.16700   21.30600  
H    24.99400   25.39700   20.83000  
H    24.97800   25.93600   22.54000  
O    27.82100   25.88600   20.36200  
C    22.62300   36.25500   22.89400  
H    22.45400   35.77900   21.92400  
H    21.98100   37.13400   23.00200  
H    23.67400   36.55300   22.92000  
S    22.27000   35.08700   24.22700  
C    23.22300   33.62100   23.77300  
H    24.18000   33.94500   23.35700  
H    23.20500   32.98500   24.66200  
H    22.50800   33.15200   23.09200  
O    20.90700   34.61600   23.82500  
C    24.24700   26.91000   34.91600  
H    23.96100   27.74700   34.27400  
H    23.42800   26.22100   34.69600  
H    24.24900   27.20700   35.96800  
S    25.78900   26.08800   34.45700  
C    26.77000   27.59300   34.64500  
H    26.64400   27.94100   35.67300  
H    27.80800   27.42600   34.34500  
H    26.42500   28.44700   34.05600  
O    25.64700   25.84600   32.98600  
C    19.08800   33.05600   25.79300  
H    18.66400   33.73700   25.05100  
H    18.88000   33.45900   26.78800  
H    20.15000   32.79700   25.79900  
S    18.24100   31.46300   25.68700  
C    16.64600   32.12500   26.21900  
H    16.70600   32.59600   27.20400  
H    16.23100   32.83300   25.49800  
H    15.93900   31.30500   26.37000  
O    18.68000   30.58100   26.81400  
C    17.61400   24.95300   25.15700  
H    16.63500   25.43900   25.16200  
H    17.98700   24.86300   24.13300  
H    17.50700   24.02100   25.71800  
S    18.82600   25.89200   26.11300  
C    18.68700   27.38200   25.10000  
H    18.52100   27.06200   24.06800  
H    17.93200   28.11300   25.40000  
H    19.65600   27.88500   25.15000  
O    20.08100   25.31100   25.54000  
C    20.86500   31.41900   29.89300  
H    20.43900   30.65700   29.23500  
H    20.97100   32.29600   29.24900  
H    21.84200   31.07600   30.24400  
S    19.81900   31.64100   31.35000  
C    18.36900   31.91800   30.30800  
H    17.91400   30.92700   30.23000  
H    17.64400   32.56600   30.80600  
H    18.62000   32.33900   29.33100  
O    20.19100   32.91800   32.03700  
C    23.60300   32.51000   32.75900  
H    24.22600   33.11100   32.09100  
H    22.64800   32.20400   32.32400  
H    23.39500   33.15300   33.61800  
S    24.56600   31.13800   33.43400  
C    24.55600   30.09400   31.95900  
H    25.18700   30.64300   31.25600  
H    24.99700   29.15400   32.30100  
H    23.50000   30.11200   31.67700  
O    23.62900   30.51800   34.42400  
C    21.94200   26.49300   28.40800  
H    22.23400   25.44100   28.36300  
H    20.95900   26.72600   28.82500  
H    21.93900   26.88900   27.38900  
S    23.23500   27.44200   29.24200  
C    23.33500   26.64100   30.85900  
H    23.89200   25.70800   30.74200  
H    23.82700   27.23900   31.63000  
H    22.27800   26.43000   31.04400  
O    22.64500   28.79400   29.49500  
C    16.29900   26.70900   22.24800  
H    17.03200   25.95900   21.93800  
H    16.66500   27.56000   22.82700  
H    15.58100   26.19900   22.89600  
S    15.37200   27.34900   20.83600  
C    14.72800   25.75400   20.27900  
H    14.12300   25.79500   19.37000  
H    15.58300   25.13600   19.99400  
H    14.01700   25.31900   20.98500  
O    16.53200   27.53100   19.90700  
C    30.36700   26.76200   28.03100  
H    29.38400   26.70200   27.55500  
H    30.40800   27.50500   28.83200  
H    30.96700   27.07900   27.17400  
S    31.15600   25.21900   28.54300  
C    32.51800   25.88500   29.52600  
H    32.92800   26.72900   28.96600  
H    32.14500   26.23300   30.49200  
H    33.16900   25.02900   29.72400  
O    31.65100   24.62200   27.26300  
C    23.42400   39.13600   27.82500  
H    22.48100   38.97400   28.35200  
H    24.20500   39.04300   28.58300  
H    23.45200   40.14200   27.39900  
S    23.53400   38.00900   26.41700  
C    24.75200   38.73300   25.29700  
H    25.71400   38.30500   25.59200  
H    24.42200   38.38200   24.31600  
H    24.83200   39.81900   25.38900  
O    22.24400   38.14800   25.66900  
C    19.23300   23.06900   27.72700  
H    20.13400   23.45500   27.24300  
H    18.70500   22.40700   27.03600  
H    18.50300   23.80400   28.07200  
S    19.75100   22.21500   29.23300  
C    20.86300   23.51200   29.82400  
H    20.94800   23.51400   30.91300  
H    21.84500   23.25900   29.41700  
H    20.47500   24.48500   29.51000  
O    20.78900   21.27000   28.71400  
C    22.61200   35.09200   29.53900  
H    21.86300   34.35500   29.84100  
H    23.62200   34.68100   29.60800  
H    22.51200   36.05200   30.05300  
S    22.30900   35.19600   27.76100  
C    20.54000   35.56300   27.78600  
H    20.08500   35.25200   26.84200  
H    20.02200   35.00400   28.56900  
H    20.55300   36.63600   27.99600  
O    22.32500   33.73600   27.42800  
C    19.69000   29.66300   21.84800  
H    19.99700   28.64500   22.09900  
H    19.01200   29.99400   22.64000  
H    19.15300   29.60600   20.89800  
S    20.98000   30.92000   21.70800  
C    19.91100   32.32800   22.08300  
H    19.72700   32.34400   23.16000  
H    20.35700   33.23700   21.67100  
H    18.98500   32.12000   21.54100  
O    21.25900   30.89600   20.23700  
C    17.07200   26.79800   31.94500  
H    17.47700   27.41100   32.75400  
H    16.25000   27.35500   31.48800  
H    16.61600   25.87000   32.30100  
S    18.51300   26.40500   30.92900  
C    18.75800   28.11500   30.40100  
H    19.60400   28.33900   29.74600  
H    17.83400   28.39200   29.88500  
H    18.95200   28.71600   31.29200  
O    17.95700   25.78900   29.68300  
C    29.21100   23.00400   25.62800  
H    28.28400   23.08900   25.05600  
H    29.23200   22.00300   26.06700  
H    29.21000   23.85700   26.31100  
S    30.58000   23.22200   24.46900  
C    30.15400   24.95000   24.15700  
H    29.07400   25.06800   24.27900  
H    30.80600   25.53100   24.81300  
H    30.43200   25.20800   23.13200  
O    29.93000   22.41600   23.38800  
C    28.17300   28.19200   30.56200  
H    27.16600   28.14900   30.98500  
H    28.31200   28.93700   29.77500  
H    28.48100   27.20800   30.19800  
S    29.33100   28.73000   31.84100  
C    28.48200   30.29500   32.14800  
H    27.46900   30.14100   32.53000  
H    29.05500   30.92800   32.83100  
H    28.47800   30.73700   31.14900  
O    30.52700   29.19800   31.07200  
C    26.57200   35.32400   30.95100  
H    25.61000   35.37900   31.46800  
H    27.21000   36.18400   31.16900  
H    26.49300   34.96600   29.92200  
S    27.49300   34.01500   31.78900  
C    29.06500   34.18600   30.91400  
H    28.87900   34.52000   29.89100  
H    29.59900   34.82600   31.62100  
H    29.54400   33.21300   31.05000  
O    26.88500   32.88800   31.01300  
$end

$rem
JOBTYPE  SP
METHOD  B3LYP
BASIS  6-31+G(D)
SYMMETRY  FALSE
SYM_IGNORE  TRUE
MEM_TOTAL  16000
MEM_STATIC  8000
MAX_SUB_FILE_NUM  16000
BASIS_LIN_DEP_THRESH  6
THRESH  14
SCF_CONVERGENCE  8
GEN_SCFMAN  FALSE
SCF_GUESS  READ
FD_MAT_VEC_PROD  FALSE
XC_GRID  000075000302
NL_GRID  1
MAX_SCF_CYCLES  200
SKIP_SCFMAN  TRUE
ESP_GRID  0
ESP_EFIELD  1
$end
