$molecule
0 1
--
0 1
C    22.34600   30.70900   26.38900  
C    23.72900   31.10800   26.93100  
C    24.77100   30.14300   26.34300  
C    24.64500   29.98700   24.81900  
C    23.25700   29.53800   24.33200  
C    22.23900   30.56200   24.86200  
H    25.76900   30.51000   26.61400  
H    24.08500   32.04500   26.48700  
H    22.10100   29.77400   26.90700  
H    21.62000   31.49400   26.63200  
H    24.94900   30.84400   24.20600  
H    25.38300   29.23200   24.52300  
H    23.28900   29.50200   23.23600  
H    23.00800   28.52100   24.65800  
H    22.49400   31.51300   24.37900  
H    21.23100   30.17200   24.67300  
H    24.82100   29.21900   26.93200  
N    23.85800   31.24500   28.38100  
H    23.21100   30.87200   29.06500  
C    24.87100   31.95800   28.98800  
H    24.90000   31.97200   30.09300  
O    25.72400   32.52500   28.33000  
--
0 1
C    20.94000   25.02000   20.62000  
H    21.45300   25.51400   19.79100  
H    21.18000   23.95500   20.68800  
H    19.86600   25.05600   20.42000  
S    21.55400   25.71100   22.17300  
C    20.83200   27.32900   21.81700  
H    19.74800   27.20200   21.85500  
H    21.13500   27.94100   22.67000  
H    21.24600   27.78400   20.91300  
O    22.99800   25.99600   21.90200  
C    29.12800   30.75100   29.96500  
H    28.91400   29.86800   30.57200  
H    29.13500   31.59800   30.65700  
H    28.31700   31.01400   29.28100  
S    30.77300   30.64500   29.22700  
C    31.72800   30.68100   30.76100  
H    32.81000   30.69500   30.60500  
H    31.48800   31.63400   31.23800  
H    31.51700   29.88200   31.47600  
O    31.04400   31.92000   28.49000  
C    23.73200   29.44000   17.53300  
H    24.22800   28.68600   18.14900  
H    24.52400   29.79300   16.86700  
H    23.19100   30.16500   18.14700  
S    22.48600   28.60600   16.52500  
C    21.59500   27.73400   17.83300  
H    21.26200   26.72900   17.56200  
H    22.32300   27.74800   18.64900  
H    20.69400   28.26700   18.14700  
O    23.37300   27.59200   15.87300  
C    26.78700   35.37200   26.43600  
H    26.42300   35.95100   25.58300  
H    26.02400   34.83200   27.00200  
H    27.43600   35.94800   27.10100  
S    27.79400   34.05800   25.71300  
C    28.70800   33.61800   27.20900  
H    29.55000   32.97900   26.92800  
H    29.16100   34.50400   27.66000  
H    27.99200   33.30400   27.97300  
O    28.96900   34.70000   25.04200  
C    25.52400   30.24900   20.47200  
H    25.17200   31.15500   19.97200  
H    25.96200   29.50800   19.79900  
H    24.67200   29.76100   20.95200  
S    26.65600   30.64000   21.82500  
C    26.00000   32.24900   22.32300  
H    26.23500   32.89800   21.47600  
H    24.91700   32.29900   22.46300  
H    26.56400   32.66400   23.16200  
O    28.05800   30.83100   21.33500  
C    28.70300   30.37300   24.97400  
H    28.48000   30.02700   23.96200  
H    27.86500   30.14800   25.63900  
H    28.90300   31.42600   24.76200  
S    30.13600   29.54000   25.69300  
C    31.04900   29.28100   24.15600  
H    31.81600   28.53800   24.39000  
H    30.31300   28.93800   23.42400  
H    31.52100   30.20400   23.80900  
O    29.57500   28.15400   25.75800  
C    27.30600   37.04400   22.91300  
H    27.98000   37.86200   22.64700  
H    26.35700   37.49000   23.22200  
H    27.70100   36.50700   23.77900  
S    26.92400   35.93700   21.53700  
C    27.63900   36.96800   20.23700  
H    27.54700   36.64700   19.19700  
H    27.13300   37.91900   20.42200  
H    28.70400   37.10200   20.44500  
O    25.47900   36.10100   21.18400  
C    28.03700   38.49900   30.97200  
H    28.82600   37.74200   30.99400  
H    28.43100   39.35500   31.52500  
H    27.15500   38.21600   31.55200  
S    27.47500   39.03900   29.34200  
C    26.08600   39.97400   30.02200  
H    25.60200   40.22100   29.07300  
H    25.44000   39.33100   30.62500  
H    26.47200   40.85200   30.54600  
O    26.94200   37.75900   28.77800  
C    26.63000   27.90500   29.87500  
H    27.62000   28.35400   29.99200  
H    26.22700   28.25200   28.92100  
H    26.01000   28.06900   30.76100  
S    26.76200   26.11600   29.65800  
C    27.40400   26.12100   27.96900  
H    28.34300   26.67700   28.02200  
H    27.56800   25.10500   27.60000  
H    26.76300   26.78500   27.38300  
O    25.30100   25.82200   29.51700  
C    23.88200   23.68300   24.24400  
H    24.26800   22.70400   23.95000  
H    22.79000   23.66000   24.25700  
H    24.22600   24.43800   23.53200  
S    24.57900   24.12100   25.85300  
C    23.52400   25.58100   25.99300  
H    23.68800   26.19200   25.10200  
H    22.50400   25.19300   26.04900  
H    23.72000   26.08100   26.94500  
O    25.88000   24.63100   25.31400  
C    14.51500   32.95500   26.86400  
H    13.48600   33.22500   27.11800  
H    14.98700   33.80900   26.37100  
H    14.48100   32.03700   26.27200  
S    15.42100   32.60700   28.38800  
C    14.32600   31.39600   29.16100  
H    13.98800   30.72400   28.36800  
H    14.95800   30.97000   29.94400  
H    13.54900   32.00800   29.62600  
O    15.31000   33.89800   29.13600  
C    19.39700   39.08200   27.40700  
H    19.91400   39.96100   27.80000  
H    18.50900   39.33700   26.82200  
H    19.00600   38.68000   28.34400  
S    20.48400   37.95000   26.51100  
C    19.98700   38.62700   24.91100  
H    20.29900   39.67400   24.89800  
H    20.48600   37.96300   24.20100  
H    18.90200   38.52700   24.82100  
O    19.77200   36.64300   26.67200  
C    26.71200   24.53500   21.57400  
H    26.68600   24.29500   22.64000  
H    25.68400   24.64900   21.22000  
H    27.32800   23.97600   20.86500  
S    27.29500   26.24300   21.65300  
C    26.01100   26.93000   22.72300  
H    25.89500   28.00700   22.57700  
H    25.06300   26.44300   22.48400  
H    26.28300   26.63600   23.74000  
O    26.82700   26.61000   20.27900  
C    23.61200   35.48900   23.92400  
H    24.25500   34.61100   24.02200  
H    23.74800   35.86300   22.90600  
H    23.95500   36.21800   24.66200  
S    21.86100   35.15300   24.21900  
C    22.15200   34.47200   25.86700  
H    22.75900   35.16000   26.46200  
H    21.15900   34.30000   26.29000  
H    22.72800   33.54400   25.91400  
O    21.56100   33.85600   23.53500  
C    23.15900   28.28400   35.66800  
H    23.33700   29.27400   35.24000  
H    22.36600   27.79200   35.09900  
H    22.91200   28.47700   36.71600  
S    24.69600   27.33600   35.61800  
C    25.69400   28.39500   36.68800  
H    25.13100   28.62900   37.59500  
H    26.66600   27.95600   36.92700  
H    25.84100   29.37100   36.21800  
O    25.14300   27.61800   34.21700  
C    18.47000   33.92200   25.36600  
H    19.08700   34.34900   24.57100  
H    17.38700   33.95600   25.22000  
H    18.81200   34.22800   26.35800  
S    18.74400   32.13700   25.40500  
C    17.66800   31.70900   24.01800  
H    17.95500   32.23400   23.10300  
H    17.65300   30.63300   23.82600  
H    16.67500   32.06400   24.30600  
O    18.22000   31.57200   26.68800  
C    18.64300   23.63600   24.92300  
H    18.00300   24.14700   24.19900  
H    19.56100   23.29700   24.43700  
H    18.17900   22.75300   25.36800  
S    19.08400   24.82700   26.20900  
C    19.92100   25.94900   25.06800  
H    19.20600   26.21300   24.28400  
H    20.16500   26.91000   25.52800  
H    20.75000   25.43900   24.57000  
O    20.10800   24.08300   27.00900  
C    19.66300   33.23700   29.33900  
H    19.60000   32.76800   28.35400  
H    18.66700   33.40900   29.75400  
H    20.30600   34.11300   29.46100  
S    20.44700   31.93700   30.32000  
C    19.19100   30.64900   30.14200  
H    19.55400   29.82700   30.76400  
H    18.20800   30.99400   30.47000  
H    19.11200   30.29400   29.11100  
O    20.38500   32.31400   31.76700  
C    22.89800   30.70800   32.77700  
H    23.02000   29.63800   32.96100  
H    22.01500   31.13900   33.25500  
H    22.77100   30.73200   31.69200  
S    24.40000   31.61400   33.21400  
C    25.61700   30.54000   32.42100  
H    25.37300   29.48800   32.58600  
H    25.75000   30.84900   31.38100  
H    26.53300   30.77600   32.96900  
O    24.50500   31.32400   34.67900  
C    20.66000   27.28500   28.66700  
H    20.45800   26.21100   28.62500  
H    19.92200   27.71200   29.35000  
H    20.44500   27.71800   27.68700  
S    22.35000   27.70900   29.14700  
C    22.14000   26.90200   30.75000  
H    22.17700   25.82300   30.57700  
H    23.00300   27.23100   31.33500  
H    21.17500   27.18200   31.17900  
O    22.31500   29.15800   29.52200  
C    30.48400   26.75800   19.35100  
H    30.21500   26.69100   18.29400  
H    31.56000   26.94500   19.29600  
H    30.33900   25.83400   19.91800  
S    29.84500   28.29300   20.05800  
C    30.00800   29.10400   18.45100  
H    29.63600   30.12900   18.52900  
H    31.08000   29.12800   18.23800  
H    29.48400   28.49400   17.71100  
O    31.08200   28.82700   20.71000  
C    29.64000   33.79400   19.63600  
H    29.74100   33.71300   18.55100  
H    28.57700   33.59800   19.79800  
H    29.93500   34.78200   19.99800  
S    30.58500   32.57000   20.57100  
C    30.10400   33.11400   22.22600  
H    30.83100   32.62000   22.87500  
H    30.14800   34.17100   22.49900  
H    29.11100   32.71400   22.44800  
O    31.96500   33.15100   20.56100  
C    14.60800   28.43900   24.33100  
H    14.08600   28.22700   25.26700  
H    14.91300   29.48900   24.32100  
H    13.94200   28.18300   23.50200  
S    16.13900   27.49000   24.19600  
C    16.81100   28.02300   25.78700  
H    16.57100   29.07700   25.95300  
H    16.27200   27.38500   26.49300  
H    17.90300   28.02400   25.80600  
O    16.82100   28.16000   23.04400  
C    22.24800   35.16900   32.18500  
H    21.85200   34.17200   31.97400  
H    22.39300   35.23400   33.26600  
H    21.50200   35.92200   31.92100  
S    23.83300   35.44600   31.36200  
C    23.11800   35.43100   29.70300  
H    23.93900   35.11100   29.05600  
H    22.38700   34.62000   29.67200  
H    22.63800   36.38800   29.47900  
O    24.34400   34.03900   31.33300  
C    20.04900   31.46400   21.51200  
H    20.41600   31.95900   22.41500  
H    19.30600   32.12600   21.06100  
H    19.69900   30.45000   21.72600  
S    21.46000   31.30100   20.39500  
C    21.96100   33.03600   20.34400  
H    21.69700   33.50500   21.29500  
H    23.02700   33.12200   20.11800  
H    21.50700   33.48700   19.45900  
O    20.91500   31.00100   19.03200  
C    29.52600   24.92600   24.63200  
H    28.49900   25.02500   24.27300  
H    29.67300   24.14300   25.38000  
H    29.99700   25.82200   25.04500  
S    30.66400   24.24000   23.40600  
C    31.37600   25.86000   23.04100  
H    31.91500   26.21200   23.92500  
H    32.08100   25.60400   22.24600  
H    30.57800   26.51100   22.67700  
O    29.76800   23.82900   22.27900  
C    28.22900   26.13000   33.03000  
H    27.86200   25.92300   34.03900  
H    27.38900   26.60400   32.51500  
H    28.67200   25.25700   32.54400  
S    29.51700   27.39200   32.91700  
C    28.55300   28.57200   33.88700  
H    28.34400   28.04600   34.82200  
H    29.12500   29.44600   34.21000  
H    27.60200   28.85300   33.42700  
O    29.27500   27.86500   31.51700  
C    27.89700   34.69900   30.99100  
H    28.39900   33.96900   30.35000  
H    27.15300   35.30200   30.46500  
H    28.69000   35.42000   31.20600  
S    27.23800   33.97300   32.50900  
C    27.01200   35.44200   33.53700  
H    27.90400   36.06700   33.44600  
H    26.07000   35.96000   33.34100  
H    26.90400   35.04900   34.55100  
O    28.42700   33.25900   33.07100  
$end

$rem
JOBTYPE  SP
METHOD  B3LYP
BASIS  6-31+G(D)
SYMMETRY  FALSE
SYM_IGNORE  TRUE
MEM_TOTAL  16000
MEM_STATIC  8000
MAX_SUB_FILE_NUM  16000
BASIS_LIN_DEP_THRESH  6
THRESH  14
SCF_CONVERGENCE  8
GEN_SCFMAN  TRUE
SCF_GUESS  SAD
FD_MAT_VEC_PROD  FALSE
XC_GRID  000075000302
NL_GRID  1
MAX_SCF_CYCLES  200
ENV_METHOD  B3LYP
GEN_SCFMAN_EMBED  TRUE
SPADE_PARTITION  TRUE
$end

$development
embedding_early_stop  1
$end

@@@

$molecule
0 1
@C    22.34600   30.70900   26.38900  
@C    23.72900   31.10800   26.93100  
@C    24.77100   30.14300   26.34300  
@C    24.64500   29.98700   24.81900  
@C    23.25700   29.53800   24.33200  
@C    22.23900   30.56200   24.86200  
@H    25.76900   30.51000   26.61400  
@H    24.08500   32.04500   26.48700  
@H    22.10100   29.77400   26.90700  
@H    21.62000   31.49400   26.63200  
@H    24.94900   30.84400   24.20600  
@H    25.38300   29.23200   24.52300  
@H    23.28900   29.50200   23.23600  
@H    23.00800   28.52100   24.65800  
@H    22.49400   31.51300   24.37900  
@H    21.23100   30.17200   24.67300  
@H    24.82100   29.21900   26.93200  
@N    23.85800   31.24500   28.38100  
@H    23.21100   30.87200   29.06500  
@C    24.87100   31.95800   28.98800  
@H    24.90000   31.97200   30.09300  
@O    25.72400   32.52500   28.33000  
C    20.94000   25.02000   20.62000  
H    21.45300   25.51400   19.79100  
H    21.18000   23.95500   20.68800  
H    19.86600   25.05600   20.42000  
S    21.55400   25.71100   22.17300  
C    20.83200   27.32900   21.81700  
H    19.74800   27.20200   21.85500  
H    21.13500   27.94100   22.67000  
H    21.24600   27.78400   20.91300  
O    22.99800   25.99600   21.90200  
C    29.12800   30.75100   29.96500  
H    28.91400   29.86800   30.57200  
H    29.13500   31.59800   30.65700  
H    28.31700   31.01400   29.28100  
S    30.77300   30.64500   29.22700  
C    31.72800   30.68100   30.76100  
H    32.81000   30.69500   30.60500  
H    31.48800   31.63400   31.23800  
H    31.51700   29.88200   31.47600  
O    31.04400   31.92000   28.49000  
C    23.73200   29.44000   17.53300  
H    24.22800   28.68600   18.14900  
H    24.52400   29.79300   16.86700  
H    23.19100   30.16500   18.14700  
S    22.48600   28.60600   16.52500  
C    21.59500   27.73400   17.83300  
H    21.26200   26.72900   17.56200  
H    22.32300   27.74800   18.64900  
H    20.69400   28.26700   18.14700  
O    23.37300   27.59200   15.87300  
C    26.78700   35.37200   26.43600  
H    26.42300   35.95100   25.58300  
H    26.02400   34.83200   27.00200  
H    27.43600   35.94800   27.10100  
S    27.79400   34.05800   25.71300  
C    28.70800   33.61800   27.20900  
H    29.55000   32.97900   26.92800  
H    29.16100   34.50400   27.66000  
H    27.99200   33.30400   27.97300  
O    28.96900   34.70000   25.04200  
C    25.52400   30.24900   20.47200  
H    25.17200   31.15500   19.97200  
H    25.96200   29.50800   19.79900  
H    24.67200   29.76100   20.95200  
S    26.65600   30.64000   21.82500  
C    26.00000   32.24900   22.32300  
H    26.23500   32.89800   21.47600  
H    24.91700   32.29900   22.46300  
H    26.56400   32.66400   23.16200  
O    28.05800   30.83100   21.33500  
C    28.70300   30.37300   24.97400  
H    28.48000   30.02700   23.96200  
H    27.86500   30.14800   25.63900  
H    28.90300   31.42600   24.76200  
S    30.13600   29.54000   25.69300  
C    31.04900   29.28100   24.15600  
H    31.81600   28.53800   24.39000  
H    30.31300   28.93800   23.42400  
H    31.52100   30.20400   23.80900  
O    29.57500   28.15400   25.75800  
C    27.30600   37.04400   22.91300  
H    27.98000   37.86200   22.64700  
H    26.35700   37.49000   23.22200  
H    27.70100   36.50700   23.77900  
S    26.92400   35.93700   21.53700  
C    27.63900   36.96800   20.23700  
H    27.54700   36.64700   19.19700  
H    27.13300   37.91900   20.42200  
H    28.70400   37.10200   20.44500  
O    25.47900   36.10100   21.18400  
C    28.03700   38.49900   30.97200  
H    28.82600   37.74200   30.99400  
H    28.43100   39.35500   31.52500  
H    27.15500   38.21600   31.55200  
S    27.47500   39.03900   29.34200  
C    26.08600   39.97400   30.02200  
H    25.60200   40.22100   29.07300  
H    25.44000   39.33100   30.62500  
H    26.47200   40.85200   30.54600  
O    26.94200   37.75900   28.77800  
C    26.63000   27.90500   29.87500  
H    27.62000   28.35400   29.99200  
H    26.22700   28.25200   28.92100  
H    26.01000   28.06900   30.76100  
S    26.76200   26.11600   29.65800  
C    27.40400   26.12100   27.96900  
H    28.34300   26.67700   28.02200  
H    27.56800   25.10500   27.60000  
H    26.76300   26.78500   27.38300  
O    25.30100   25.82200   29.51700  
C    23.88200   23.68300   24.24400  
H    24.26800   22.70400   23.95000  
H    22.79000   23.66000   24.25700  
H    24.22600   24.43800   23.53200  
S    24.57900   24.12100   25.85300  
C    23.52400   25.58100   25.99300  
H    23.68800   26.19200   25.10200  
H    22.50400   25.19300   26.04900  
H    23.72000   26.08100   26.94500  
O    25.88000   24.63100   25.31400  
C    14.51500   32.95500   26.86400  
H    13.48600   33.22500   27.11800  
H    14.98700   33.80900   26.37100  
H    14.48100   32.03700   26.27200  
S    15.42100   32.60700   28.38800  
C    14.32600   31.39600   29.16100  
H    13.98800   30.72400   28.36800  
H    14.95800   30.97000   29.94400  
H    13.54900   32.00800   29.62600  
O    15.31000   33.89800   29.13600  
C    19.39700   39.08200   27.40700  
H    19.91400   39.96100   27.80000  
H    18.50900   39.33700   26.82200  
H    19.00600   38.68000   28.34400  
S    20.48400   37.95000   26.51100  
C    19.98700   38.62700   24.91100  
H    20.29900   39.67400   24.89800  
H    20.48600   37.96300   24.20100  
H    18.90200   38.52700   24.82100  
O    19.77200   36.64300   26.67200  
C    26.71200   24.53500   21.57400  
H    26.68600   24.29500   22.64000  
H    25.68400   24.64900   21.22000  
H    27.32800   23.97600   20.86500  
S    27.29500   26.24300   21.65300  
C    26.01100   26.93000   22.72300  
H    25.89500   28.00700   22.57700  
H    25.06300   26.44300   22.48400  
H    26.28300   26.63600   23.74000  
O    26.82700   26.61000   20.27900  
C    23.61200   35.48900   23.92400  
H    24.25500   34.61100   24.02200  
H    23.74800   35.86300   22.90600  
H    23.95500   36.21800   24.66200  
S    21.86100   35.15300   24.21900  
C    22.15200   34.47200   25.86700  
H    22.75900   35.16000   26.46200  
H    21.15900   34.30000   26.29000  
H    22.72800   33.54400   25.91400  
O    21.56100   33.85600   23.53500  
C    23.15900   28.28400   35.66800  
H    23.33700   29.27400   35.24000  
H    22.36600   27.79200   35.09900  
H    22.91200   28.47700   36.71600  
S    24.69600   27.33600   35.61800  
C    25.69400   28.39500   36.68800  
H    25.13100   28.62900   37.59500  
H    26.66600   27.95600   36.92700  
H    25.84100   29.37100   36.21800  
O    25.14300   27.61800   34.21700  
C    18.47000   33.92200   25.36600  
H    19.08700   34.34900   24.57100  
H    17.38700   33.95600   25.22000  
H    18.81200   34.22800   26.35800  
S    18.74400   32.13700   25.40500  
C    17.66800   31.70900   24.01800  
H    17.95500   32.23400   23.10300  
H    17.65300   30.63300   23.82600  
H    16.67500   32.06400   24.30600  
O    18.22000   31.57200   26.68800  
C    18.64300   23.63600   24.92300  
H    18.00300   24.14700   24.19900  
H    19.56100   23.29700   24.43700  
H    18.17900   22.75300   25.36800  
S    19.08400   24.82700   26.20900  
C    19.92100   25.94900   25.06800  
H    19.20600   26.21300   24.28400  
H    20.16500   26.91000   25.52800  
H    20.75000   25.43900   24.57000  
O    20.10800   24.08300   27.00900  
C    19.66300   33.23700   29.33900  
H    19.60000   32.76800   28.35400  
H    18.66700   33.40900   29.75400  
H    20.30600   34.11300   29.46100  
S    20.44700   31.93700   30.32000  
C    19.19100   30.64900   30.14200  
H    19.55400   29.82700   30.76400  
H    18.20800   30.99400   30.47000  
H    19.11200   30.29400   29.11100  
O    20.38500   32.31400   31.76700  
C    22.89800   30.70800   32.77700  
H    23.02000   29.63800   32.96100  
H    22.01500   31.13900   33.25500  
H    22.77100   30.73200   31.69200  
S    24.40000   31.61400   33.21400  
C    25.61700   30.54000   32.42100  
H    25.37300   29.48800   32.58600  
H    25.75000   30.84900   31.38100  
H    26.53300   30.77600   32.96900  
O    24.50500   31.32400   34.67900  
C    20.66000   27.28500   28.66700  
H    20.45800   26.21100   28.62500  
H    19.92200   27.71200   29.35000  
H    20.44500   27.71800   27.68700  
S    22.35000   27.70900   29.14700  
C    22.14000   26.90200   30.75000  
H    22.17700   25.82300   30.57700  
H    23.00300   27.23100   31.33500  
H    21.17500   27.18200   31.17900  
O    22.31500   29.15800   29.52200  
C    30.48400   26.75800   19.35100  
H    30.21500   26.69100   18.29400  
H    31.56000   26.94500   19.29600  
H    30.33900   25.83400   19.91800  
S    29.84500   28.29300   20.05800  
C    30.00800   29.10400   18.45100  
H    29.63600   30.12900   18.52900  
H    31.08000   29.12800   18.23800  
H    29.48400   28.49400   17.71100  
O    31.08200   28.82700   20.71000  
C    29.64000   33.79400   19.63600  
H    29.74100   33.71300   18.55100  
H    28.57700   33.59800   19.79800  
H    29.93500   34.78200   19.99800  
S    30.58500   32.57000   20.57100  
C    30.10400   33.11400   22.22600  
H    30.83100   32.62000   22.87500  
H    30.14800   34.17100   22.49900  
H    29.11100   32.71400   22.44800  
O    31.96500   33.15100   20.56100  
C    14.60800   28.43900   24.33100  
H    14.08600   28.22700   25.26700  
H    14.91300   29.48900   24.32100  
H    13.94200   28.18300   23.50200  
S    16.13900   27.49000   24.19600  
C    16.81100   28.02300   25.78700  
H    16.57100   29.07700   25.95300  
H    16.27200   27.38500   26.49300  
H    17.90300   28.02400   25.80600  
O    16.82100   28.16000   23.04400  
C    22.24800   35.16900   32.18500  
H    21.85200   34.17200   31.97400  
H    22.39300   35.23400   33.26600  
H    21.50200   35.92200   31.92100  
S    23.83300   35.44600   31.36200  
C    23.11800   35.43100   29.70300  
H    23.93900   35.11100   29.05600  
H    22.38700   34.62000   29.67200  
H    22.63800   36.38800   29.47900  
O    24.34400   34.03900   31.33300  
C    20.04900   31.46400   21.51200  
H    20.41600   31.95900   22.41500  
H    19.30600   32.12600   21.06100  
H    19.69900   30.45000   21.72600  
S    21.46000   31.30100   20.39500  
C    21.96100   33.03600   20.34400  
H    21.69700   33.50500   21.29500  
H    23.02700   33.12200   20.11800  
H    21.50700   33.48700   19.45900  
O    20.91500   31.00100   19.03200  
C    29.52600   24.92600   24.63200  
H    28.49900   25.02500   24.27300  
H    29.67300   24.14300   25.38000  
H    29.99700   25.82200   25.04500  
S    30.66400   24.24000   23.40600  
C    31.37600   25.86000   23.04100  
H    31.91500   26.21200   23.92500  
H    32.08100   25.60400   22.24600  
H    30.57800   26.51100   22.67700  
O    29.76800   23.82900   22.27900  
C    28.22900   26.13000   33.03000  
H    27.86200   25.92300   34.03900  
H    27.38900   26.60400   32.51500  
H    28.67200   25.25700   32.54400  
S    29.51700   27.39200   32.91700  
C    28.55300   28.57200   33.88700  
H    28.34400   28.04600   34.82200  
H    29.12500   29.44600   34.21000  
H    27.60200   28.85300   33.42700  
O    29.27500   27.86500   31.51700  
C    27.89700   34.69900   30.99100  
H    28.39900   33.96900   30.35000  
H    27.15300   35.30200   30.46500  
H    28.69000   35.42000   31.20600  
S    27.23800   33.97300   32.50900  
C    27.01200   35.44200   33.53700  
H    27.90400   36.06700   33.44600  
H    26.07000   35.96000   33.34100  
H    26.90400   35.04900   34.55100  
O    28.42700   33.25900   33.07100  
$end

$rem
JOBTYPE  SP
METHOD  B3LYP
BASIS  6-31+G(D)
SYMMETRY  FALSE
SYM_IGNORE  TRUE
MEM_TOTAL  16000
MEM_STATIC  8000
MAX_SUB_FILE_NUM  16000
BASIS_LIN_DEP_THRESH  6
THRESH  14
SCF_CONVERGENCE  8
GEN_SCFMAN  FALSE
SCF_GUESS  READ
FD_MAT_VEC_PROD  FALSE
XC_GRID  000075000302
NL_GRID  1
MAX_SCF_CYCLES  200
SKIP_SCFMAN  TRUE
ESP_GRID  0
ESP_EFIELD  1
$end
