$molecule
0 1
--
0 1
C    24.00800   22.23000   27.03400  
C    25.35100   22.94800   27.25000  
C    26.40900   22.37100   26.29600  
C    25.95000   22.46000   24.83100  
C    24.53200   21.92700   24.56800  
C    23.51300   22.44600   25.59500  
H    27.39000   22.84500   26.41800  
H    25.25600   24.02600   27.07600  
H    24.02900   21.14300   27.17800  
H    23.33700   22.67300   27.78000  
H    26.14400   23.45700   24.41800  
H    26.55400   21.73300   24.27500  
H    24.16900   22.24400   23.58200  
H    24.44900   20.83300   24.57400  
H    23.41500   23.52900   25.45100  
H    22.47500   22.09400   25.56100  
H    26.63700   21.34200   26.60100  
N    25.82800   22.68100   28.60600  
H    26.53100   21.97700   28.79600  
C    25.33800   23.29000   29.74300  
H    25.89700   22.98600   30.64700  
O    24.54900   24.21600   29.79800  
--
0 1
C    25.77100   27.22000   29.95000  
H    24.83700   27.13800   30.51200  
H    26.53800   26.55500   30.35300  
H    26.01500   28.28400   29.88500  
S    25.33700   26.70200   28.27400  
C    26.97400   27.16300   27.66400  
H    26.95900   27.70500   26.71400  
H    27.46700   27.71900   28.46600  
H    27.57300   26.26200   27.51200  
O    24.51100   27.89800   27.91500  
C    32.61400   27.46400   28.46000  
H    32.81200   26.48600   28.01300  
H    33.54800   27.97800   28.70000  
H    32.10400   27.32800   29.41700  
S    31.71800   28.55000   27.32800  
C    30.36800   27.52900   26.69300  
H    29.69300   28.08100   26.03600  
H    30.91700   26.76600   26.13500  
H    29.76800   27.11900   27.50900  
O    32.62600   28.67700   26.14500  
C    28.74900   24.34800   29.64500  
H    28.34100   24.46500   28.63800  
H    29.09200   23.32900   29.84300  
H    27.94400   24.53800   30.36000  
S    30.05000   25.57100   29.91800  
C    30.30600   25.26600   31.68100  
H    29.62900   25.93400   32.21900  
H    30.12100   24.19500   31.80000  
H    31.37400   25.41000   31.86200  
O    29.42400   26.93000   29.86600  
C    20.71400   26.18900   35.01700  
H    21.03500   26.46300   34.00900  
H    19.94800   25.41100   34.97700  
H    20.24800   27.10000   35.40200  
S    22.20200   25.61300   35.86400  
C    22.11100   23.99000   35.07500  
H    22.59500   23.19300   35.64500  
H    21.04400   23.77400   34.97300  
H    22.58300   24.05900   34.09200  
O    21.59800   25.54900   37.23300  
C    30.43400   22.28200   25.83500  
H    30.85800   22.55900   26.80300  
H    29.40200   21.94300   25.95700  
H    31.04700   21.50000   25.38100  
S    30.48200   23.77200   24.81300  
C    31.88900   24.57500   25.61400  
H    32.74700   23.90000   25.56800  
H    32.17700   25.50500   25.11700  
H    31.57800   24.68900   26.65600  
O    29.37200   24.60300   25.37800  
C    23.12400   21.15600   30.29700  
H    24.12400   20.86000   29.97200  
H    22.39900   20.37200   30.06400  
H    22.85800   22.12500   29.86600  
S    23.17700   21.16200   32.10400  
C    21.41500   21.56200   32.08400  
H    21.15000   21.72200   33.13300  
H    21.20900   22.40600   31.42200  
H    20.82600   20.67400   31.84000  
O    23.89100   22.39700   32.55600  
C    30.52800   20.07000   28.54700  
H    30.19300   19.78700   27.54600  
H    31.23300   20.90200   28.47800  
H    30.95200   19.22100   29.08800  
S    29.23700   20.54500   29.71900  
C    28.74800   18.82100   29.94400  
H    27.82500   18.80200   30.52900  
H    28.44900   18.58100   28.92000  
H    29.52700   18.21700   30.41600  
O    28.11600   21.17100   28.94900  
C    23.54500   21.23100   18.89400  
H    23.53800   20.96400   17.83400  
H    22.93100   22.09300   19.16600  
H    24.61600   21.37400   19.06200  
S    23.01100   19.70400   19.70000  
C    23.54500   20.26900   21.33200  
H    23.31000   19.40200   21.95400  
H    24.59200   20.57600   21.27700  
H    22.83800   21.04000   21.64800  
O    23.96900   18.67600   19.18600  
C    26.74400   20.92500   33.93200  
H    27.53600   21.67500   33.87900  
H    27.18300   19.95300   33.68900  
H    25.85100   21.25500   33.39500  
S    26.56700   20.57000   35.69500  
C    26.03300   22.25100   36.08800  
H    26.75500   22.96600   35.68700  
H    25.02100   22.42500   35.71300  
H    26.14800   22.39200   37.16600  
O    27.94300   20.45200   36.27400  
C    17.80300   21.09900   22.75100  
H    18.29900   20.12900   22.83900  
H    17.21000   21.27700   23.65100  
H    17.21500   21.21600   21.83700  
S    19.00800   22.44500   22.80000  
C    17.86900   23.72400   22.22200  
H    18.30000   24.71600   22.37800  
H    17.67300   23.66600   21.14800  
H    16.93400   23.68100   22.78600  
O    19.81100   22.22600   21.55500  
C    24.27000   13.49300   23.09500  
H    24.03700   12.88800   22.21500  
H    25.32500   13.28500   23.28600  
H    23.62500   13.28200   23.95200  
S    24.22600   15.27100   22.77400  
C    24.60100   15.82800   24.45200  
H    24.24100   16.86000   24.42400  
H    24.04200   15.27900   25.21500  
H    25.68100   15.83100   24.61900  
O    22.76500   15.44700   22.50000  
C    21.26000   27.70800   23.46700  
H    20.37600   28.07900   22.94300  
H    21.75300   28.60400   23.85100  
H    21.85900   27.10600   22.77900  
S    20.55600   26.89800   24.92100  
C    22.08600   26.27500   25.65400  
H    21.75900   25.65000   26.48900  
H    22.65900   25.77100   24.87100  
H    22.59700   27.19300   25.95400  
O    19.93700   25.61500   24.45800  
C    27.96700   25.81400   22.09900  
H    29.01800   25.94700   21.83000  
H    27.57300   24.79500   22.11100  
H    27.33800   26.48400   21.50800  
S    27.86700   26.60700   23.72000  
C    26.07400   26.47500   23.89800  
H    25.53500   27.08000   23.16400  
H    25.93100   25.40600   23.72300  
H    25.73300   26.62200   24.92600  
O    28.10100   28.02100   23.29000  
C    27.90000   15.57900   30.71200  
H    28.12700   14.52000   30.86000  
H    27.98500   15.84900   29.65700  
H    28.50100   16.26000   31.32200  
S    26.20300   15.80900   31.28800  
C    25.29300   15.01700   29.94300  
H    25.54300   13.95800   30.04900  
H    24.20700   15.09300   30.04300  
H    25.65800   15.57500   29.07700  
O    25.93700   17.26700   31.07800  
C    21.62900   18.54100   23.98400  
H    22.34700   19.36600   23.98000  
H    21.96000   17.50600   23.86900  
H    20.84900   18.77600   23.25600  
S    20.79100   18.57000   25.58400  
C    19.75600   17.17700   25.08100  
H    18.93100   16.87000   25.72900  
H    19.30600   17.44700   24.12200  
H    20.41100   16.33200   24.85900  
O    19.75300   19.63200   25.39200  
C    27.97400   17.85600   18.80100  
H    28.53500   17.30500   18.04200  
H    27.59400   18.76600   18.33000  
H    28.68000   18.20900   19.55700  
S    26.57000   17.00700   19.55800  
C    26.50300   18.18900   20.92300  
H    27.45400   18.18000   21.46300  
H    26.24800   19.17400   20.52300  
H    25.73900   17.97500   21.67400  
O    27.19200   15.78400   20.15600  
C    27.66700   22.11900   21.11600  
H    26.60200   22.36100   21.11800  
H    27.63700   21.04200   21.29900  
H    28.18900   22.68900   21.88900  
S    28.29000   22.44000   19.45000  
C    26.86300   23.33000   18.78900  
H    26.88000   24.36000   19.15200  
H    26.97100   23.28300   17.70200  
H    25.99900   22.73500   19.09500  
O    28.10600   21.03700   18.95900  
C    21.96900   25.02000   31.73700  
H    21.47600   24.49400   32.55900  
H    22.48400   24.17600   31.27100  
H    22.69400   25.75100   32.10400  
S    20.72400   25.73400   30.64000  
C    21.93100   26.38200   29.46200  
H    22.82600   26.68300   30.01200  
H    22.19500   25.52700   28.83400  
H    21.43300   27.18100   28.90800  
O    20.43800   27.03000   31.33400  
C    30.21500   18.54500   25.19200  
H    30.34600   17.97700   24.26700  
H    31.03200   19.26000   25.32000  
H    29.99300   17.99700   26.11100  
S    28.78900   19.63300   24.97200  
C    27.59200   18.36400   24.50300  
H    27.51000   17.71400   25.37800  
H    26.58400   18.65500   24.19700  
H    27.94100   17.65700   23.74700  
O    28.96300   20.31400   23.65000  
C    18.50000   20.17200   30.16400  
H    17.48300   20.34600   29.80500  
H    18.47800   19.77300   31.18100  
H    19.01800   21.13300   30.21500  
S    19.43300   19.07300   29.07400  
C    18.28700   17.68100   29.19700  
H    18.81400   16.75600   28.95100  
H    17.99500   17.71300   30.25000  
H    17.42800   18.00900   28.60600  
O    20.56100   18.54200   29.90400  
C    17.49200   22.97800   27.13500  
H    17.72200   21.91100   27.19900  
H    16.81700   23.22800   27.95800  
H    17.16200   23.25100   26.12900  
S    19.04900   23.79600   27.54700  
C    19.96300   22.89900   26.27200  
H    19.31300   22.52700   25.47600  
H    20.65300   23.64700   25.87300  
H    20.50000   22.06200   26.72400  
O    19.45100   23.11500   28.81800  
C    22.06400   24.43300   21.61700  
H    21.78300   24.59300   22.66100  
H    21.31300   24.83500   20.93200  
H    22.07300   23.35400   21.44500  
S    23.70700   25.18300   21.64200  
C    23.71100   25.49200   19.86100  
H    22.68400   25.77200   19.61300  
H    24.28600   26.41100   19.72300  
H    24.14900   24.62800   19.35400  
O    24.64900   24.03700   21.84500  
C    27.33400   27.01800   34.62000  
H    27.03000   28.05400   34.45400  
H    26.83800   26.47600   35.42900  
H    28.40300   27.11200   34.82900  
S    27.09500   26.19600   33.02900  
C    25.33900   25.82500   33.23100  
H    25.21900   25.10500   32.41800  
H    25.17000   25.40000   34.22300  
H    24.64600   26.65300   33.05700  
O    27.71100   24.84000   33.18000  
C    23.39200   17.99000   28.27600  
H    23.15000   19.04800   28.40500  
H    22.52400   17.57400   27.76000  
H    23.55300   17.52100   29.25000  
S    24.83200   17.87100   27.19000  
C    25.75300   18.98500   28.27500  
H    26.78800   19.03400   27.92600  
H    25.37900   20.00300   28.13700  
H    25.70600   18.66700   29.31900  
O    24.53400   18.69100   25.97400  
C    34.94200   22.81300   28.40500  
H    35.53900   22.48800   29.26100  
H    34.86500   21.91800   27.78200  
H    35.53100   23.61200   27.94800  
S    33.35100   23.48200   28.94000  
C    34.22900   24.50800   30.14100  
H    34.73500   25.30500   29.59000  
H    33.48200   25.03500   30.74100  
H    34.87200   23.82800   30.70500  
O    32.92100   22.40000   29.88100  
$end

$rem
JOBTYPE  SP
METHOD  B3LYP
BASIS  6-31+G(D)
SYMMETRY  FALSE
SYM_IGNORE  TRUE
MEM_TOTAL  12000
MEM_STATIC  4000
BASIS_LIN_DEP_THRESH  6
THRESH  14
SCF_CONVERGENCE  8
FD_MAT_VEC_PROD  FALSE
XC_GRID  000075000302
NL_GRID  1
MAX_SCF_CYCLES  200
ENV_METHOD  B3LYP
GEN_SCFMAN_EMBED  TRUE
SPADE_PARTITION  TRUE
EMBEDDING_EARLY_STOP  TRUE
$end

@@@

$molecule
0 1
@C    24.00800   22.23000   27.03400  
@C    25.35100   22.94800   27.25000  
@C    26.40900   22.37100   26.29600  
@C    25.95000   22.46000   24.83100  
@C    24.53200   21.92700   24.56800  
@C    23.51300   22.44600   25.59500  
@H    27.39000   22.84500   26.41800  
@H    25.25600   24.02600   27.07600  
@H    24.02900   21.14300   27.17800  
@H    23.33700   22.67300   27.78000  
@H    26.14400   23.45700   24.41800  
@H    26.55400   21.73300   24.27500  
@H    24.16900   22.24400   23.58200  
@H    24.44900   20.83300   24.57400  
@H    23.41500   23.52900   25.45100  
@H    22.47500   22.09400   25.56100  
@H    26.63700   21.34200   26.60100  
@N    25.82800   22.68100   28.60600  
@H    26.53100   21.97700   28.79600  
@C    25.33800   23.29000   29.74300  
@H    25.89700   22.98600   30.64700  
@O    24.54900   24.21600   29.79800  
C    25.77100   27.22000   29.95000  
H    24.83700   27.13800   30.51200  
H    26.53800   26.55500   30.35300  
H    26.01500   28.28400   29.88500  
S    25.33700   26.70200   28.27400  
C    26.97400   27.16300   27.66400  
H    26.95900   27.70500   26.71400  
H    27.46700   27.71900   28.46600  
H    27.57300   26.26200   27.51200  
O    24.51100   27.89800   27.91500  
C    32.61400   27.46400   28.46000  
H    32.81200   26.48600   28.01300  
H    33.54800   27.97800   28.70000  
H    32.10400   27.32800   29.41700  
S    31.71800   28.55000   27.32800  
C    30.36800   27.52900   26.69300  
H    29.69300   28.08100   26.03600  
H    30.91700   26.76600   26.13500  
H    29.76800   27.11900   27.50900  
O    32.62600   28.67700   26.14500  
C    28.74900   24.34800   29.64500  
H    28.34100   24.46500   28.63800  
H    29.09200   23.32900   29.84300  
H    27.94400   24.53800   30.36000  
S    30.05000   25.57100   29.91800  
C    30.30600   25.26600   31.68100  
H    29.62900   25.93400   32.21900  
H    30.12100   24.19500   31.80000  
H    31.37400   25.41000   31.86200  
O    29.42400   26.93000   29.86600  
C    20.71400   26.18900   35.01700  
H    21.03500   26.46300   34.00900  
H    19.94800   25.41100   34.97700  
H    20.24800   27.10000   35.40200  
S    22.20200   25.61300   35.86400  
C    22.11100   23.99000   35.07500  
H    22.59500   23.19300   35.64500  
H    21.04400   23.77400   34.97300  
H    22.58300   24.05900   34.09200  
O    21.59800   25.54900   37.23300  
C    30.43400   22.28200   25.83500  
H    30.85800   22.55900   26.80300  
H    29.40200   21.94300   25.95700  
H    31.04700   21.50000   25.38100  
S    30.48200   23.77200   24.81300  
C    31.88900   24.57500   25.61400  
H    32.74700   23.90000   25.56800  
H    32.17700   25.50500   25.11700  
H    31.57800   24.68900   26.65600  
O    29.37200   24.60300   25.37800  
C    23.12400   21.15600   30.29700  
H    24.12400   20.86000   29.97200  
H    22.39900   20.37200   30.06400  
H    22.85800   22.12500   29.86600  
S    23.17700   21.16200   32.10400  
C    21.41500   21.56200   32.08400  
H    21.15000   21.72200   33.13300  
H    21.20900   22.40600   31.42200  
H    20.82600   20.67400   31.84000  
O    23.89100   22.39700   32.55600  
C    30.52800   20.07000   28.54700  
H    30.19300   19.78700   27.54600  
H    31.23300   20.90200   28.47800  
H    30.95200   19.22100   29.08800  
S    29.23700   20.54500   29.71900  
C    28.74800   18.82100   29.94400  
H    27.82500   18.80200   30.52900  
H    28.44900   18.58100   28.92000  
H    29.52700   18.21700   30.41600  
O    28.11600   21.17100   28.94900  
C    23.54500   21.23100   18.89400  
H    23.53800   20.96400   17.83400  
H    22.93100   22.09300   19.16600  
H    24.61600   21.37400   19.06200  
S    23.01100   19.70400   19.70000  
C    23.54500   20.26900   21.33200  
H    23.31000   19.40200   21.95400  
H    24.59200   20.57600   21.27700  
H    22.83800   21.04000   21.64800  
O    23.96900   18.67600   19.18600  
C    26.74400   20.92500   33.93200  
H    27.53600   21.67500   33.87900  
H    27.18300   19.95300   33.68900  
H    25.85100   21.25500   33.39500  
S    26.56700   20.57000   35.69500  
C    26.03300   22.25100   36.08800  
H    26.75500   22.96600   35.68700  
H    25.02100   22.42500   35.71300  
H    26.14800   22.39200   37.16600  
O    27.94300   20.45200   36.27400  
C    17.80300   21.09900   22.75100  
H    18.29900   20.12900   22.83900  
H    17.21000   21.27700   23.65100  
H    17.21500   21.21600   21.83700  
S    19.00800   22.44500   22.80000  
C    17.86900   23.72400   22.22200  
H    18.30000   24.71600   22.37800  
H    17.67300   23.66600   21.14800  
H    16.93400   23.68100   22.78600  
O    19.81100   22.22600   21.55500  
C    24.27000   13.49300   23.09500  
H    24.03700   12.88800   22.21500  
H    25.32500   13.28500   23.28600  
H    23.62500   13.28200   23.95200  
S    24.22600   15.27100   22.77400  
C    24.60100   15.82800   24.45200  
H    24.24100   16.86000   24.42400  
H    24.04200   15.27900   25.21500  
H    25.68100   15.83100   24.61900  
O    22.76500   15.44700   22.50000  
C    21.26000   27.70800   23.46700  
H    20.37600   28.07900   22.94300  
H    21.75300   28.60400   23.85100  
H    21.85900   27.10600   22.77900  
S    20.55600   26.89800   24.92100  
C    22.08600   26.27500   25.65400  
H    21.75900   25.65000   26.48900  
H    22.65900   25.77100   24.87100  
H    22.59700   27.19300   25.95400  
O    19.93700   25.61500   24.45800  
C    27.96700   25.81400   22.09900  
H    29.01800   25.94700   21.83000  
H    27.57300   24.79500   22.11100  
H    27.33800   26.48400   21.50800  
S    27.86700   26.60700   23.72000  
C    26.07400   26.47500   23.89800  
H    25.53500   27.08000   23.16400  
H    25.93100   25.40600   23.72300  
H    25.73300   26.62200   24.92600  
O    28.10100   28.02100   23.29000  
C    27.90000   15.57900   30.71200  
H    28.12700   14.52000   30.86000  
H    27.98500   15.84900   29.65700  
H    28.50100   16.26000   31.32200  
S    26.20300   15.80900   31.28800  
C    25.29300   15.01700   29.94300  
H    25.54300   13.95800   30.04900  
H    24.20700   15.09300   30.04300  
H    25.65800   15.57500   29.07700  
O    25.93700   17.26700   31.07800  
C    21.62900   18.54100   23.98400  
H    22.34700   19.36600   23.98000  
H    21.96000   17.50600   23.86900  
H    20.84900   18.77600   23.25600  
S    20.79100   18.57000   25.58400  
C    19.75600   17.17700   25.08100  
H    18.93100   16.87000   25.72900  
H    19.30600   17.44700   24.12200  
H    20.41100   16.33200   24.85900  
O    19.75300   19.63200   25.39200  
C    27.97400   17.85600   18.80100  
H    28.53500   17.30500   18.04200  
H    27.59400   18.76600   18.33000  
H    28.68000   18.20900   19.55700  
S    26.57000   17.00700   19.55800  
C    26.50300   18.18900   20.92300  
H    27.45400   18.18000   21.46300  
H    26.24800   19.17400   20.52300  
H    25.73900   17.97500   21.67400  
O    27.19200   15.78400   20.15600  
C    27.66700   22.11900   21.11600  
H    26.60200   22.36100   21.11800  
H    27.63700   21.04200   21.29900  
H    28.18900   22.68900   21.88900  
S    28.29000   22.44000   19.45000  
C    26.86300   23.33000   18.78900  
H    26.88000   24.36000   19.15200  
H    26.97100   23.28300   17.70200  
H    25.99900   22.73500   19.09500  
O    28.10600   21.03700   18.95900  
C    21.96900   25.02000   31.73700  
H    21.47600   24.49400   32.55900  
H    22.48400   24.17600   31.27100  
H    22.69400   25.75100   32.10400  
S    20.72400   25.73400   30.64000  
C    21.93100   26.38200   29.46200  
H    22.82600   26.68300   30.01200  
H    22.19500   25.52700   28.83400  
H    21.43300   27.18100   28.90800  
O    20.43800   27.03000   31.33400  
C    30.21500   18.54500   25.19200  
H    30.34600   17.97700   24.26700  
H    31.03200   19.26000   25.32000  
H    29.99300   17.99700   26.11100  
S    28.78900   19.63300   24.97200  
C    27.59200   18.36400   24.50300  
H    27.51000   17.71400   25.37800  
H    26.58400   18.65500   24.19700  
H    27.94100   17.65700   23.74700  
O    28.96300   20.31400   23.65000  
C    18.50000   20.17200   30.16400  
H    17.48300   20.34600   29.80500  
H    18.47800   19.77300   31.18100  
H    19.01800   21.13300   30.21500  
S    19.43300   19.07300   29.07400  
C    18.28700   17.68100   29.19700  
H    18.81400   16.75600   28.95100  
H    17.99500   17.71300   30.25000  
H    17.42800   18.00900   28.60600  
O    20.56100   18.54200   29.90400  
C    17.49200   22.97800   27.13500  
H    17.72200   21.91100   27.19900  
H    16.81700   23.22800   27.95800  
H    17.16200   23.25100   26.12900  
S    19.04900   23.79600   27.54700  
C    19.96300   22.89900   26.27200  
H    19.31300   22.52700   25.47600  
H    20.65300   23.64700   25.87300  
H    20.50000   22.06200   26.72400  
O    19.45100   23.11500   28.81800  
C    22.06400   24.43300   21.61700  
H    21.78300   24.59300   22.66100  
H    21.31300   24.83500   20.93200  
H    22.07300   23.35400   21.44500  
S    23.70700   25.18300   21.64200  
C    23.71100   25.49200   19.86100  
H    22.68400   25.77200   19.61300  
H    24.28600   26.41100   19.72300  
H    24.14900   24.62800   19.35400  
O    24.64900   24.03700   21.84500  
C    27.33400   27.01800   34.62000  
H    27.03000   28.05400   34.45400  
H    26.83800   26.47600   35.42900  
H    28.40300   27.11200   34.82900  
S    27.09500   26.19600   33.02900  
C    25.33900   25.82500   33.23100  
H    25.21900   25.10500   32.41800  
H    25.17000   25.40000   34.22300  
H    24.64600   26.65300   33.05700  
O    27.71100   24.84000   33.18000  
C    23.39200   17.99000   28.27600  
H    23.15000   19.04800   28.40500  
H    22.52400   17.57400   27.76000  
H    23.55300   17.52100   29.25000  
S    24.83200   17.87100   27.19000  
C    25.75300   18.98500   28.27500  
H    26.78800   19.03400   27.92600  
H    25.37900   20.00300   28.13700  
H    25.70600   18.66700   29.31900  
O    24.53400   18.69100   25.97400  
C    34.94200   22.81300   28.40500  
H    35.53900   22.48800   29.26100  
H    34.86500   21.91800   27.78200  
H    35.53100   23.61200   27.94800  
S    33.35100   23.48200   28.94000  
C    34.22900   24.50800   30.14100  
H    34.73500   25.30500   29.59000  
H    33.48200   25.03500   30.74100  
H    34.87200   23.82800   30.70500  
O    32.92100   22.40000   29.88100  
$end

$rem
JOBTYPE  SP
METHOD  B3LYP
BASIS  6-31+G(D)
SYMMETRY  FALSE
SYM_IGNORE  TRUE
MEM_TOTAL  12000
MEM_STATIC  4000
BASIS_LIN_DEP_THRESH  6
THRESH  14
SCF_CONVERGENCE  8
FD_MAT_VEC_PROD  FALSE
XC_GRID  000075000302
NL_GRID  1
MAX_SCF_CYCLES  200
SCF_GUESS  READ
GEN_SCFMAN  FALSE
SKIP_SCFMAN  TRUE
ESP_GRID  0
ESP_EFIELD  1
$end
