$molecule
0 1
--
0 1
C    26.92200   25.60400   26.07500  
C    26.52600   26.20600   27.43300  
C    25.23300   27.03700   27.39900  
C    24.11900   26.43000   26.52900  
C    24.66800   25.98200   25.16400  
C    25.81000   24.95500   25.23400  
H    24.89300   27.35100   28.39300  
H    26.25000   25.32600   28.02600  
H    27.35900   26.38200   25.43700  
H    27.80700   24.96000   26.15200  
H    23.77000   25.58000   27.12700  
H    23.35700   27.19800   26.34700  
H    23.84700   25.55700   24.57400  
H    24.93000   26.82800   24.51700  
H    25.44300   24.03500   25.70400  
H    26.13000   24.55800   24.26300  
H    25.47100   27.99300   26.91700  
N    27.64900   26.92800   28.03000  
H    28.21500   27.50900   27.42300  
C    28.17800   26.62700   29.26700  
H    29.18000   27.03200   29.49700  
O    27.64400   25.84900   30.03800  
--
0 1
C    22.86600   29.50900   25.06900  
H    21.83600   29.82500   25.25100  
H    22.98800   28.62600   24.43700  
H    23.49300   29.31300   25.94300  
S    23.60800   30.78400   24.02400  
C    22.39200   30.42500   22.73600  
H    22.68500   31.08300   21.91400  
H    22.49600   29.38000   22.43300  
H    21.37400   30.62700   23.08000  
O    24.81400   30.10700   23.45100  
C    24.38700   26.41300   30.81300  
H    25.17900   25.78200   30.40300  
H    23.41700   26.19800   30.35700  
H    24.64500   27.46200   30.64400  
S    24.37700   26.29700   32.61600  
C    23.77700   24.59500   32.52800  
H    22.96600   24.56900   31.79500  
H    24.56300   23.96600   32.10500  
H    23.38200   24.31600   33.50800  
O    23.18300   27.10700   33.01400  
C    28.65000   29.89200   31.42100  
H    27.60000   29.78100   31.13700  
H    28.82600   30.94500   31.65100  
H    29.43200   29.49300   30.76900  
S    28.82000   29.21300   33.08700  
C    28.50300   27.48300   32.67200  
H    27.47200   27.46400   32.31000  
H    29.28800   27.12700   32.00000  
H    28.66800   27.02700   33.65200  
O    27.59300   29.72700   33.77300  
C    33.86700   26.11700   31.21700  
H    33.64400   25.04800   31.17900  
H    33.93800   26.49200   30.19300  
H    34.68000   26.40400   31.88900  
S    32.36900   26.96900   31.76200  
C    32.03300   26.04200   33.27700  
H    32.90600   26.05400   33.93500  
H    31.11500   26.47600   33.68100  
H    31.83400   25.05600   32.85000  
O    31.37900   26.58100   30.70900  
C    27.26700   18.14800   19.92000  
H    26.25600   17.93800   19.56300  
H    27.87100   18.75600   19.24100  
H    27.68500   17.14200   20.00700  
S    27.21900   19.00600   21.51000  
C    28.87200   18.54000   22.07300  
H    28.95000   17.45500   21.96300  
H    29.65900   19.03200   21.49600  
H    28.94500   18.76800   23.13900  
O    26.35100   18.19500   22.42200  
C    31.61600   28.86300   28.39600  
H    31.18200   29.82000   28.09800  
H    31.44400   28.10600   27.62500  
H    31.24800   28.53900   29.37300  
S    33.34600   29.35800   28.55600  
C    33.17800   30.55200   29.90200  
H    32.17000   30.93200   29.71800  
H    33.24300   29.97200   30.82600  
H    33.98900   31.28400   29.93900  
O    33.53400   30.24000   27.36100  
C    28.73100   20.85400   29.99900  
H    27.79300   20.41300   30.34600  
H    29.20800   21.40300   30.81500  
H    28.67600   21.45700   29.08900  
S    29.86700   19.50400   29.61200  
C    29.85800   18.61000   31.18300  
H    28.88200   18.14000   31.32800  
H    30.63300   17.83900   31.19300  
H    30.09600   19.40900   31.88900  
O    31.19500   20.18900   29.52200  
C    27.55700   24.56600   19.89700  
H    28.17200   25.06500   19.14300  
H    26.50800   24.78700   19.68100  
H    27.77200   24.97300   20.88800  
S    27.98400   22.81100   19.96400  
C    27.52200   22.53700   18.23900  
H    27.43400   21.45400   18.11700  
H    26.59500   23.08100   18.03600  
H    28.28400   22.87300   17.53100  
O    26.88800   22.22100   20.79500  
C    30.34600   33.16600   27.58200  
H    30.88700   33.68200   26.78400  
H    30.88100   32.29500   27.96900  
H    29.37300   32.84100   27.20500  
S    30.08500   34.31800   28.94900  
C    31.79600   34.25300   29.52400  
H    32.10300   33.20900   29.42200  
H    32.42000   34.91900   28.92300  
H    31.74400   34.54800   30.57500  
O    29.38900   33.36700   29.87100  
C    28.02900   23.10600   35.06000  
H    28.72600   23.66100   35.69200  
H    27.17400   23.69100   34.71100  
H    27.66300   22.31000   35.71400  
S    28.74300   22.41500   33.55100  
C    28.84700   23.91600   32.55000  
H    29.33900   23.68000   31.60300  
H    27.83400   24.28200   32.36100  
H    29.33300   24.73800   33.08200  
O    27.71000   21.56900   32.87500  
C    20.47300   21.85000   27.20000  
H    19.61200   21.18000   27.12800  
H    21.46100   21.44100   26.97400  
H    20.49100   22.30100   28.19500  
S    19.95300   23.20900   26.12800  
C    21.55500   23.93400   26.54200  
H    22.32300   23.26500   26.14600  
H    21.77800   24.90000   26.08200  
H    21.71300   24.01100   27.62100  
O    18.96100   24.07800   26.83500  
C    30.81700   25.66700   20.76600  
H    29.73300   25.66900   20.62100  
H    31.23400   26.67700   20.73200  
H    31.29000   25.03500   20.01100  
S    31.08400   25.11300   22.46400  
C    30.04000   26.33600   23.28900  
H    29.11300   26.42000   22.71600  
H    29.93900   26.18200   24.36600  
H    30.46200   27.33900   23.18000  
O    32.47100   25.63600   22.67200  
C    18.73100   29.02600   24.70900  
H    19.41900   29.84200   24.94500  
H    17.68900   29.29100   24.51100  
H    18.70000   28.42100   25.61900  
S    19.56400   28.24600   23.30800  
C    18.27000   27.03500   22.95600  
H    18.16600   26.38100   23.82500  
H    17.38700   27.63300   22.71700  
H    18.60900   26.41200   22.12400  
O    20.62700   27.42200   23.96600  
C    20.39700   29.28300   31.73800  
H    19.99700   30.29900   31.79400  
H    21.27600   29.13400   32.37000  
H    20.68500   28.98700   30.72600  
S    19.05200   28.27000   32.39200  
C    20.00800   26.77500   32.73400  
H    20.58300   26.54300   31.83400  
H    20.69900   26.92200   33.56800  
H    19.12100   26.16000   32.90100  
O    18.29000   27.89100   31.16000  
C    21.89400   33.02300   26.73200  
H    22.36400   33.21600   25.76500  
H    22.37300   33.66000   27.48000  
H    22.05800   31.95400   26.89300  
S    20.18400   33.60400   26.65800  
C    19.84300   33.05000   28.34400  
H    18.76000   32.90700   28.39000  
H    20.30100   32.06800   28.48600  
H    20.23200   33.68000   29.14800  
O    19.68000   32.63300   25.63600  
C    27.69800   29.63100   24.51700  
H    27.45800   30.49700   23.89500  
H    28.33700   28.82700   24.14500  
H    26.73700   29.21500   24.83200  
S    28.55100   30.13800   26.02800  
C    30.02100   30.71300   25.15000  
H    30.91900   30.64300   25.76900  
H    30.09500   30.09800   24.24900  
H    29.86100   31.77100   24.92500  
O    29.06100   28.78400   26.41200  
C    18.93100   23.95100   30.56100  
H    18.06100   23.39100   30.91500  
H    19.03900   24.95900   30.97000  
H    18.95200   24.11200   29.48000  
S    20.41100   23.06400   31.09600  
C    19.93100   21.32200   31.09400  
H    19.02900   21.04800   31.64700  
H    19.72600   21.05600   30.05400  
H    20.77600   20.66500   31.31600  
O    20.41000   23.26000   32.58000  
C    29.23500   29.40100   20.32400  
H    29.54600   29.20700   21.35400  
H    30.08600   29.13600   19.69200  
H    29.12900   30.48900   20.30700  
S    27.71300   28.45800   20.07900  
C    26.61900   29.64300   20.89400  
H    26.95000   29.64800   21.93500  
H    26.76200   30.60600   20.39500  
H    25.60000   29.27600   20.75300  
O    27.82200   27.37400   21.10600  
C    25.27700   33.52700   26.10300  
H    25.02000   34.11600   25.21900  
H    25.09200   32.48100   25.84500  
H    24.63800   33.76800   26.95600  
S    26.96700   33.83300   26.66400  
C    26.86400   35.62900   26.83400  
H    27.77900   36.09100   27.21200  
H    26.60300   36.01800   25.84600  
H    26.02500   35.76000   27.52200  
O    27.80400   33.50200   25.46900  
C    24.91200   30.51700   28.68600  
H    25.40400   30.92600   27.80000  
H    25.64300   29.77800   29.02300  
H    23.91100   30.08500   28.60300  
S    24.74100   31.88400   29.85600  
C    23.45300   31.06100   30.82000  
H    22.44600   31.11300   30.39700  
H    23.72800   30.07100   31.19300  
H    23.33500   31.54600   31.79300  
O    24.12100   32.91600   28.96700  
C    19.27000   22.66600   20.04400  
H    18.54300   21.88900   20.29300  
H    19.22200   22.93000   18.98500  
H    20.26800   22.41100   20.41100  
S    18.69500   24.15900   20.88500  
C    18.82400   23.56600   22.58700  
H    19.90200   23.49600   22.75300  
H    18.25500   24.19100   23.28000  
H    18.29100   22.61300   22.55800  
O    17.20300   24.03400   20.90100  
C    19.58700   28.68100   28.03200  
H    18.75300   28.07800   27.66500  
H    19.64400   28.86200   29.10900  
H    19.55000   29.63100   27.49400  
S    21.08900   27.75600   27.63900  
C    20.49100   26.43000   28.71000  
H    19.70300   25.87600   28.19500  
H    21.37600   25.81500   28.89500  
H    20.10800   26.75000   29.68300  
O    22.14500   28.50400   28.39100  
C    24.35200   20.77600   22.62500  
H    24.65200   21.80400   22.40400  
H    25.19700   20.29300   23.12300  
H    24.02400   20.15700   21.78600  
S    22.90700   20.68200   23.70600  
C    22.19900   22.21100   23.05300  
H    22.93300   22.99000   23.27400  
H    21.97400   22.02100   22.00000  
H    21.26900   22.33500   23.61500  
O    23.44800   21.10100   25.03700  
C    25.70300   22.84100   28.83900  
H    26.28400   23.61500   29.34600  
H    26.32100   21.94100   28.90000  
H    25.52900   23.05500   27.78100  
S    24.19000   22.61100   29.79800  
C    23.40200   21.21700   28.96200  
H    23.25300   21.47200   27.90900  
H    24.07900   20.37000   29.09800  
H    22.45100   21.00700   29.45900  
O    23.27400   23.75200   29.48500  
C    21.54000   26.99900   20.85400  
H    20.44900   26.95300   20.79800  
H    21.75400   27.95500   21.33900  
H    21.94100   26.89700   19.84300  
S    22.23300   25.63700   21.81800  
C    23.99800   25.95800   21.60200  
H    24.71000   25.16700   21.85100  
H    24.15300   26.15000   20.53700  
H    24.23400   26.90300   22.09800  
O    21.94000   24.46000   20.94100  
C    30.37300   20.78300   24.94700  
H    30.40000   19.92400   24.27200  
H    31.38700   21.15300   25.12000  
H    29.80700   20.76900   25.88200  
S    29.74800   22.23500   24.07100  
C    27.98800   21.82900   24.00200  
H    27.94600   20.74600   23.85600  
H    27.61800   22.12400   24.98700  
H    27.52900   22.46200   23.23900  
O    30.22500   22.03300   22.66700  
C    26.26000   26.95400   36.15500  
H    25.67300   26.04600   36.31700  
H    25.77500   27.86200   36.52200  
H    26.66700   27.01000   35.14200  
S    27.65100   26.56200   37.23800  
C    28.05300   28.30600   37.48500  
H    27.32100   28.65200   38.21900  
H    29.00900   28.20400   38.00600  
H    28.01200   28.89900   36.56800  
O    28.62600   26.07700   36.21000  
C    28.12400   17.73100   26.87400  
H    28.21600   17.22400   25.91000  
H    28.82000   18.57300   26.85900  
H    28.60900   17.06300   27.59000  
S    26.43100   18.29700   27.15800  
C    26.57200   19.76200   26.11000  
H    26.62800   19.33900   25.10400  
H    25.76900   20.49000   26.25400  
H    27.46000   20.32000   26.41800  
O    26.40000   18.92500   28.51600  
C    31.66400   32.53900   32.90100  
H    31.81500   32.28800   31.84800  
H    30.67500   32.24000   33.25900  
H    31.95600   33.57400   33.10000  
S    32.86100   31.49900   33.76800  
C    34.31500   32.10800   32.88500  
H    34.42300   33.17600   33.08700  
H    35.13500   31.48100   33.24600  
H    34.21000   31.89100   31.81900  
O    32.79200   30.06300   33.35300  
C    24.56800   20.01300   19.12500  
H    25.20000   20.05900   18.23400  
H    25.09800   20.45900   19.97100  
H    24.31200   18.96800   19.31700  
S    23.01300   20.84100   18.72400  
C    23.52900   22.57300   18.72300  
H    23.97300   22.80200   19.69500  
H    24.28400   22.77000   17.95700  
H    22.60800   23.15500   18.63800  
O    22.11300   20.51400   19.87500  
C    30.97700   23.86000   29.20200  
H    31.17600   23.02900   29.88300  
H    31.74100   24.63100   29.33200  
H    29.96900   24.22400   29.41500  
S    31.02100   23.08900   27.56800  
C    31.57900   24.63900   26.82600  
H    31.54200   24.25000   25.80500  
H    30.96200   25.50800   27.06900  
H    32.62400   24.79500   27.10300  
O    29.57400   22.97000   27.20400  
$end

$rem
JOBTYPE  SP
METHOD  B3LYP
BASIS  6-31+G(D)
SYMMETRY  FALSE
SYM_IGNORE  TRUE
MEM_TOTAL  12000
MEM_STATIC  4000
BASIS_LIN_DEP_THRESH  6
THRESH  14
SCF_CONVERGENCE  8
FD_MAT_VEC_PROD  FALSE
XC_GRID  000075000302
NL_GRID  1
MAX_SCF_CYCLES  200
ENV_METHOD  B3LYP
GEN_SCFMAN_EMBED  TRUE
SPADE_PARTITION  TRUE
EMBEDDING_EARLY_STOP  TRUE
$end

@@@

$molecule
0 1
@C    26.92200   25.60400   26.07500  
@C    26.52600   26.20600   27.43300  
@C    25.23300   27.03700   27.39900  
@C    24.11900   26.43000   26.52900  
@C    24.66800   25.98200   25.16400  
@C    25.81000   24.95500   25.23400  
@H    24.89300   27.35100   28.39300  
@H    26.25000   25.32600   28.02600  
@H    27.35900   26.38200   25.43700  
@H    27.80700   24.96000   26.15200  
@H    23.77000   25.58000   27.12700  
@H    23.35700   27.19800   26.34700  
@H    23.84700   25.55700   24.57400  
@H    24.93000   26.82800   24.51700  
@H    25.44300   24.03500   25.70400  
@H    26.13000   24.55800   24.26300  
@H    25.47100   27.99300   26.91700  
@N    27.64900   26.92800   28.03000  
@H    28.21500   27.50900   27.42300  
@C    28.17800   26.62700   29.26700  
@H    29.18000   27.03200   29.49700  
@O    27.64400   25.84900   30.03800  
C    22.86600   29.50900   25.06900  
H    21.83600   29.82500   25.25100  
H    22.98800   28.62600   24.43700  
H    23.49300   29.31300   25.94300  
S    23.60800   30.78400   24.02400  
C    22.39200   30.42500   22.73600  
H    22.68500   31.08300   21.91400  
H    22.49600   29.38000   22.43300  
H    21.37400   30.62700   23.08000  
O    24.81400   30.10700   23.45100  
C    24.38700   26.41300   30.81300  
H    25.17900   25.78200   30.40300  
H    23.41700   26.19800   30.35700  
H    24.64500   27.46200   30.64400  
S    24.37700   26.29700   32.61600  
C    23.77700   24.59500   32.52800  
H    22.96600   24.56900   31.79500  
H    24.56300   23.96600   32.10500  
H    23.38200   24.31600   33.50800  
O    23.18300   27.10700   33.01400  
C    28.65000   29.89200   31.42100  
H    27.60000   29.78100   31.13700  
H    28.82600   30.94500   31.65100  
H    29.43200   29.49300   30.76900  
S    28.82000   29.21300   33.08700  
C    28.50300   27.48300   32.67200  
H    27.47200   27.46400   32.31000  
H    29.28800   27.12700   32.00000  
H    28.66800   27.02700   33.65200  
O    27.59300   29.72700   33.77300  
C    33.86700   26.11700   31.21700  
H    33.64400   25.04800   31.17900  
H    33.93800   26.49200   30.19300  
H    34.68000   26.40400   31.88900  
S    32.36900   26.96900   31.76200  
C    32.03300   26.04200   33.27700  
H    32.90600   26.05400   33.93500  
H    31.11500   26.47600   33.68100  
H    31.83400   25.05600   32.85000  
O    31.37900   26.58100   30.70900  
C    27.26700   18.14800   19.92000  
H    26.25600   17.93800   19.56300  
H    27.87100   18.75600   19.24100  
H    27.68500   17.14200   20.00700  
S    27.21900   19.00600   21.51000  
C    28.87200   18.54000   22.07300  
H    28.95000   17.45500   21.96300  
H    29.65900   19.03200   21.49600  
H    28.94500   18.76800   23.13900  
O    26.35100   18.19500   22.42200  
C    31.61600   28.86300   28.39600  
H    31.18200   29.82000   28.09800  
H    31.44400   28.10600   27.62500  
H    31.24800   28.53900   29.37300  
S    33.34600   29.35800   28.55600  
C    33.17800   30.55200   29.90200  
H    32.17000   30.93200   29.71800  
H    33.24300   29.97200   30.82600  
H    33.98900   31.28400   29.93900  
O    33.53400   30.24000   27.36100  
C    28.73100   20.85400   29.99900  
H    27.79300   20.41300   30.34600  
H    29.20800   21.40300   30.81500  
H    28.67600   21.45700   29.08900  
S    29.86700   19.50400   29.61200  
C    29.85800   18.61000   31.18300  
H    28.88200   18.14000   31.32800  
H    30.63300   17.83900   31.19300  
H    30.09600   19.40900   31.88900  
O    31.19500   20.18900   29.52200  
C    27.55700   24.56600   19.89700  
H    28.17200   25.06500   19.14300  
H    26.50800   24.78700   19.68100  
H    27.77200   24.97300   20.88800  
S    27.98400   22.81100   19.96400  
C    27.52200   22.53700   18.23900  
H    27.43400   21.45400   18.11700  
H    26.59500   23.08100   18.03600  
H    28.28400   22.87300   17.53100  
O    26.88800   22.22100   20.79500  
C    30.34600   33.16600   27.58200  
H    30.88700   33.68200   26.78400  
H    30.88100   32.29500   27.96900  
H    29.37300   32.84100   27.20500  
S    30.08500   34.31800   28.94900  
C    31.79600   34.25300   29.52400  
H    32.10300   33.20900   29.42200  
H    32.42000   34.91900   28.92300  
H    31.74400   34.54800   30.57500  
O    29.38900   33.36700   29.87100  
C    28.02900   23.10600   35.06000  
H    28.72600   23.66100   35.69200  
H    27.17400   23.69100   34.71100  
H    27.66300   22.31000   35.71400  
S    28.74300   22.41500   33.55100  
C    28.84700   23.91600   32.55000  
H    29.33900   23.68000   31.60300  
H    27.83400   24.28200   32.36100  
H    29.33300   24.73800   33.08200  
O    27.71000   21.56900   32.87500  
C    20.47300   21.85000   27.20000  
H    19.61200   21.18000   27.12800  
H    21.46100   21.44100   26.97400  
H    20.49100   22.30100   28.19500  
S    19.95300   23.20900   26.12800  
C    21.55500   23.93400   26.54200  
H    22.32300   23.26500   26.14600  
H    21.77800   24.90000   26.08200  
H    21.71300   24.01100   27.62100  
O    18.96100   24.07800   26.83500  
C    30.81700   25.66700   20.76600  
H    29.73300   25.66900   20.62100  
H    31.23400   26.67700   20.73200  
H    31.29000   25.03500   20.01100  
S    31.08400   25.11300   22.46400  
C    30.04000   26.33600   23.28900  
H    29.11300   26.42000   22.71600  
H    29.93900   26.18200   24.36600  
H    30.46200   27.33900   23.18000  
O    32.47100   25.63600   22.67200  
C    18.73100   29.02600   24.70900  
H    19.41900   29.84200   24.94500  
H    17.68900   29.29100   24.51100  
H    18.70000   28.42100   25.61900  
S    19.56400   28.24600   23.30800  
C    18.27000   27.03500   22.95600  
H    18.16600   26.38100   23.82500  
H    17.38700   27.63300   22.71700  
H    18.60900   26.41200   22.12400  
O    20.62700   27.42200   23.96600  
C    20.39700   29.28300   31.73800  
H    19.99700   30.29900   31.79400  
H    21.27600   29.13400   32.37000  
H    20.68500   28.98700   30.72600  
S    19.05200   28.27000   32.39200  
C    20.00800   26.77500   32.73400  
H    20.58300   26.54300   31.83400  
H    20.69900   26.92200   33.56800  
H    19.12100   26.16000   32.90100  
O    18.29000   27.89100   31.16000  
C    21.89400   33.02300   26.73200  
H    22.36400   33.21600   25.76500  
H    22.37300   33.66000   27.48000  
H    22.05800   31.95400   26.89300  
S    20.18400   33.60400   26.65800  
C    19.84300   33.05000   28.34400  
H    18.76000   32.90700   28.39000  
H    20.30100   32.06800   28.48600  
H    20.23200   33.68000   29.14800  
O    19.68000   32.63300   25.63600  
C    27.69800   29.63100   24.51700  
H    27.45800   30.49700   23.89500  
H    28.33700   28.82700   24.14500  
H    26.73700   29.21500   24.83200  
S    28.55100   30.13800   26.02800  
C    30.02100   30.71300   25.15000  
H    30.91900   30.64300   25.76900  
H    30.09500   30.09800   24.24900  
H    29.86100   31.77100   24.92500  
O    29.06100   28.78400   26.41200  
C    18.93100   23.95100   30.56100  
H    18.06100   23.39100   30.91500  
H    19.03900   24.95900   30.97000  
H    18.95200   24.11200   29.48000  
S    20.41100   23.06400   31.09600  
C    19.93100   21.32200   31.09400  
H    19.02900   21.04800   31.64700  
H    19.72600   21.05600   30.05400  
H    20.77600   20.66500   31.31600  
O    20.41000   23.26000   32.58000  
C    29.23500   29.40100   20.32400  
H    29.54600   29.20700   21.35400  
H    30.08600   29.13600   19.69200  
H    29.12900   30.48900   20.30700  
S    27.71300   28.45800   20.07900  
C    26.61900   29.64300   20.89400  
H    26.95000   29.64800   21.93500  
H    26.76200   30.60600   20.39500  
H    25.60000   29.27600   20.75300  
O    27.82200   27.37400   21.10600  
C    25.27700   33.52700   26.10300  
H    25.02000   34.11600   25.21900  
H    25.09200   32.48100   25.84500  
H    24.63800   33.76800   26.95600  
S    26.96700   33.83300   26.66400  
C    26.86400   35.62900   26.83400  
H    27.77900   36.09100   27.21200  
H    26.60300   36.01800   25.84600  
H    26.02500   35.76000   27.52200  
O    27.80400   33.50200   25.46900  
C    24.91200   30.51700   28.68600  
H    25.40400   30.92600   27.80000  
H    25.64300   29.77800   29.02300  
H    23.91100   30.08500   28.60300  
S    24.74100   31.88400   29.85600  
C    23.45300   31.06100   30.82000  
H    22.44600   31.11300   30.39700  
H    23.72800   30.07100   31.19300  
H    23.33500   31.54600   31.79300  
O    24.12100   32.91600   28.96700  
C    19.27000   22.66600   20.04400  
H    18.54300   21.88900   20.29300  
H    19.22200   22.93000   18.98500  
H    20.26800   22.41100   20.41100  
S    18.69500   24.15900   20.88500  
C    18.82400   23.56600   22.58700  
H    19.90200   23.49600   22.75300  
H    18.25500   24.19100   23.28000  
H    18.29100   22.61300   22.55800  
O    17.20300   24.03400   20.90100  
C    19.58700   28.68100   28.03200  
H    18.75300   28.07800   27.66500  
H    19.64400   28.86200   29.10900  
H    19.55000   29.63100   27.49400  
S    21.08900   27.75600   27.63900  
C    20.49100   26.43000   28.71000  
H    19.70300   25.87600   28.19500  
H    21.37600   25.81500   28.89500  
H    20.10800   26.75000   29.68300  
O    22.14500   28.50400   28.39100  
C    24.35200   20.77600   22.62500  
H    24.65200   21.80400   22.40400  
H    25.19700   20.29300   23.12300  
H    24.02400   20.15700   21.78600  
S    22.90700   20.68200   23.70600  
C    22.19900   22.21100   23.05300  
H    22.93300   22.99000   23.27400  
H    21.97400   22.02100   22.00000  
H    21.26900   22.33500   23.61500  
O    23.44800   21.10100   25.03700  
C    25.70300   22.84100   28.83900  
H    26.28400   23.61500   29.34600  
H    26.32100   21.94100   28.90000  
H    25.52900   23.05500   27.78100  
S    24.19000   22.61100   29.79800  
C    23.40200   21.21700   28.96200  
H    23.25300   21.47200   27.90900  
H    24.07900   20.37000   29.09800  
H    22.45100   21.00700   29.45900  
O    23.27400   23.75200   29.48500  
C    21.54000   26.99900   20.85400  
H    20.44900   26.95300   20.79800  
H    21.75400   27.95500   21.33900  
H    21.94100   26.89700   19.84300  
S    22.23300   25.63700   21.81800  
C    23.99800   25.95800   21.60200  
H    24.71000   25.16700   21.85100  
H    24.15300   26.15000   20.53700  
H    24.23400   26.90300   22.09800  
O    21.94000   24.46000   20.94100  
C    30.37300   20.78300   24.94700  
H    30.40000   19.92400   24.27200  
H    31.38700   21.15300   25.12000  
H    29.80700   20.76900   25.88200  
S    29.74800   22.23500   24.07100  
C    27.98800   21.82900   24.00200  
H    27.94600   20.74600   23.85600  
H    27.61800   22.12400   24.98700  
H    27.52900   22.46200   23.23900  
O    30.22500   22.03300   22.66700  
C    26.26000   26.95400   36.15500  
H    25.67300   26.04600   36.31700  
H    25.77500   27.86200   36.52200  
H    26.66700   27.01000   35.14200  
S    27.65100   26.56200   37.23800  
C    28.05300   28.30600   37.48500  
H    27.32100   28.65200   38.21900  
H    29.00900   28.20400   38.00600  
H    28.01200   28.89900   36.56800  
O    28.62600   26.07700   36.21000  
C    28.12400   17.73100   26.87400  
H    28.21600   17.22400   25.91000  
H    28.82000   18.57300   26.85900  
H    28.60900   17.06300   27.59000  
S    26.43100   18.29700   27.15800  
C    26.57200   19.76200   26.11000  
H    26.62800   19.33900   25.10400  
H    25.76900   20.49000   26.25400  
H    27.46000   20.32000   26.41800  
O    26.40000   18.92500   28.51600  
C    31.66400   32.53900   32.90100  
H    31.81500   32.28800   31.84800  
H    30.67500   32.24000   33.25900  
H    31.95600   33.57400   33.10000  
S    32.86100   31.49900   33.76800  
C    34.31500   32.10800   32.88500  
H    34.42300   33.17600   33.08700  
H    35.13500   31.48100   33.24600  
H    34.21000   31.89100   31.81900  
O    32.79200   30.06300   33.35300  
C    24.56800   20.01300   19.12500  
H    25.20000   20.05900   18.23400  
H    25.09800   20.45900   19.97100  
H    24.31200   18.96800   19.31700  
S    23.01300   20.84100   18.72400  
C    23.52900   22.57300   18.72300  
H    23.97300   22.80200   19.69500  
H    24.28400   22.77000   17.95700  
H    22.60800   23.15500   18.63800  
O    22.11300   20.51400   19.87500  
C    30.97700   23.86000   29.20200  
H    31.17600   23.02900   29.88300  
H    31.74100   24.63100   29.33200  
H    29.96900   24.22400   29.41500  
S    31.02100   23.08900   27.56800  
C    31.57900   24.63900   26.82600  
H    31.54200   24.25000   25.80500  
H    30.96200   25.50800   27.06900  
H    32.62400   24.79500   27.10300  
O    29.57400   22.97000   27.20400  
$end

$rem
JOBTYPE  SP
METHOD  B3LYP
BASIS  6-31+G(D)
SYMMETRY  FALSE
SYM_IGNORE  TRUE
MEM_TOTAL  12000
MEM_STATIC  4000
BASIS_LIN_DEP_THRESH  6
THRESH  14
SCF_CONVERGENCE  8
FD_MAT_VEC_PROD  FALSE
XC_GRID  000075000302
NL_GRID  1
MAX_SCF_CYCLES  200
SCF_GUESS  READ
GEN_SCFMAN  FALSE
SKIP_SCFMAN  TRUE
ESP_GRID  0
ESP_EFIELD  1
$end
