$molecule
0 1
--
0 1
C    26.27900   20.16000   27.31400  
C    26.24200   21.67600   27.05700  
C    27.62200   22.08000   26.51400  
C    28.03400   21.29300   25.25900  
C    27.96900   19.77400   25.48400  
C    26.60400   19.34800   26.05000  
H    27.73700   23.16600   26.41500  
H    25.53600   21.77900   26.22400  
H    27.04200   19.97000   28.08000  
H    25.34400   19.82400   27.77900  
H    27.37500   21.49300   24.40500  
H    29.03200   21.63300   24.95400  
H    28.25100   19.12500   24.64600  
H    28.66700   19.53400   26.29500  
H    25.78200   19.56400   25.35700  
H    26.66300   18.28900   26.33000  
H    28.33000   21.91900   27.33600  
N    25.91500   22.49500   28.22300  
H    26.00400   22.11400   29.15700  
C    25.48600   23.80600   28.22400  
H    25.26200   24.10200   29.26500  
O    25.36800   24.46500   27.20700  
--
0 1
C    23.99500   29.92400   24.15700  
H    23.99200   30.41200   23.18000  
H    23.30500   30.43200   24.83600  
H    24.97400   29.71800   24.59600  
S    23.23500   28.30500   23.89600  
C    21.72200   28.96400   23.16000  
H    21.01400   28.23100   22.76500  
H    21.17500   29.54400   23.90800  
H    22.14300   29.62500   22.39800  
O    22.71000   27.99900   25.26400  
C    28.79200   27.19500   31.00800  
H    27.85900   27.41600   30.48400  
H    28.98600   27.77400   31.91400  
H    29.59600   27.37600   30.29000  
S    29.10700   25.44400   31.32400  
C    29.79000   25.60700   32.98900  
H    30.25400   24.63300   33.16600  
H    30.61000   26.32300   32.89700  
H    29.07800   25.82000   33.79100  
O    30.35400   25.14500   30.55100  
C    29.49900   21.03900   32.26900  
H    28.63000   20.72900   31.68400  
H    29.59000   22.08000   31.94800  
H    30.31800   20.32100   32.18800  
S    28.90700   21.02300   33.97600  
C    30.56500   21.16700   34.68000  
H    30.40500   21.43700   35.72700  
H    30.95000   20.14800   34.58600  
H    31.02500   22.03200   34.19600  
O    28.64400   19.57000   34.22500  
C    31.54800   21.12100   29.60000  
H    31.02100   21.50200   28.72000  
H    31.52100   20.03000   29.66000  
H    31.22100   21.69800   30.46900  
S    33.25400   21.67400   29.37800  
C    32.77300   23.41300   29.28000  
H    32.29200   23.64900   28.32800  
H    32.10800   23.77400   30.06900  
H    33.75300   23.89600   29.22500  
O    33.38200   21.29000   27.93700  
C    30.54200   14.83100   27.33100  
H    31.58400   15.12000   27.17400  
H    29.94100   15.52300   27.92600  
H    30.47400   13.85100   27.81000  
S    29.79100   14.81200   25.68700  
C    30.37400   16.47600   25.29500  
H    31.46100   16.48800   25.17900  
H    29.82900   16.75000   24.38800  
H    30.11900   17.16000   26.10900  
O    28.32800   15.05000   25.90000  
C    24.38700   18.81800   30.15200  
H    23.91400   19.68800   29.69100  
H    25.06300   18.33000   29.44600  
H    23.68200   18.15800   30.66500  
S    25.51900   19.56500   31.34700  
C    24.03300   20.09400   32.22900  
H    23.56900   19.17000   32.58400  
H    24.29900   20.64500   33.13500  
H    23.39900   20.66300   31.54500  
O    26.04300   20.76300   30.61800  
C    24.91700   21.01000   22.88200  
H    25.99800   20.85100   22.86700  
H    24.69600   21.93300   23.42400  
H    24.46700   20.13700   23.36000  
S    24.51400   21.32700   21.14900  
C    22.80600   20.79200   21.39300  
H    22.76900   19.82600   21.90200  
H    22.37900   21.63300   21.94500  
H    22.33500   20.63900   20.41900  
O    25.31000   20.30600   20.39700  
C    26.60600   27.90100   27.34400  
H    26.41500   28.01400   26.27400  
H    27.20500   28.74300   27.70000  
H    27.16100   26.97800   27.53100  
S    25.00900   27.74400   28.17300  
C    24.66500   29.51100   28.02100  
H    25.56800   29.98800   28.41100  
H    24.47500   29.60200   26.94900  
H    23.74600   29.72800   28.57100  
O    25.32700   27.61300   29.63000  
C    21.27100   16.45100   29.91900  
H    22.34400   16.24000   29.89000  
H    20.67100   15.55000   29.77200  
H    20.94000   17.25100   29.25400  
S    20.80500   17.14700   31.52000  
C    19.03600   17.19400   31.15300  
H    18.49500   17.58300   32.01900  
H    18.83000   17.93500   30.37600  
H    18.61900   16.22700   30.86300  
O    21.31100   18.54600   31.35500  
C    33.10100   15.61300   31.32700  
H    32.50000   16.19600   32.02900  
H    32.68200   14.66100   30.99000  
H    34.14900   15.52900   31.62500  
S    33.02400   16.65400   29.85100  
C    33.86000   18.15000   30.42300  
H    34.82500   17.85300   30.84200  
H    33.99300   18.90700   29.64600  
H    33.25300   18.55700   31.23500  
O    31.55900   16.91400   30.01800  
C    26.04200   24.75800   24.20800  
H    26.88200   25.00100   24.86400  
H    25.17300   25.41600   24.29800  
H    25.70100   23.73400   24.38200  
S    26.64400   24.72500   22.50500  
C    26.46800   26.49100   22.16400  
H    25.44100   26.65400   21.82700  
H    26.54500   27.02400   23.11500  
H    27.24200   26.68200   21.41700  
O    25.47900   24.15600   21.75700  
C    29.47800   25.97300   26.12100  
H    28.72300   26.56300   25.59400  
H    29.17200   25.03300   26.58700  
H    29.93900   26.56700   26.91400  
S    30.88200   25.49200   25.09000  
C    30.61200   26.93900   24.04100  
H    29.57500   26.85100   23.70900  
H    30.56200   27.89800   24.56300  
H    31.23000   26.97500   23.14000  
O    30.27100   24.45800   24.19600  
C    24.97300   29.75800   32.37500  
H    24.85500   29.13200   31.48700  
H    24.02400   29.92700   32.89100  
H    25.49000   30.67600   32.08600  
S    26.22200   29.11800   33.51400  
C    25.29200   27.80900   34.34200  
H    24.32700   28.16000   34.71700  
H    25.14800   27.02200   33.59800  
H    25.86100   27.48500   35.21800  
O    26.52200   30.15200   34.55400  
C    28.18900   14.93900   30.13800  
H    27.50100   15.09800   30.97300  
H    28.03200   13.99100   29.61800  
H    29.21700   14.97400   30.50600  
S    27.83600   16.32800   29.03600  
C    28.19600   17.58200   30.28600  
H    27.77000   17.39700   31.27600  
H    29.28700   17.54900   30.34300  
H    27.85500   18.55300   29.91900  
O    26.34200   16.31900   28.95600  
C    31.99700   21.37300   24.21000  
H    32.99100   21.40000   23.75400  
H    31.27100   21.86700   23.56000  
H    31.90700   21.89500   25.16500  
S    31.47500   19.66000   24.45500  
C    33.06900   19.40400   25.26800  
H    33.84300   19.92700   24.70000  
H    32.92300   19.83200   26.26300  
H    33.25200   18.32700   25.25600  
O    31.65400   19.02900   23.11000  
C    28.97600   19.67200   19.95900  
H    29.03900   18.81500   20.63400  
H    27.99900   20.16100   19.90600  
H    29.26300   19.36900   18.94900  
S    30.18000   20.93500   20.42800  
C    29.16300   21.67700   21.72400  
H    28.23800   22.12700   21.35600  
H    29.02700   20.80000   22.36400  
H    29.73700   22.34800   22.36900  
O    30.07500   21.87600   19.26900  
C    22.18300   25.76100   29.23300  
H    21.65600   26.56500   28.71300  
H    23.26500   25.91500   29.20500  
H    21.88400   24.80400   28.79800  
S    21.68700   25.84600   30.96900  
C    22.79200   27.12700   31.60400  
H    22.44700   28.03100   31.09600  
H    22.65500   27.11900   32.68800  
H    23.83500   26.96800   31.31900  
O    22.55300   24.71400   31.42800  
C    24.34100   13.66300   28.83800  
H    23.75900   13.60900   29.76200  
H    25.13400   14.41600   28.83000  
H    23.66700   14.04900   28.06900  
S    25.00200   12.13700   28.13300  
C    25.80200   12.98300   26.75000  
H    25.14900   13.78800   26.40500  
H    26.67600   13.41900   27.24000  
H    26.03800   12.24800   25.97600  
O    23.67500   11.61200   27.68200  
C    27.45400   17.91300   22.46500  
H    28.46900   17.85600   22.86500  
H    27.30000   18.80000   21.84500  
H    26.79300   17.86400   23.33400  
S    26.96500   16.57600   21.35300  
C    27.13200   15.09100   22.37000  
H    28.19500   14.84000   22.34600  
H    26.71800   15.27800   23.36400  
H    26.67000   14.24600   21.85400  
O    28.21600   16.55900   20.53200  
C    22.65900   21.84100   28.08200  
H    21.86600   22.52400   28.39600  
H    22.99700   21.15000   28.85800  
H    23.43000   22.49800   27.67100  
S    22.18600   20.87200   26.63200  
C    21.75500   19.35200   27.50900  
H    20.72200   19.44100   27.85500  
H    21.81300   18.48200   26.85000  
H    22.48700   19.17500   28.30200  
O    23.41700   20.35500   25.95600  
C    17.91100   24.85300   30.83200  
H    17.25300   23.98600   30.73600  
H    18.74100   24.55800   31.47900  
H    17.49500   25.78500   31.22300  
S    18.68100   25.24100   29.24400  
C    17.15100   25.04600   28.30200  
H    16.82200   24.00600   28.37200  
H    16.51900   25.72800   28.87700  
H    17.41700   25.34900   27.28600  
O    19.45000   24.04300   28.78000  
C    22.66200   24.12800   25.23300  
H    23.47200   23.54400   24.78900  
H    22.84700   25.19800   25.35400  
H    22.32700   23.72400   26.19200  
S    21.22000   24.10100   24.14400  
C    20.15700   24.90900   25.36100  
H    20.32700   25.98600   25.45000  
H    19.10900   24.74400   25.09800  
H    20.27500   24.45200   26.34700  
O    20.79200   22.67600   24.31000  
C    35.36600   23.13100   25.74900  
H    35.83900   22.69800   24.86400  
H    36.23700   23.11500   26.41000  
H    34.66200   22.42300   26.19300  
S    34.68200   24.79400   25.56800  
C    34.10400   24.43600   23.89400  
H    33.43900   25.23800   23.56400  
H    35.01700   24.52800   23.30100  
H    33.59800   23.46800   23.94600  
O    35.77900   25.80200   25.41700  
C    25.84400   23.57900   32.34700  
H    26.84900   23.39500   31.96100  
H    25.13400   22.80100   32.05500  
H    25.48900   24.47300   31.82700  
S    25.75800   23.68100   34.14900  
C    24.06900   24.23900   34.46400  
H    23.51300   24.36800   33.53200  
H    23.46500   23.67800   35.18200  
H    24.32400   25.18900   34.93900  
O    26.64400   24.84500   34.46800  
C    24.27700   16.62700   24.87900  
H    24.57900   17.46500   25.51300  
H    23.38100   16.11000   25.23000  
H    25.05000   15.89000   24.65000  
S    23.83900   17.39800   23.30400  
C    22.07100   17.60000   23.62200  
H    21.83200   18.34600   24.38500  
H    21.67600   17.92200   22.65500  
H    21.69000   16.60600   23.86800  
O    23.88500   16.24700   22.34900  
C    31.76600   24.62300   20.63700  
H    32.30200   25.22000   19.89500  
H    32.10800   24.70000   21.67300  
H    31.70300   23.60000   20.25900  
S    30.08500   25.27700   20.51400  
C    29.95200   25.23300   18.71300  
H    30.80100   25.84200   18.39200  
H    30.03000   24.19700   18.37400  
H    28.96800   25.64200   18.46700  
O    30.11000   26.76600   20.66200  
$end

$rem
JOBTYPE  SP
METHOD  B3LYP
BASIS  6-31+G(D)
SYMMETRY  FALSE
SYM_IGNORE  TRUE
MEM_TOTAL  16000
MEM_STATIC  8000
MAX_SUB_FILE_NUM  16000
BASIS_LIN_DEP_THRESH  6
THRESH  14
SCF_CONVERGENCE  8
GEN_SCFMAN  TRUE
SCF_GUESS  SAD
FD_MAT_VEC_PROD  FALSE
XC_GRID  000075000302
NL_GRID  1
MAX_SCF_CYCLES  200
ENV_METHOD  B3LYP
GEN_SCFMAN_EMBED  TRUE
SPADE_PARTITION  TRUE
$end

$development
embedding_early_stop  1
$end

@@@

$molecule
0 1
@C    26.27900   20.16000   27.31400  
@C    26.24200   21.67600   27.05700  
@C    27.62200   22.08000   26.51400  
@C    28.03400   21.29300   25.25900  
@C    27.96900   19.77400   25.48400  
@C    26.60400   19.34800   26.05000  
@H    27.73700   23.16600   26.41500  
@H    25.53600   21.77900   26.22400  
@H    27.04200   19.97000   28.08000  
@H    25.34400   19.82400   27.77900  
@H    27.37500   21.49300   24.40500  
@H    29.03200   21.63300   24.95400  
@H    28.25100   19.12500   24.64600  
@H    28.66700   19.53400   26.29500  
@H    25.78200   19.56400   25.35700  
@H    26.66300   18.28900   26.33000  
@H    28.33000   21.91900   27.33600  
@N    25.91500   22.49500   28.22300  
@H    26.00400   22.11400   29.15700  
@C    25.48600   23.80600   28.22400  
@H    25.26200   24.10200   29.26500  
@O    25.36800   24.46500   27.20700  
C    23.99500   29.92400   24.15700  
H    23.99200   30.41200   23.18000  
H    23.30500   30.43200   24.83600  
H    24.97400   29.71800   24.59600  
S    23.23500   28.30500   23.89600  
C    21.72200   28.96400   23.16000  
H    21.01400   28.23100   22.76500  
H    21.17500   29.54400   23.90800  
H    22.14300   29.62500   22.39800  
O    22.71000   27.99900   25.26400  
C    28.79200   27.19500   31.00800  
H    27.85900   27.41600   30.48400  
H    28.98600   27.77400   31.91400  
H    29.59600   27.37600   30.29000  
S    29.10700   25.44400   31.32400  
C    29.79000   25.60700   32.98900  
H    30.25400   24.63300   33.16600  
H    30.61000   26.32300   32.89700  
H    29.07800   25.82000   33.79100  
O    30.35400   25.14500   30.55100  
C    29.49900   21.03900   32.26900  
H    28.63000   20.72900   31.68400  
H    29.59000   22.08000   31.94800  
H    30.31800   20.32100   32.18800  
S    28.90700   21.02300   33.97600  
C    30.56500   21.16700   34.68000  
H    30.40500   21.43700   35.72700  
H    30.95000   20.14800   34.58600  
H    31.02500   22.03200   34.19600  
O    28.64400   19.57000   34.22500  
C    31.54800   21.12100   29.60000  
H    31.02100   21.50200   28.72000  
H    31.52100   20.03000   29.66000  
H    31.22100   21.69800   30.46900  
S    33.25400   21.67400   29.37800  
C    32.77300   23.41300   29.28000  
H    32.29200   23.64900   28.32800  
H    32.10800   23.77400   30.06900  
H    33.75300   23.89600   29.22500  
O    33.38200   21.29000   27.93700  
C    30.54200   14.83100   27.33100  
H    31.58400   15.12000   27.17400  
H    29.94100   15.52300   27.92600  
H    30.47400   13.85100   27.81000  
S    29.79100   14.81200   25.68700  
C    30.37400   16.47600   25.29500  
H    31.46100   16.48800   25.17900  
H    29.82900   16.75000   24.38800  
H    30.11900   17.16000   26.10900  
O    28.32800   15.05000   25.90000  
C    24.38700   18.81800   30.15200  
H    23.91400   19.68800   29.69100  
H    25.06300   18.33000   29.44600  
H    23.68200   18.15800   30.66500  
S    25.51900   19.56500   31.34700  
C    24.03300   20.09400   32.22900  
H    23.56900   19.17000   32.58400  
H    24.29900   20.64500   33.13500  
H    23.39900   20.66300   31.54500  
O    26.04300   20.76300   30.61800  
C    24.91700   21.01000   22.88200  
H    25.99800   20.85100   22.86700  
H    24.69600   21.93300   23.42400  
H    24.46700   20.13700   23.36000  
S    24.51400   21.32700   21.14900  
C    22.80600   20.79200   21.39300  
H    22.76900   19.82600   21.90200  
H    22.37900   21.63300   21.94500  
H    22.33500   20.63900   20.41900  
O    25.31000   20.30600   20.39700  
C    26.60600   27.90100   27.34400  
H    26.41500   28.01400   26.27400  
H    27.20500   28.74300   27.70000  
H    27.16100   26.97800   27.53100  
S    25.00900   27.74400   28.17300  
C    24.66500   29.51100   28.02100  
H    25.56800   29.98800   28.41100  
H    24.47500   29.60200   26.94900  
H    23.74600   29.72800   28.57100  
O    25.32700   27.61300   29.63000  
C    21.27100   16.45100   29.91900  
H    22.34400   16.24000   29.89000  
H    20.67100   15.55000   29.77200  
H    20.94000   17.25100   29.25400  
S    20.80500   17.14700   31.52000  
C    19.03600   17.19400   31.15300  
H    18.49500   17.58300   32.01900  
H    18.83000   17.93500   30.37600  
H    18.61900   16.22700   30.86300  
O    21.31100   18.54600   31.35500  
C    33.10100   15.61300   31.32700  
H    32.50000   16.19600   32.02900  
H    32.68200   14.66100   30.99000  
H    34.14900   15.52900   31.62500  
S    33.02400   16.65400   29.85100  
C    33.86000   18.15000   30.42300  
H    34.82500   17.85300   30.84200  
H    33.99300   18.90700   29.64600  
H    33.25300   18.55700   31.23500  
O    31.55900   16.91400   30.01800  
C    26.04200   24.75800   24.20800  
H    26.88200   25.00100   24.86400  
H    25.17300   25.41600   24.29800  
H    25.70100   23.73400   24.38200  
S    26.64400   24.72500   22.50500  
C    26.46800   26.49100   22.16400  
H    25.44100   26.65400   21.82700  
H    26.54500   27.02400   23.11500  
H    27.24200   26.68200   21.41700  
O    25.47900   24.15600   21.75700  
C    29.47800   25.97300   26.12100  
H    28.72300   26.56300   25.59400  
H    29.17200   25.03300   26.58700  
H    29.93900   26.56700   26.91400  
S    30.88200   25.49200   25.09000  
C    30.61200   26.93900   24.04100  
H    29.57500   26.85100   23.70900  
H    30.56200   27.89800   24.56300  
H    31.23000   26.97500   23.14000  
O    30.27100   24.45800   24.19600  
C    24.97300   29.75800   32.37500  
H    24.85500   29.13200   31.48700  
H    24.02400   29.92700   32.89100  
H    25.49000   30.67600   32.08600  
S    26.22200   29.11800   33.51400  
C    25.29200   27.80900   34.34200  
H    24.32700   28.16000   34.71700  
H    25.14800   27.02200   33.59800  
H    25.86100   27.48500   35.21800  
O    26.52200   30.15200   34.55400  
C    28.18900   14.93900   30.13800  
H    27.50100   15.09800   30.97300  
H    28.03200   13.99100   29.61800  
H    29.21700   14.97400   30.50600  
S    27.83600   16.32800   29.03600  
C    28.19600   17.58200   30.28600  
H    27.77000   17.39700   31.27600  
H    29.28700   17.54900   30.34300  
H    27.85500   18.55300   29.91900  
O    26.34200   16.31900   28.95600  
C    31.99700   21.37300   24.21000  
H    32.99100   21.40000   23.75400  
H    31.27100   21.86700   23.56000  
H    31.90700   21.89500   25.16500  
S    31.47500   19.66000   24.45500  
C    33.06900   19.40400   25.26800  
H    33.84300   19.92700   24.70000  
H    32.92300   19.83200   26.26300  
H    33.25200   18.32700   25.25600  
O    31.65400   19.02900   23.11000  
C    28.97600   19.67200   19.95900  
H    29.03900   18.81500   20.63400  
H    27.99900   20.16100   19.90600  
H    29.26300   19.36900   18.94900  
S    30.18000   20.93500   20.42800  
C    29.16300   21.67700   21.72400  
H    28.23800   22.12700   21.35600  
H    29.02700   20.80000   22.36400  
H    29.73700   22.34800   22.36900  
O    30.07500   21.87600   19.26900  
C    22.18300   25.76100   29.23300  
H    21.65600   26.56500   28.71300  
H    23.26500   25.91500   29.20500  
H    21.88400   24.80400   28.79800  
S    21.68700   25.84600   30.96900  
C    22.79200   27.12700   31.60400  
H    22.44700   28.03100   31.09600  
H    22.65500   27.11900   32.68800  
H    23.83500   26.96800   31.31900  
O    22.55300   24.71400   31.42800  
C    24.34100   13.66300   28.83800  
H    23.75900   13.60900   29.76200  
H    25.13400   14.41600   28.83000  
H    23.66700   14.04900   28.06900  
S    25.00200   12.13700   28.13300  
C    25.80200   12.98300   26.75000  
H    25.14900   13.78800   26.40500  
H    26.67600   13.41900   27.24000  
H    26.03800   12.24800   25.97600  
O    23.67500   11.61200   27.68200  
C    27.45400   17.91300   22.46500  
H    28.46900   17.85600   22.86500  
H    27.30000   18.80000   21.84500  
H    26.79300   17.86400   23.33400  
S    26.96500   16.57600   21.35300  
C    27.13200   15.09100   22.37000  
H    28.19500   14.84000   22.34600  
H    26.71800   15.27800   23.36400  
H    26.67000   14.24600   21.85400  
O    28.21600   16.55900   20.53200  
C    22.65900   21.84100   28.08200  
H    21.86600   22.52400   28.39600  
H    22.99700   21.15000   28.85800  
H    23.43000   22.49800   27.67100  
S    22.18600   20.87200   26.63200  
C    21.75500   19.35200   27.50900  
H    20.72200   19.44100   27.85500  
H    21.81300   18.48200   26.85000  
H    22.48700   19.17500   28.30200  
O    23.41700   20.35500   25.95600  
C    17.91100   24.85300   30.83200  
H    17.25300   23.98600   30.73600  
H    18.74100   24.55800   31.47900  
H    17.49500   25.78500   31.22300  
S    18.68100   25.24100   29.24400  
C    17.15100   25.04600   28.30200  
H    16.82200   24.00600   28.37200  
H    16.51900   25.72800   28.87700  
H    17.41700   25.34900   27.28600  
O    19.45000   24.04300   28.78000  
C    22.66200   24.12800   25.23300  
H    23.47200   23.54400   24.78900  
H    22.84700   25.19800   25.35400  
H    22.32700   23.72400   26.19200  
S    21.22000   24.10100   24.14400  
C    20.15700   24.90900   25.36100  
H    20.32700   25.98600   25.45000  
H    19.10900   24.74400   25.09800  
H    20.27500   24.45200   26.34700  
O    20.79200   22.67600   24.31000  
C    35.36600   23.13100   25.74900  
H    35.83900   22.69800   24.86400  
H    36.23700   23.11500   26.41000  
H    34.66200   22.42300   26.19300  
S    34.68200   24.79400   25.56800  
C    34.10400   24.43600   23.89400  
H    33.43900   25.23800   23.56400  
H    35.01700   24.52800   23.30100  
H    33.59800   23.46800   23.94600  
O    35.77900   25.80200   25.41700  
C    25.84400   23.57900   32.34700  
H    26.84900   23.39500   31.96100  
H    25.13400   22.80100   32.05500  
H    25.48900   24.47300   31.82700  
S    25.75800   23.68100   34.14900  
C    24.06900   24.23900   34.46400  
H    23.51300   24.36800   33.53200  
H    23.46500   23.67800   35.18200  
H    24.32400   25.18900   34.93900  
O    26.64400   24.84500   34.46800  
C    24.27700   16.62700   24.87900  
H    24.57900   17.46500   25.51300  
H    23.38100   16.11000   25.23000  
H    25.05000   15.89000   24.65000  
S    23.83900   17.39800   23.30400  
C    22.07100   17.60000   23.62200  
H    21.83200   18.34600   24.38500  
H    21.67600   17.92200   22.65500  
H    21.69000   16.60600   23.86800  
O    23.88500   16.24700   22.34900  
C    31.76600   24.62300   20.63700  
H    32.30200   25.22000   19.89500  
H    32.10800   24.70000   21.67300  
H    31.70300   23.60000   20.25900  
S    30.08500   25.27700   20.51400  
C    29.95200   25.23300   18.71300  
H    30.80100   25.84200   18.39200  
H    30.03000   24.19700   18.37400  
H    28.96800   25.64200   18.46700  
O    30.11000   26.76600   20.66200  
$end

$rem
JOBTYPE  SP
METHOD  B3LYP
BASIS  6-31+G(D)
SYMMETRY  FALSE
SYM_IGNORE  TRUE
MEM_TOTAL  16000
MEM_STATIC  8000
MAX_SUB_FILE_NUM  16000
BASIS_LIN_DEP_THRESH  6
THRESH  14
SCF_CONVERGENCE  8
GEN_SCFMAN  FALSE
SCF_GUESS  READ
FD_MAT_VEC_PROD  FALSE
XC_GRID  000075000302
NL_GRID  1
MAX_SCF_CYCLES  200
SKIP_SCFMAN  TRUE
ESP_GRID  0
ESP_EFIELD  1
$end
