$molecule
0 1
--
0 1
C    22.16000   19.13600   30.58000  
C    23.05300   18.01000   31.12600  
C    23.96100   17.57000   29.96600  
C    24.75400   18.68500   29.26400  
C    23.78300   19.76100   28.75000  
C    22.93800   20.28700   29.92200  
H    24.63100   16.74900   30.24800  
H    23.62300   18.51700   31.91400  
H    21.37300   18.76300   29.91200  
H    21.66200   19.57700   31.45200  
H    25.51900   19.05900   29.95500  
H    25.28100   18.19100   28.43900  
H    24.35300   20.55600   28.25300  
H    23.12600   19.37900   27.96000  
H    23.55800   20.76200   30.69100  
H    22.24300   21.03800   29.52500  
H    23.23100   17.16600   29.25400  
N    22.29300   16.90300   31.70600  
H    21.38600   16.65600   31.32900  
C    22.74900   15.95600   32.59900  
H    22.10000   15.06300   32.64600  
O    23.82800   16.11600   33.13900  
--
0 1
C    23.73400   24.36400   30.20300  
H    24.77900   24.26600   29.89900  
H    23.53800   23.79500   31.11500  
H    23.07400   24.16700   29.35300  
S    23.64700   26.06700   30.80200  
C    24.09000   26.74400   29.18600  
H    24.97100   26.24900   28.77000  
H    23.21100   26.78600   28.53800  
H    24.39200   27.76000   29.45400  
O    24.87400   26.36500   31.60500  
C    19.37900   18.31700   27.45100  
H    19.74100   18.39400   26.42300  
H    20.14200   17.94500   28.13900  
H    18.52700   17.63900   27.35500  
S    18.83900   19.99000   27.87100  
C    18.13200   19.64000   29.49700  
H    17.36000   18.87200   29.40900  
H    18.93300   19.21800   30.10800  
H    17.78900   20.60600   29.87700  
O    17.69900   20.35300   26.97200  
C    28.27900   15.07400   31.73100  
H    27.46000   15.59100   31.22400  
H    28.88600   15.81700   32.25500  
H    28.83400   14.44300   31.03100  
S    27.25600   14.12800   32.88200  
C    26.83000   15.59500   33.84800  
H    27.74700   16.03400   34.24700  
H    26.14400   16.22700   33.27700  
H    26.24000   15.21700   34.68700  
O    28.28000   13.39400   33.68900  
C    23.62900   8.66400    29.83900  
H    24.29400   8.03800    29.23800  
H    24.11500   8.83800    30.80200  
H    22.62600   8.23200    29.89600  
S    23.53400   10.31000   29.09800  
C    23.85300   9.92000    27.36300  
H    24.11500   10.86300   26.87600  
H    24.75400   9.31800    27.21800  
H    22.99700   9.40300    26.92200  
O    24.79200   10.94000   29.60800  
C    29.21300   17.59200   27.15700  
H    28.85800   17.98800   26.20200  
H    29.94200   18.31000   27.54100  
H    29.63100   16.58700   27.06300  
S    27.98000   17.72100   28.47200  
C    29.18700   17.59200   29.81100  
H    29.93900   18.38500   29.80000  
H    28.60800   17.61500   30.73800  
H    29.65100   16.60700   29.71000  
O    27.34800   16.36400   28.45700  
C    18.41200   13.18100   35.32700  
H    18.47900   13.27800   34.24000  
H    18.39900   14.08600   35.93900  
H    19.25300   12.54700   35.61800  
S    16.96400   12.11700   35.51700  
C    15.86000   13.36200   36.22300  
H    15.64900   13.99100   35.35500  
H    14.93000   12.89800   36.56200  
H    16.42900   13.99800   36.90500  
O    17.34700   11.41100   36.78000  
C    21.76000   8.28800    33.21800  
H    21.75000   7.48800    32.47400  
H    22.56100   9.01200    33.05200  
H    21.81300   7.92900    34.24900  
S    20.22800   9.18400    32.87800  
C    20.52800   9.46700    31.11800  
H    21.51600   9.92000    31.01000  
H    20.33700   8.61700    30.45800  
H    19.87500   10.29100   30.81900  
O    20.33000   10.54400   33.49500  
C    17.83000   23.63300   34.88100  
H    17.30000   23.33100   33.97400  
H    17.30000   24.52200   35.23400  
H    18.87100   23.95600   34.79800  
S    17.70500   22.32400   36.12100  
C    18.25100   23.20500   37.60100  
H    19.33800   23.30000   37.54000  
H    17.81300   24.20500   37.56000  
H    17.93200   22.73800   38.53600  
O    18.74900   21.29100   35.83500  
C    16.99700   10.82800   32.02700  
H    16.10000   11.12700   32.57700  
H    16.95700   9.75000    31.85400  
H    17.98000   10.99400   32.47500  
S    16.90100   11.55800   30.37600  
C    15.30900   10.88300   29.85400  
H    14.56300   11.16000   30.60400  
H    15.00100   11.35700   28.91900  
H    15.33300   9.79500    29.96200  
O    17.97200   10.85500   29.60200  
C    24.13000   15.07800   27.07300  
H    24.76400   15.67300   27.73500  
H    24.47600   14.09600   26.74200  
H    23.94200   15.76600   26.24500  
S    22.53300   14.83500   27.88300  
C    23.26400   13.92000   29.25900  
H    22.50900   13.67400   30.01000  
H    23.65700   13.02800   28.76200  
H    24.05000   14.53300   29.70800  
O    21.84000   13.75800   27.10900  
C    25.99500   22.14600   32.60900  
H    26.54900   21.88000   31.70500  
H    25.38700   21.31600   32.97800  
H    25.33700   23.01200   32.49900  
S    27.24800   22.49500   33.86400  
C    28.15800   20.93800   33.74800  
H    27.53000   20.05200   33.86600  
H    28.49600   20.86500   32.71100  
H    28.99700   20.87600   34.44500  
O    26.52100   22.51300   35.17200  
C    23.25700   22.74700   35.59900  
H    23.66400   23.54400   36.22500  
H    23.21300   21.78100   36.10800  
H    23.80400   22.71500   34.65300  
S    21.54300   23.19600   35.24300  
C    21.34200   21.89700   34.00400  
H    21.26000   20.95500   34.55100  
H    20.42200   22.08500   33.44300  
H    22.14100   21.97500   33.26200  
O    21.64600   24.41900   34.38700  
C    28.88500   13.82700   26.88600  
H    28.91000   14.36100   27.83900  
H    29.63100   13.02800   26.84900  
H    28.85400   14.59100   26.10400  
S    27.22400   13.12000   26.81800  
C    27.56600   11.73500   27.92700  
H    26.97900   10.92500   27.48600  
H    28.64000   11.57600   28.04800  
H    26.96000   12.01900   28.79100  
O    27.27900   12.59000   25.41900  
C    30.02500   17.08500   38.76300  
H    29.78600   16.17400   39.31700  
H    31.08600   16.92000   38.55600  
H    29.91900   17.98600   39.37300  
S    29.05200   16.93600   37.24700  
C    29.24200   18.70600   36.93800  
H    28.52100   19.01300   36.17600  
H    29.19200   19.28600   37.86300  
H    30.28400   18.80100   36.62300  
O    27.57900   16.95200   37.51500  
C    25.53800   13.00800   38.60200  
H    25.01200   13.35600   39.49500  
H    24.90200   13.16800   37.72800  
H    25.80900   11.95000   38.64900  
S    27.11200   13.89100   38.51700  
C    27.74600   13.18600   36.97800  
H    28.79300   13.46800   36.84000  
H    27.43700   12.13800   36.96900  
H    27.26500   13.65200   36.11400  
O    27.96500   13.17700   39.52000  
C    24.48800   11.95800   33.28000  
H    25.53500   11.77000   33.53000  
H    24.36600   11.41300   32.34100  
H    24.22900   13.01400   33.16400  
S    23.73400   11.09800   34.67900  
C    22.39200   12.30800   34.69300  
H    22.14300   12.49300   33.64500  
H    21.54400   11.89700   35.24700  
H    22.75900   13.20200   35.20300  
O    24.72700   11.46200   35.73800  
C    19.89500   24.32600   31.24400  
H    20.49300   24.34800   32.15800  
H    19.93300   25.25300   30.66500  
H    18.86800   24.10300   31.54400  
S    20.25800   22.94100   30.14100  
C    18.78600   23.25900   29.14300  
H    18.78100   24.34100   28.98600  
H    18.89000   22.77300   28.16900  
H    17.89600   22.99300   29.71800  
O    19.93500   21.78500   31.03500  
C    21.35000   15.53200   38.66300  
H    20.44600   15.50400   39.27600  
H    22.18300   16.10600   39.07600  
H    21.09700   15.83800   37.64400  
S    22.14800   13.91300   38.76000  
C    20.67700   13.03700   38.18300  
H    20.54700   13.31100   37.13300  
H    20.87200   11.96200   38.14800  
H    19.88800   13.29600   38.89500  
O    22.17500   13.45100   40.18300  
C    17.98600   20.10000   32.90600  
H    18.04300   21.08000   32.42500  
H    18.12600   20.19200   33.98600  
H    18.85300   19.58300   32.48600  
S    16.48900   19.25600   32.34700  
C    15.48200   20.63300   32.94100  
H    15.82100   21.63100   32.65000  
H    14.42700   20.49100   32.69200  
H    15.57400   20.49200   34.02100  
O    16.44500   18.21800   33.42600  
C    18.88400   16.25700   33.37100  
H    18.31900   17.11800   33.00500  
H    19.75100   15.99300   32.76000  
H    18.19000   15.42700   33.52100  
S    19.45800   16.69400   35.02800  
C    20.44000   18.15700   34.62700  
H    21.25900   18.15800   35.35200  
H    20.86900   18.08200   33.62500  
H    19.85600   19.08000   34.59500  
O    20.54500   15.67400   35.17300  
C    22.91000   24.72000   24.79300  
H    22.35900   24.02700   24.15200  
H    22.31300   25.50000   25.27200  
H    23.69900   25.27200   24.27600  
S    23.64700   23.53800   25.94400  
C    22.20000   23.40400   27.01700  
H    21.29400   23.06400   26.50800  
H    22.42500   22.68200   27.80700  
H    22.02700   24.41000   27.40900  
O    24.60000   24.42700   26.68000  
C    18.90000   14.58500   26.32900  
H    19.50400   15.43100   26.66600  
H    17.99600   14.61100   26.94200  
H    19.47000   13.65300   26.29400  
S    18.50600   14.89000   24.59200  
C    20.19300   15.22600   24.03800  
H    20.80600   15.59300   24.86500  
H    20.44000   14.24500   23.62300  
H    20.15500   15.99100   23.25900  
O    18.00500   16.29800   24.67900  
C    24.71600   19.31000   35.20600  
H    25.53800   18.85900   34.64600  
H    23.72700   19.15800   34.76400  
H    24.84100   20.35600   35.50000  
S    24.44700   18.50700   36.80300  
C    23.89800   16.85200   36.33100  
H    22.93800   17.02600   35.83800  
H    24.55800   16.38500   35.59400  
H    23.87200   16.24800   37.24100  
O    23.13700   19.12700   37.17700  
C    22.27200   18.33900   23.76300  
H    22.54400   18.37600   22.70500  
H    23.01300   17.71500   24.26900  
H    21.26900   17.96800   23.98700  
S    22.41600   19.96600   24.53600  
C    24.17900   19.92900   24.92800  
H    24.36000   19.41700   25.87700  
H    24.80100   19.44600   24.17000  
H    24.53900   20.95000   25.07800  
O    21.77500   20.01700   25.88800  
C    20.57100   27.14800   26.16900  
H    20.12000   26.28900   25.66500  
H    19.99200   27.99200   25.78500  
H    21.66200   27.20800   26.17000  
S    19.95800   27.03600   27.86500  
C    20.93200   28.46200   28.39700  
H    20.54500   29.41800   28.03600  
H    20.94600   28.54800   29.48600  
H    21.98600   28.29600   28.16000  
O    20.71500   25.92600   28.52500  
C    29.39600   21.19000   26.75900  
H    29.78300   22.21100   26.78800  
H    29.29300   20.70100   27.73200  
H    30.11600   20.58700   26.20100  
S    27.79000   21.57300   26.02400  
C    27.01200   22.00100   27.59700  
H    27.65100   22.74200   28.08400  
H    26.03400   22.44200   27.38800  
H    26.94400   21.12100   28.24100  
O    27.30600   20.17800   25.78200  
C    26.75500   17.43200   24.65800  
H    27.64100   18.06800   24.58600  
H    26.02800   17.83200   23.94700  
H    26.33000   17.52100   25.66100  
S    27.08800   15.73000   24.15200  
C    28.28500   16.05300   22.83700  
H    29.16300   16.49800   23.31200  
H    28.58200   15.11600   22.35900  
H    27.90800   16.76100   22.09400  
O    25.88900   15.36900   23.33200  
C    17.81300   15.05100   29.47800  
H    17.29600   14.16900   29.09100  
H    17.48800   15.40500   30.46000  
H    17.69300   15.93000   28.83900  
S    19.56500   14.62800   29.60100  
C    19.60200   13.58900   31.07900  
H    20.63500   13.49400   31.42400  
H    18.97100   13.92500   31.90500  
H    19.31500   12.57900   30.77300  
O    20.09700   15.93100   30.11100  
C    31.51100   22.16300   29.51900  
H    31.31600   23.18100   29.17300  
H    32.56700   22.06200   29.78300  
H    31.36000   21.44500   28.70900  
S    30.37000   21.82100   30.87800  
C    31.26100   20.32000   31.34400  
H    32.08400   20.71800   31.94300  
H    30.49600   19.74500   31.87100  
H    31.54600   19.78000   30.43800  
O    29.06900   21.38900   30.27700  
$end

$rem
JOBTYPE  SP
METHOD  B3LYP
BASIS  6-31+G(D)
SYMMETRY  FALSE
SYM_IGNORE  TRUE
MEM_TOTAL  12000
MEM_STATIC  4000
BASIS_LIN_DEP_THRESH  6
THRESH  14
SCF_CONVERGENCE  8
FD_MAT_VEC_PROD  FALSE
XC_GRID  000075000302
NL_GRID  1
MAX_SCF_CYCLES  200
ENV_METHOD  B3LYP
GEN_SCFMAN_EMBED  TRUE
SPADE_PARTITION  TRUE
EMBEDDING_EARLY_STOP  TRUE
$end

@@@

$molecule
0 1
@C    22.16000   19.13600   30.58000  
@C    23.05300   18.01000   31.12600  
@C    23.96100   17.57000   29.96600  
@C    24.75400   18.68500   29.26400  
@C    23.78300   19.76100   28.75000  
@C    22.93800   20.28700   29.92200  
@H    24.63100   16.74900   30.24800  
@H    23.62300   18.51700   31.91400  
@H    21.37300   18.76300   29.91200  
@H    21.66200   19.57700   31.45200  
@H    25.51900   19.05900   29.95500  
@H    25.28100   18.19100   28.43900  
@H    24.35300   20.55600   28.25300  
@H    23.12600   19.37900   27.96000  
@H    23.55800   20.76200   30.69100  
@H    22.24300   21.03800   29.52500  
@H    23.23100   17.16600   29.25400  
@N    22.29300   16.90300   31.70600  
@H    21.38600   16.65600   31.32900  
@C    22.74900   15.95600   32.59900  
@H    22.10000   15.06300   32.64600  
@O    23.82800   16.11600   33.13900  
C    23.73400   24.36400   30.20300  
H    24.77900   24.26600   29.89900  
H    23.53800   23.79500   31.11500  
H    23.07400   24.16700   29.35300  
S    23.64700   26.06700   30.80200  
C    24.09000   26.74400   29.18600  
H    24.97100   26.24900   28.77000  
H    23.21100   26.78600   28.53800  
H    24.39200   27.76000   29.45400  
O    24.87400   26.36500   31.60500  
C    19.37900   18.31700   27.45100  
H    19.74100   18.39400   26.42300  
H    20.14200   17.94500   28.13900  
H    18.52700   17.63900   27.35500  
S    18.83900   19.99000   27.87100  
C    18.13200   19.64000   29.49700  
H    17.36000   18.87200   29.40900  
H    18.93300   19.21800   30.10800  
H    17.78900   20.60600   29.87700  
O    17.69900   20.35300   26.97200  
C    28.27900   15.07400   31.73100  
H    27.46000   15.59100   31.22400  
H    28.88600   15.81700   32.25500  
H    28.83400   14.44300   31.03100  
S    27.25600   14.12800   32.88200  
C    26.83000   15.59500   33.84800  
H    27.74700   16.03400   34.24700  
H    26.14400   16.22700   33.27700  
H    26.24000   15.21700   34.68700  
O    28.28000   13.39400   33.68900  
C    23.62900   8.66400    29.83900  
H    24.29400   8.03800    29.23800  
H    24.11500   8.83800    30.80200  
H    22.62600   8.23200    29.89600  
S    23.53400   10.31000   29.09800  
C    23.85300   9.92000    27.36300  
H    24.11500   10.86300   26.87600  
H    24.75400   9.31800    27.21800  
H    22.99700   9.40300    26.92200  
O    24.79200   10.94000   29.60800  
C    29.21300   17.59200   27.15700  
H    28.85800   17.98800   26.20200  
H    29.94200   18.31000   27.54100  
H    29.63100   16.58700   27.06300  
S    27.98000   17.72100   28.47200  
C    29.18700   17.59200   29.81100  
H    29.93900   18.38500   29.80000  
H    28.60800   17.61500   30.73800  
H    29.65100   16.60700   29.71000  
O    27.34800   16.36400   28.45700  
C    18.41200   13.18100   35.32700  
H    18.47900   13.27800   34.24000  
H    18.39900   14.08600   35.93900  
H    19.25300   12.54700   35.61800  
S    16.96400   12.11700   35.51700  
C    15.86000   13.36200   36.22300  
H    15.64900   13.99100   35.35500  
H    14.93000   12.89800   36.56200  
H    16.42900   13.99800   36.90500  
O    17.34700   11.41100   36.78000  
C    21.76000   8.28800    33.21800  
H    21.75000   7.48800    32.47400  
H    22.56100   9.01200    33.05200  
H    21.81300   7.92900    34.24900  
S    20.22800   9.18400    32.87800  
C    20.52800   9.46700    31.11800  
H    21.51600   9.92000    31.01000  
H    20.33700   8.61700    30.45800  
H    19.87500   10.29100   30.81900  
O    20.33000   10.54400   33.49500  
C    17.83000   23.63300   34.88100  
H    17.30000   23.33100   33.97400  
H    17.30000   24.52200   35.23400  
H    18.87100   23.95600   34.79800  
S    17.70500   22.32400   36.12100  
C    18.25100   23.20500   37.60100  
H    19.33800   23.30000   37.54000  
H    17.81300   24.20500   37.56000  
H    17.93200   22.73800   38.53600  
O    18.74900   21.29100   35.83500  
C    16.99700   10.82800   32.02700  
H    16.10000   11.12700   32.57700  
H    16.95700   9.75000    31.85400  
H    17.98000   10.99400   32.47500  
S    16.90100   11.55800   30.37600  
C    15.30900   10.88300   29.85400  
H    14.56300   11.16000   30.60400  
H    15.00100   11.35700   28.91900  
H    15.33300   9.79500    29.96200  
O    17.97200   10.85500   29.60200  
C    24.13000   15.07800   27.07300  
H    24.76400   15.67300   27.73500  
H    24.47600   14.09600   26.74200  
H    23.94200   15.76600   26.24500  
S    22.53300   14.83500   27.88300  
C    23.26400   13.92000   29.25900  
H    22.50900   13.67400   30.01000  
H    23.65700   13.02800   28.76200  
H    24.05000   14.53300   29.70800  
O    21.84000   13.75800   27.10900  
C    25.99500   22.14600   32.60900  
H    26.54900   21.88000   31.70500  
H    25.38700   21.31600   32.97800  
H    25.33700   23.01200   32.49900  
S    27.24800   22.49500   33.86400  
C    28.15800   20.93800   33.74800  
H    27.53000   20.05200   33.86600  
H    28.49600   20.86500   32.71100  
H    28.99700   20.87600   34.44500  
O    26.52100   22.51300   35.17200  
C    23.25700   22.74700   35.59900  
H    23.66400   23.54400   36.22500  
H    23.21300   21.78100   36.10800  
H    23.80400   22.71500   34.65300  
S    21.54300   23.19600   35.24300  
C    21.34200   21.89700   34.00400  
H    21.26000   20.95500   34.55100  
H    20.42200   22.08500   33.44300  
H    22.14100   21.97500   33.26200  
O    21.64600   24.41900   34.38700  
C    28.88500   13.82700   26.88600  
H    28.91000   14.36100   27.83900  
H    29.63100   13.02800   26.84900  
H    28.85400   14.59100   26.10400  
S    27.22400   13.12000   26.81800  
C    27.56600   11.73500   27.92700  
H    26.97900   10.92500   27.48600  
H    28.64000   11.57600   28.04800  
H    26.96000   12.01900   28.79100  
O    27.27900   12.59000   25.41900  
C    30.02500   17.08500   38.76300  
H    29.78600   16.17400   39.31700  
H    31.08600   16.92000   38.55600  
H    29.91900   17.98600   39.37300  
S    29.05200   16.93600   37.24700  
C    29.24200   18.70600   36.93800  
H    28.52100   19.01300   36.17600  
H    29.19200   19.28600   37.86300  
H    30.28400   18.80100   36.62300  
O    27.57900   16.95200   37.51500  
C    25.53800   13.00800   38.60200  
H    25.01200   13.35600   39.49500  
H    24.90200   13.16800   37.72800  
H    25.80900   11.95000   38.64900  
S    27.11200   13.89100   38.51700  
C    27.74600   13.18600   36.97800  
H    28.79300   13.46800   36.84000  
H    27.43700   12.13800   36.96900  
H    27.26500   13.65200   36.11400  
O    27.96500   13.17700   39.52000  
C    24.48800   11.95800   33.28000  
H    25.53500   11.77000   33.53000  
H    24.36600   11.41300   32.34100  
H    24.22900   13.01400   33.16400  
S    23.73400   11.09800   34.67900  
C    22.39200   12.30800   34.69300  
H    22.14300   12.49300   33.64500  
H    21.54400   11.89700   35.24700  
H    22.75900   13.20200   35.20300  
O    24.72700   11.46200   35.73800  
C    19.89500   24.32600   31.24400  
H    20.49300   24.34800   32.15800  
H    19.93300   25.25300   30.66500  
H    18.86800   24.10300   31.54400  
S    20.25800   22.94100   30.14100  
C    18.78600   23.25900   29.14300  
H    18.78100   24.34100   28.98600  
H    18.89000   22.77300   28.16900  
H    17.89600   22.99300   29.71800  
O    19.93500   21.78500   31.03500  
C    21.35000   15.53200   38.66300  
H    20.44600   15.50400   39.27600  
H    22.18300   16.10600   39.07600  
H    21.09700   15.83800   37.64400  
S    22.14800   13.91300   38.76000  
C    20.67700   13.03700   38.18300  
H    20.54700   13.31100   37.13300  
H    20.87200   11.96200   38.14800  
H    19.88800   13.29600   38.89500  
O    22.17500   13.45100   40.18300  
C    17.98600   20.10000   32.90600  
H    18.04300   21.08000   32.42500  
H    18.12600   20.19200   33.98600  
H    18.85300   19.58300   32.48600  
S    16.48900   19.25600   32.34700  
C    15.48200   20.63300   32.94100  
H    15.82100   21.63100   32.65000  
H    14.42700   20.49100   32.69200  
H    15.57400   20.49200   34.02100  
O    16.44500   18.21800   33.42600  
C    18.88400   16.25700   33.37100  
H    18.31900   17.11800   33.00500  
H    19.75100   15.99300   32.76000  
H    18.19000   15.42700   33.52100  
S    19.45800   16.69400   35.02800  
C    20.44000   18.15700   34.62700  
H    21.25900   18.15800   35.35200  
H    20.86900   18.08200   33.62500  
H    19.85600   19.08000   34.59500  
O    20.54500   15.67400   35.17300  
C    22.91000   24.72000   24.79300  
H    22.35900   24.02700   24.15200  
H    22.31300   25.50000   25.27200  
H    23.69900   25.27200   24.27600  
S    23.64700   23.53800   25.94400  
C    22.20000   23.40400   27.01700  
H    21.29400   23.06400   26.50800  
H    22.42500   22.68200   27.80700  
H    22.02700   24.41000   27.40900  
O    24.60000   24.42700   26.68000  
C    18.90000   14.58500   26.32900  
H    19.50400   15.43100   26.66600  
H    17.99600   14.61100   26.94200  
H    19.47000   13.65300   26.29400  
S    18.50600   14.89000   24.59200  
C    20.19300   15.22600   24.03800  
H    20.80600   15.59300   24.86500  
H    20.44000   14.24500   23.62300  
H    20.15500   15.99100   23.25900  
O    18.00500   16.29800   24.67900  
C    24.71600   19.31000   35.20600  
H    25.53800   18.85900   34.64600  
H    23.72700   19.15800   34.76400  
H    24.84100   20.35600   35.50000  
S    24.44700   18.50700   36.80300  
C    23.89800   16.85200   36.33100  
H    22.93800   17.02600   35.83800  
H    24.55800   16.38500   35.59400  
H    23.87200   16.24800   37.24100  
O    23.13700   19.12700   37.17700  
C    22.27200   18.33900   23.76300  
H    22.54400   18.37600   22.70500  
H    23.01300   17.71500   24.26900  
H    21.26900   17.96800   23.98700  
S    22.41600   19.96600   24.53600  
C    24.17900   19.92900   24.92800  
H    24.36000   19.41700   25.87700  
H    24.80100   19.44600   24.17000  
H    24.53900   20.95000   25.07800  
O    21.77500   20.01700   25.88800  
C    20.57100   27.14800   26.16900  
H    20.12000   26.28900   25.66500  
H    19.99200   27.99200   25.78500  
H    21.66200   27.20800   26.17000  
S    19.95800   27.03600   27.86500  
C    20.93200   28.46200   28.39700  
H    20.54500   29.41800   28.03600  
H    20.94600   28.54800   29.48600  
H    21.98600   28.29600   28.16000  
O    20.71500   25.92600   28.52500  
C    29.39600   21.19000   26.75900  
H    29.78300   22.21100   26.78800  
H    29.29300   20.70100   27.73200  
H    30.11600   20.58700   26.20100  
S    27.79000   21.57300   26.02400  
C    27.01200   22.00100   27.59700  
H    27.65100   22.74200   28.08400  
H    26.03400   22.44200   27.38800  
H    26.94400   21.12100   28.24100  
O    27.30600   20.17800   25.78200  
C    26.75500   17.43200   24.65800  
H    27.64100   18.06800   24.58600  
H    26.02800   17.83200   23.94700  
H    26.33000   17.52100   25.66100  
S    27.08800   15.73000   24.15200  
C    28.28500   16.05300   22.83700  
H    29.16300   16.49800   23.31200  
H    28.58200   15.11600   22.35900  
H    27.90800   16.76100   22.09400  
O    25.88900   15.36900   23.33200  
C    17.81300   15.05100   29.47800  
H    17.29600   14.16900   29.09100  
H    17.48800   15.40500   30.46000  
H    17.69300   15.93000   28.83900  
S    19.56500   14.62800   29.60100  
C    19.60200   13.58900   31.07900  
H    20.63500   13.49400   31.42400  
H    18.97100   13.92500   31.90500  
H    19.31500   12.57900   30.77300  
O    20.09700   15.93100   30.11100  
C    31.51100   22.16300   29.51900  
H    31.31600   23.18100   29.17300  
H    32.56700   22.06200   29.78300  
H    31.36000   21.44500   28.70900  
S    30.37000   21.82100   30.87800  
C    31.26100   20.32000   31.34400  
H    32.08400   20.71800   31.94300  
H    30.49600   19.74500   31.87100  
H    31.54600   19.78000   30.43800  
O    29.06900   21.38900   30.27700  
$end

$rem
JOBTYPE  SP
METHOD  B3LYP
BASIS  6-31+G(D)
SYMMETRY  FALSE
SYM_IGNORE  TRUE
MEM_TOTAL  12000
MEM_STATIC  4000
BASIS_LIN_DEP_THRESH  6
THRESH  14
SCF_CONVERGENCE  8
FD_MAT_VEC_PROD  FALSE
XC_GRID  000075000302
NL_GRID  1
MAX_SCF_CYCLES  200
SCF_GUESS  READ
GEN_SCFMAN  FALSE
SKIP_SCFMAN  TRUE
ESP_GRID  0
ESP_EFIELD  1
$end
