$molecule
0 1
--
0 1
C    23.76900   14.87700   28.78400  
C    23.54800   15.94000   27.69600  
C    22.62400   17.07900   28.15700  
C    22.87200   17.61200   29.57800  
C    22.79900   16.36500   30.47300  
C    23.96500   15.39500   30.21800  
H    22.72800   17.84300   27.37700  
H    24.49900   16.47000   27.56300  
H    22.88400   14.22900   28.77800  
H    24.58200   14.20400   28.48400  
H    23.82400   18.12700   29.75600  
H    22.07900   18.30300   29.88900  
H    22.74600   16.57100   31.54900  
H    21.85500   15.83300   30.30200  
H    24.90700   15.93000   30.38800  
H    23.98500   14.59700   30.97000  
H    21.63100   16.62300   28.06000  
N    23.08600   15.48800   26.38500  
H    22.20600   15.69600   25.92800  
C    23.82100   14.61300   25.61300  
H    23.32800   14.28800   24.67900  
O    24.94800   14.22300   25.86200  
--
0 1
C    21.37400   21.63100   29.06500  
H    20.96200   21.92900   28.09800  
H    22.29600   21.05200   28.96400  
H    20.65200   21.01200   29.60300  
S    21.79600   23.04300   30.11000  
C    23.22700   23.62300   29.17000  
H    23.94500   22.83400   28.93400  
H    22.73200   23.88900   28.23200  
H    23.54800   24.48600   29.76000  
O    22.27400   22.47000   31.40800  
C    18.31500   20.81800   24.37600  
H    17.97000   20.15900   23.57500  
H    17.63700   20.63800   25.21400  
H    18.34700   21.87600   24.10300  
S    20.02500   20.41200   24.79700  
C    19.78700   18.68800   25.28500  
H    20.71500   18.46600   25.81800  
H    18.88600   18.71000   25.90400  
H    19.64800   18.09100   24.38000  
O    20.20900   21.18300   26.06700  
C    29.51300   14.05500   32.48200  
H    29.49600   13.26500   33.23700  
H    30.29500   13.96900   31.72200  
H    29.73200   15.00700   32.97200  
S    27.90400   14.15800   31.66600  
C    28.33900   15.32100   30.35400  
H    28.29200   16.35800   30.69800  
H    29.33200   15.09200   29.95900  
H    27.60900   15.16500   29.55600  
O    27.07100   15.07200   32.50900  
C    25.47400   20.68200   28.01000  
H    25.51400   21.68700   27.58300  
H    24.74300   20.02800   27.52800  
H    25.15100   20.66100   29.05400  
S    27.08100   19.86000   27.92600  
C    26.60100   18.28200   28.66500  
H    26.05300   18.60400   29.55400  
H    25.98400   17.69800   27.97800  
H    27.51600   17.71300   28.84700  
O    27.75900   20.39900   29.14700  
C    19.83800   20.99000   33.21700  
H    18.95300   21.34600   33.75100  
H    20.60300   21.75100   33.39500  
H    19.64200   20.89000   32.14700  
S    20.24400   19.44100   34.05400  
C    21.45600   18.84500   32.85300  
H    21.50600   17.77800   33.08800  
H    20.91300   18.98600   31.91500  
H    22.40400   19.32400   33.11100  
O    19.02500   18.67600   33.64200  
C    17.22500   20.53400   28.02000  
H    17.52000   21.06100   28.93100  
H    18.03800   20.52200   27.28900  
H    16.37300   21.04600   27.56600  
S    16.63500   18.85600   28.34000  
C    18.18400   18.37300   29.13400  
H    18.09000   17.30000   29.32300  
H    19.06300   18.32500   28.48600  
H    18.24700   18.89200   30.09400  
O    16.70200   18.02200   27.09900  
C    25.67800   23.87100   33.37400  
H    25.91600   24.58000   32.57700  
H    24.62300   23.59800   33.29400  
H    25.85200   24.30500   34.36200  
S    26.64200   22.38000   33.03900  
C    25.72300   22.08400   31.51100  
H    26.25400   21.26800   31.01400  
H    24.70400   21.72200   31.66900  
H    25.73800   23.01300   30.93500  
O    26.05300   21.45800   34.06000  
C    27.47200   11.81800   24.29100  
H    28.55900   11.87800   24.39000  
H    27.01400   12.59800   24.90500  
H    27.35200   10.77900   24.60700  
S    26.91000   11.92700   22.57700  
C    27.77100   10.42700   22.05200  
H    27.29600   9.55400    22.50700  
H    27.70100   10.26700   20.97300  
H    28.80200   10.47200   22.41500  
O    27.56800   13.18600   22.10300  
C    25.09800   10.92500   28.06000  
H    24.62800   9.95300    28.22700  
H    24.36400   11.68800   28.33200  
H    25.42300   10.91600   27.01600  
S    26.54400   11.34200   29.06100  
C    25.71500   11.73300   30.61800  
H    26.37900   11.88100   31.47300  
H    25.18200   12.66300   30.40500  
H    24.97800   10.93400   30.73300  
O    26.94900   12.73900   28.70600  
C    23.88200   12.62400   33.84600  
H    22.89000   13.07600   33.93200  
H    24.17000   12.55700   32.79400  
H    23.91400   11.67700   34.39200  
S    24.92800   13.62600   34.92500  
C    26.29900   12.44900   34.89700  
H    27.21000   12.92200   35.27100  
H    26.01400   11.68900   35.62800  
H    26.46500   12.02300   33.90400  
O    24.22700   13.39300   36.22700  
C    29.73000   19.79000   32.25100  
H    30.81300   19.86900   32.37700  
H    29.51300   20.09600   31.22500  
H    29.16700   20.36900   32.98900  
S    29.27600   18.06800   32.55600  
C    27.52800   18.47300   32.77000  
H    27.46500   19.17900   33.60200  
H    27.21200   18.96300   31.84500  
H    26.97400   17.55200   32.96800  
O    29.77900   17.86900   33.95200  
C    20.07800   15.34300   33.23000  
H    20.20700   14.50400   33.91800  
H    21.06300   15.44800   32.76700  
H    19.71900   16.16900   33.85000  
S    18.88700   14.88000   31.95300  
C    19.80200   13.35300   31.64100  
H    19.64300   12.61400   32.43100  
H    19.38100   13.05000   30.67900  
H    20.87800   13.42200   31.46700  
O    19.14100   15.83500   30.82900  
C    23.19400   15.26100   18.56300  
H    22.87500   14.28900   18.18100  
H    22.33500   15.71800   19.06100  
H    23.54900   15.89300   17.74500  
S    24.45700   15.03200   19.83500  
C    23.97200   13.61200   20.84100  
H    22.98700   13.86400   21.24300  
H    23.98300   12.73900   20.18300  
H    24.80400   13.59300   21.54900  
O    24.29700   16.27500   20.65400  
C    19.93900   10.98300   19.87500  
H    19.86900   10.87100   18.79000  
H    19.55600   10.07000   20.33800  
H    19.25100   11.80400   20.09000  
S    21.57700   11.36300   20.53700  
C    22.32000   9.75200    20.19300  
H    22.43900   9.50000    19.13600  
H    23.34800   9.73400    20.56200  
H    21.73700   9.02200    20.76000  
O    21.32800   11.18800   22.00200  
C    19.94200   14.07900   27.99700  
H    19.52100   14.76800   28.73300  
H    19.96100   13.10200   28.48700  
H    20.92500   14.47600   27.73100  
S    18.91100   13.95500   26.51800  
C    17.72000   15.25800   26.90700  
H    17.24800   15.00000   27.85800  
H    18.21600   16.22800   26.99100  
H    17.02500   15.27800   26.06500  
O    18.07200   12.75800   26.84100  
C    24.16900   16.99500   37.39600  
H    24.04400   17.77500   38.15100  
H    23.45200   16.18900   37.57400  
H    25.12500   16.47700   37.50500  
S    23.87800   17.49300   35.68300  
C    25.20700   18.69600   35.45500  
H    25.21400   19.35500   36.32700  
H    26.08400   18.04400   35.42500  
H    25.12500   19.24700   34.51500  
O    22.60500   18.27900   35.66200  
C    24.73000   19.08800   22.75800  
H    25.34100   19.97300   22.56600  
H    25.35300   18.19400   22.67300  
H    24.01300   18.92700   21.94900  
S    23.79700   19.04100   24.30500  
C    23.50300   20.81500   24.48600  
H    24.30600   21.39600   24.94600  
H    23.07000   21.21500   23.56600  
H    22.65300   20.86000   25.17300  
O    24.82600   18.78000   25.36100  
C    28.19000   17.09500   23.72300  
H    28.72400   17.90000   24.23500  
H    28.29400   17.14100   22.63600  
H    27.13400   17.31500   23.89800  
S    28.62500   15.46500   24.36900  
C    28.05100   15.66700   26.07100  
H    26.97700   15.80600   25.92300  
H    28.20300   14.69700   26.55200  
H    28.44600   16.54300   26.59100  
O    30.10900   15.58200   24.52800  
C    21.72200   10.35400   31.73700  
H    22.53300   11.05600   31.94300  
H    20.90600   10.39500   32.46400  
H    22.09800   9.33100    31.66100  
S    21.15200   10.91800   30.11800  
C    19.92500   9.65200    29.72000  
H    19.07200   9.73900    30.39700  
H    19.59400   9.79900    28.68800  
H    20.46100   8.70100    29.78700  
O    22.33300   10.69200   29.22600  
C    23.36500   10.39000   24.69300  
H    23.62800   11.41300   24.41500  
H    23.78600   10.25000   25.69200  
H    23.73000   9.65800    23.96800  
S    21.56500   10.25900   24.78800  
C    21.40000   11.40300   26.17700  
H    20.45200   11.29800   26.71200  
H    22.25300   11.24100   26.84000  
H    21.44400   12.39500   25.71900  
O    21.30700   8.91600    25.39700  
C    31.04900   13.56800   26.76400  
H    29.97900   13.52500   26.54500  
H    31.20400   14.33500   27.52700  
H    31.55200   13.91400   25.85800  
S    31.48800   11.95900   27.46000  
C    30.06200   11.85100   28.56500  
H    30.29600   11.01300   29.22600  
H    29.94500   12.81800   29.06100  
H    29.20400   11.59600   27.93800  
O    32.53400   12.22400   28.49700  
C    21.96300   16.68000   22.50100  
H    21.97800   16.81800   21.41700  
H    21.47800   17.54500   22.96100  
H    22.92800   16.51400   22.98700  
S    21.07100   15.26200   23.17900  
C    19.39200   15.65300   22.63800  
H    18.69400   15.11900   23.28700  
H    19.23500   16.71700   22.83200  
H    19.34200   15.36600   21.58400  
O    20.98700   15.56500   24.64200  
$end

$rem
JOBTYPE  SP
METHOD  B3LYP
BASIS  6-31+G(D)
SYMMETRY  FALSE
SYM_IGNORE  TRUE
MEM_TOTAL  12000
MEM_STATIC  4000
BASIS_LIN_DEP_THRESH  6
THRESH  14
SCF_CONVERGENCE  8
FD_MAT_VEC_PROD  FALSE
XC_GRID  000075000302
NL_GRID  1
MAX_SCF_CYCLES  200
ENV_METHOD  B3LYP
GEN_SCFMAN_EMBED  TRUE
SPADE_PARTITION  TRUE
EMBEDDING_EARLY_STOP  TRUE
$end

@@@

$molecule
0 1
@C    23.76900   14.87700   28.78400  
@C    23.54800   15.94000   27.69600  
@C    22.62400   17.07900   28.15700  
@C    22.87200   17.61200   29.57800  
@C    22.79900   16.36500   30.47300  
@C    23.96500   15.39500   30.21800  
@H    22.72800   17.84300   27.37700  
@H    24.49900   16.47000   27.56300  
@H    22.88400   14.22900   28.77800  
@H    24.58200   14.20400   28.48400  
@H    23.82400   18.12700   29.75600  
@H    22.07900   18.30300   29.88900  
@H    22.74600   16.57100   31.54900  
@H    21.85500   15.83300   30.30200  
@H    24.90700   15.93000   30.38800  
@H    23.98500   14.59700   30.97000  
@H    21.63100   16.62300   28.06000  
@N    23.08600   15.48800   26.38500  
@H    22.20600   15.69600   25.92800  
@C    23.82100   14.61300   25.61300  
@H    23.32800   14.28800   24.67900  
@O    24.94800   14.22300   25.86200  
C    21.37400   21.63100   29.06500  
H    20.96200   21.92900   28.09800  
H    22.29600   21.05200   28.96400  
H    20.65200   21.01200   29.60300  
S    21.79600   23.04300   30.11000  
C    23.22700   23.62300   29.17000  
H    23.94500   22.83400   28.93400  
H    22.73200   23.88900   28.23200  
H    23.54800   24.48600   29.76000  
O    22.27400   22.47000   31.40800  
C    18.31500   20.81800   24.37600  
H    17.97000   20.15900   23.57500  
H    17.63700   20.63800   25.21400  
H    18.34700   21.87600   24.10300  
S    20.02500   20.41200   24.79700  
C    19.78700   18.68800   25.28500  
H    20.71500   18.46600   25.81800  
H    18.88600   18.71000   25.90400  
H    19.64800   18.09100   24.38000  
O    20.20900   21.18300   26.06700  
C    29.51300   14.05500   32.48200  
H    29.49600   13.26500   33.23700  
H    30.29500   13.96900   31.72200  
H    29.73200   15.00700   32.97200  
S    27.90400   14.15800   31.66600  
C    28.33900   15.32100   30.35400  
H    28.29200   16.35800   30.69800  
H    29.33200   15.09200   29.95900  
H    27.60900   15.16500   29.55600  
O    27.07100   15.07200   32.50900  
C    25.47400   20.68200   28.01000  
H    25.51400   21.68700   27.58300  
H    24.74300   20.02800   27.52800  
H    25.15100   20.66100   29.05400  
S    27.08100   19.86000   27.92600  
C    26.60100   18.28200   28.66500  
H    26.05300   18.60400   29.55400  
H    25.98400   17.69800   27.97800  
H    27.51600   17.71300   28.84700  
O    27.75900   20.39900   29.14700  
C    19.83800   20.99000   33.21700  
H    18.95300   21.34600   33.75100  
H    20.60300   21.75100   33.39500  
H    19.64200   20.89000   32.14700  
S    20.24400   19.44100   34.05400  
C    21.45600   18.84500   32.85300  
H    21.50600   17.77800   33.08800  
H    20.91300   18.98600   31.91500  
H    22.40400   19.32400   33.11100  
O    19.02500   18.67600   33.64200  
C    17.22500   20.53400   28.02000  
H    17.52000   21.06100   28.93100  
H    18.03800   20.52200   27.28900  
H    16.37300   21.04600   27.56600  
S    16.63500   18.85600   28.34000  
C    18.18400   18.37300   29.13400  
H    18.09000   17.30000   29.32300  
H    19.06300   18.32500   28.48600  
H    18.24700   18.89200   30.09400  
O    16.70200   18.02200   27.09900  
C    25.67800   23.87100   33.37400  
H    25.91600   24.58000   32.57700  
H    24.62300   23.59800   33.29400  
H    25.85200   24.30500   34.36200  
S    26.64200   22.38000   33.03900  
C    25.72300   22.08400   31.51100  
H    26.25400   21.26800   31.01400  
H    24.70400   21.72200   31.66900  
H    25.73800   23.01300   30.93500  
O    26.05300   21.45800   34.06000  
C    27.47200   11.81800   24.29100  
H    28.55900   11.87800   24.39000  
H    27.01400   12.59800   24.90500  
H    27.35200   10.77900   24.60700  
S    26.91000   11.92700   22.57700  
C    27.77100   10.42700   22.05200  
H    27.29600   9.55400    22.50700  
H    27.70100   10.26700   20.97300  
H    28.80200   10.47200   22.41500  
O    27.56800   13.18600   22.10300  
C    25.09800   10.92500   28.06000  
H    24.62800   9.95300    28.22700  
H    24.36400   11.68800   28.33200  
H    25.42300   10.91600   27.01600  
S    26.54400   11.34200   29.06100  
C    25.71500   11.73300   30.61800  
H    26.37900   11.88100   31.47300  
H    25.18200   12.66300   30.40500  
H    24.97800   10.93400   30.73300  
O    26.94900   12.73900   28.70600  
C    23.88200   12.62400   33.84600  
H    22.89000   13.07600   33.93200  
H    24.17000   12.55700   32.79400  
H    23.91400   11.67700   34.39200  
S    24.92800   13.62600   34.92500  
C    26.29900   12.44900   34.89700  
H    27.21000   12.92200   35.27100  
H    26.01400   11.68900   35.62800  
H    26.46500   12.02300   33.90400  
O    24.22700   13.39300   36.22700  
C    29.73000   19.79000   32.25100  
H    30.81300   19.86900   32.37700  
H    29.51300   20.09600   31.22500  
H    29.16700   20.36900   32.98900  
S    29.27600   18.06800   32.55600  
C    27.52800   18.47300   32.77000  
H    27.46500   19.17900   33.60200  
H    27.21200   18.96300   31.84500  
H    26.97400   17.55200   32.96800  
O    29.77900   17.86900   33.95200  
C    20.07800   15.34300   33.23000  
H    20.20700   14.50400   33.91800  
H    21.06300   15.44800   32.76700  
H    19.71900   16.16900   33.85000  
S    18.88700   14.88000   31.95300  
C    19.80200   13.35300   31.64100  
H    19.64300   12.61400   32.43100  
H    19.38100   13.05000   30.67900  
H    20.87800   13.42200   31.46700  
O    19.14100   15.83500   30.82900  
C    23.19400   15.26100   18.56300  
H    22.87500   14.28900   18.18100  
H    22.33500   15.71800   19.06100  
H    23.54900   15.89300   17.74500  
S    24.45700   15.03200   19.83500  
C    23.97200   13.61200   20.84100  
H    22.98700   13.86400   21.24300  
H    23.98300   12.73900   20.18300  
H    24.80400   13.59300   21.54900  
O    24.29700   16.27500   20.65400  
C    19.93900   10.98300   19.87500  
H    19.86900   10.87100   18.79000  
H    19.55600   10.07000   20.33800  
H    19.25100   11.80400   20.09000  
S    21.57700   11.36300   20.53700  
C    22.32000   9.75200    20.19300  
H    22.43900   9.50000    19.13600  
H    23.34800   9.73400    20.56200  
H    21.73700   9.02200    20.76000  
O    21.32800   11.18800   22.00200  
C    19.94200   14.07900   27.99700  
H    19.52100   14.76800   28.73300  
H    19.96100   13.10200   28.48700  
H    20.92500   14.47600   27.73100  
S    18.91100   13.95500   26.51800  
C    17.72000   15.25800   26.90700  
H    17.24800   15.00000   27.85800  
H    18.21600   16.22800   26.99100  
H    17.02500   15.27800   26.06500  
O    18.07200   12.75800   26.84100  
C    24.16900   16.99500   37.39600  
H    24.04400   17.77500   38.15100  
H    23.45200   16.18900   37.57400  
H    25.12500   16.47700   37.50500  
S    23.87800   17.49300   35.68300  
C    25.20700   18.69600   35.45500  
H    25.21400   19.35500   36.32700  
H    26.08400   18.04400   35.42500  
H    25.12500   19.24700   34.51500  
O    22.60500   18.27900   35.66200  
C    24.73000   19.08800   22.75800  
H    25.34100   19.97300   22.56600  
H    25.35300   18.19400   22.67300  
H    24.01300   18.92700   21.94900  
S    23.79700   19.04100   24.30500  
C    23.50300   20.81500   24.48600  
H    24.30600   21.39600   24.94600  
H    23.07000   21.21500   23.56600  
H    22.65300   20.86000   25.17300  
O    24.82600   18.78000   25.36100  
C    28.19000   17.09500   23.72300  
H    28.72400   17.90000   24.23500  
H    28.29400   17.14100   22.63600  
H    27.13400   17.31500   23.89800  
S    28.62500   15.46500   24.36900  
C    28.05100   15.66700   26.07100  
H    26.97700   15.80600   25.92300  
H    28.20300   14.69700   26.55200  
H    28.44600   16.54300   26.59100  
O    30.10900   15.58200   24.52800  
C    21.72200   10.35400   31.73700  
H    22.53300   11.05600   31.94300  
H    20.90600   10.39500   32.46400  
H    22.09800   9.33100    31.66100  
S    21.15200   10.91800   30.11800  
C    19.92500   9.65200    29.72000  
H    19.07200   9.73900    30.39700  
H    19.59400   9.79900    28.68800  
H    20.46100   8.70100    29.78700  
O    22.33300   10.69200   29.22600  
C    23.36500   10.39000   24.69300  
H    23.62800   11.41300   24.41500  
H    23.78600   10.25000   25.69200  
H    23.73000   9.65800    23.96800  
S    21.56500   10.25900   24.78800  
C    21.40000   11.40300   26.17700  
H    20.45200   11.29800   26.71200  
H    22.25300   11.24100   26.84000  
H    21.44400   12.39500   25.71900  
O    21.30700   8.91600    25.39700  
C    31.04900   13.56800   26.76400  
H    29.97900   13.52500   26.54500  
H    31.20400   14.33500   27.52700  
H    31.55200   13.91400   25.85800  
S    31.48800   11.95900   27.46000  
C    30.06200   11.85100   28.56500  
H    30.29600   11.01300   29.22600  
H    29.94500   12.81800   29.06100  
H    29.20400   11.59600   27.93800  
O    32.53400   12.22400   28.49700  
C    21.96300   16.68000   22.50100  
H    21.97800   16.81800   21.41700  
H    21.47800   17.54500   22.96100  
H    22.92800   16.51400   22.98700  
S    21.07100   15.26200   23.17900  
C    19.39200   15.65300   22.63800  
H    18.69400   15.11900   23.28700  
H    19.23500   16.71700   22.83200  
H    19.34200   15.36600   21.58400  
O    20.98700   15.56500   24.64200  
$end

$rem
JOBTYPE  SP
METHOD  B3LYP
BASIS  6-31+G(D)
SYMMETRY  FALSE
SYM_IGNORE  TRUE
MEM_TOTAL  12000
MEM_STATIC  4000
BASIS_LIN_DEP_THRESH  6
THRESH  14
SCF_CONVERGENCE  8
FD_MAT_VEC_PROD  FALSE
XC_GRID  000075000302
NL_GRID  1
MAX_SCF_CYCLES  200
SCF_GUESS  READ
GEN_SCFMAN  FALSE
SKIP_SCFMAN  TRUE
ESP_GRID  0
ESP_EFIELD  1
$end
