$molecule
0 1
--
0 1
C    23.26400   17.75400   31.11500  
C    24.02100   16.43400   30.89500  
C    24.75500   16.42100   29.54400  
C    25.66000   17.64200   29.31100  
C    24.89200   18.96200   29.48700  
C    24.15900   18.97400   30.83800  
H    25.32900   15.50500   29.72800  
H    24.76900   16.32900   31.68900  
H    22.40700   17.81700   30.43300  
H    22.91900   17.58200   32.14200  
H    26.55700   17.49300   29.92400  
H    26.03600   17.58700   28.28200  
H    25.62200   19.78000   29.42800  
H    24.17300   19.09200   28.66900  
H    24.87400   19.09400   31.66100  
H    23.62500   19.92600   30.93800  
H    24.01800   16.19400   28.76400  
N    23.04400   15.34800   30.95300  
H    22.07800   15.45700   30.66900  
C    23.31300   14.08700   31.44100  
H    22.43600   13.41500   31.41500  
O    24.37400   13.99200   32.03300  
--
0 1
C    24.62900   22.89300   29.14800  
H    25.37500   22.56700   28.41900  
H    24.60600   22.14100   29.94100  
H    23.64800   22.99300   28.67600  
S    25.07600   24.47400   29.90000  
C    25.31200   25.30800   28.31500  
H    24.41800   25.30900   27.68600  
H    25.63600   26.30500   28.62400  
H    26.12700   24.88800   27.72000  
O    26.41400   24.36100   30.56300  
C    21.02600   19.58900   28.64400  
H    21.53800   20.32300   28.01600  
H    21.08000   19.87700   29.69700  
H    21.55000   18.63700   28.53500  
S    19.30800   19.40100   28.11700  
C    18.70400   18.33200   29.44300  
H    19.11900   17.34300   29.23400  
H    19.13600   18.73500   30.36300  
H    17.61600   18.33900   29.33500  
O    19.42500   18.52900   26.90600  
C    28.62700   14.97500   29.94100  
H    28.54700   16.04000   30.17100  
H    29.61500   14.50900   29.88700  
H    28.27800   14.80000   28.92000  
S    27.46100   14.08600   30.99700  
C    28.73800   13.69900   32.21500  
H    29.55700   13.16500   31.72600  
H    29.17200   14.68000   32.42300  
H    28.24600   13.30600   33.10800  
O    27.41700   12.74100   30.34200  
C    25.14300   10.51600   30.15500  
H    25.07200   11.45300   30.71500  
H    25.09600   9.57300    30.70600  
H    26.03600   10.61100   29.53300  
S    23.76300   10.48400   28.98900  
C    24.30400   11.85400   27.94200  
H    24.32100   12.73500   28.58700  
H    25.33800   11.65200   27.65100  
H    23.62400   12.07000   27.11400  
O    22.72300   11.24000   29.75600  
C    30.52200   19.11300   27.05600  
H    30.47700   20.15900   26.74000  
H    31.52100   18.84200   27.40800  
H    30.32100   18.51700   26.16300  
S    29.29300   18.67300   28.30500  
C    30.46800   18.26100   29.61600  
H    31.14600   19.03900   29.97500  
H    29.88400   17.90700   30.46900  
H    30.93100   17.36000   29.20500  
O    28.75000   17.37000   27.80500  
C    24.40100   20.18100   35.40200  
H    24.59100   19.10700   35.46300  
H    23.32600   20.28900   35.56800  
H    24.74000   20.55200   34.43100  
S    25.26800   21.17100   36.64000  
C    26.76800   20.16400   36.68000  
H    26.88700   19.63100   37.62700  
H    26.64600   19.37700   35.93200  
H    27.65000   20.78100   36.48900  
O    24.65700   20.89000   37.97700  
C    22.11800   8.54300    31.75600  
H    22.06200   7.49800    31.44200  
H    22.21100   9.20000    30.88800  
H    22.87200   8.76300    32.51600  
S    20.64200   8.77000    32.77500  
C    21.00600   10.53000   32.96600  
H    22.08300   10.71400   33.00400  
H    20.53700   11.09700   32.15800  
H    20.56600   10.80500   33.92800  
O    21.05000   8.13000    34.06500  
C    20.99700   19.86100   33.12100  
H    20.62600   19.90200   32.09400  
H    21.19700   20.92000   33.29800  
H    21.87300   19.21300   33.20600  
S    19.72300   19.20200   34.22000  
C    18.58100   20.56700   33.90600  
H    19.19700   21.44800   34.10300  
H    18.22400   20.60300   32.87400  
H    17.79900   20.46100   34.66300  
O    20.36600   19.48500   35.54200  
C    16.52800   9.26400    32.36300  
H    15.53600   9.50500    32.75300  
H    16.57800   8.50800    31.57500  
H    17.05800   8.90500    33.24800  
S    17.38200   10.72500   31.72900  
C    16.30600   11.01000   30.30600  
H    15.26700   10.80200   30.57300  
H    16.46300   12.03500   29.96100  
H    16.56800   10.30700   29.51100  
O    18.61100   10.22500   31.03500  
C    19.86700   15.64500   25.46900  
H    19.25600   16.30500   26.08900  
H    20.68100   16.17100   24.96300  
H    19.26700   15.07500   24.75500  
S    20.67600   14.48000   26.58900  
C    21.49200   15.83100   27.46900  
H    22.43200   16.12900   26.99800  
H    20.85900   16.72000   27.53200  
H    21.71800   15.39900   28.44700  
O    21.60500   13.73100   25.68500  
C    27.23200   21.55100   31.39800  
H    26.25400   21.88800   31.75000  
H    27.59800   22.44000   30.87900  
H    27.09400   20.67100   30.76400  
S    28.19000   21.36200   32.91800  
C    29.23400   20.07000   32.20700  
H    28.60500   19.32900   31.70700  
H    29.86400   20.58400   31.47600  
H    29.79000   19.61800   33.03300  
O    27.30900   20.49900   33.76700  
C    25.23500   23.80900   33.65500  
H    25.48200   23.88900   32.59300  
H    25.67400   24.68300   34.14300  
H    25.46300   22.82900   34.08100  
S    23.43400   23.94000   33.70700  
C    23.11200   23.71500   35.47000  
H    22.17000   24.19000   35.75800  
H    23.04800   22.63800   35.64500  
H    23.86200   24.31600   35.99100  
O    22.91000   22.68300   33.08500  
C    30.03900   12.98100   26.59300  
H    30.80900   13.18600   27.34200  
H    30.34500   12.32400   25.77500  
H    29.64300   13.94800   26.27200  
S    28.70700   12.13900   27.47700  
C    29.71900   10.73300   27.99000  
H    30.19100   10.25200   27.12900  
H    30.42600   11.23300   28.65700  
H    29.11000   9.97300    28.48700  
O    27.93300   11.58600   26.32100  
C    24.28900   11.57200   34.47600  
H    24.34500   11.47000   33.38900  
H    23.51600   12.31600   34.68400  
H    25.29000   11.91200   34.75300  
S    23.77100   9.93400    35.03400  
C    23.77300   10.28800   36.80600  
H    22.76500   10.66800   36.99100  
H    23.87600   9.39900    37.43400  
H    24.58300   11.00800   36.95000  
O    24.98200   9.06200    34.91900  
C    28.05300   9.94500    33.67600  
H    27.25500   9.44500    33.12100  
H    28.03200   9.59800    34.71200  
H    28.01300   11.01400   33.45300  
S    29.63800   9.45100    32.96300  
C    28.78600   9.30200    31.37700  
H    28.01300   8.53200    31.32000  
H    28.38000   10.28700   31.13300  
H    29.52900   9.06400    30.61100  
O    29.97300   8.04000    33.33500  
C    32.73000   16.39900   31.53700  
H    32.58400   17.21800   30.82800  
H    33.79500   16.16900   31.62200  
H    32.28100   15.47500   31.16100  
S    32.21000   17.02400   33.15000  
C    32.19600   15.41900   33.98100  
H    31.57600   15.60400   34.86200  
H    31.58600   14.65300   33.49600  
H    33.20300   15.04300   34.17800  
O    30.75800   17.20900   32.83600  
C    17.77900   23.21900   31.73700  
H    17.67500   24.17100   32.26300  
H    17.19300   23.14800   30.81700  
H    17.40500   22.45400   32.42200  
S    19.44800   22.74700   31.23000  
C    19.48800   23.84600   29.79700  
H    18.52700   24.36700   29.81600  
H    20.31900   24.52600   30.00100  
H    19.66900   23.29500   28.87000  
O    19.19700   21.33400   30.80300  
C    19.56400   15.73900   35.63300  
H    18.93000   14.93100   36.00800  
H    19.46800   16.55700   36.35200  
H    19.23800   16.14400   34.67200  
S    21.25900   15.12000   35.54900  
C    21.74300   16.08700   34.10100  
H    22.57300   15.55400   33.62900  
H    20.89800   16.01600   33.41200  
H    21.95400   17.12800   34.35800  
O    21.01200   13.71500   35.09300  
C    22.84700   17.64300   37.87900  
H    22.45900   17.57400   36.86000  
H    23.72600   18.28800   37.94900  
H    23.20400   16.65000   38.16500  
S    21.46300   18.07900   38.95500  
C    21.44000   19.88000   38.80300  
H    20.67200   20.39400   39.38700  
H    22.37500   20.26200   39.22000  
H    21.27500   20.17200   37.76300  
O    22.12200   17.64700   40.22800  
C    27.29200   16.42300   34.13200  
H    28.28000   15.95700   34.10400  
H    26.69000   15.96100   33.34500  
H    27.41200   17.50900   34.12800  
S    26.49700   15.98900   35.69600  
C    26.35800   14.20800   35.42900  
H    25.59000   14.06200   34.66500  
H    27.36200   13.88600   35.14000  
H    26.01300   13.71100   36.34000  
O    25.07700   16.46300   35.67700  
C    22.64600   20.35500   25.57200  
H    23.60100   19.98200   25.95100  
H    22.64300   21.44800   25.57500  
H    21.78100   19.87900   26.04100  
S    22.61800   19.86000   23.83500  
C    23.32900   18.22200   24.10700  
H    24.34300   18.33300   24.50200  
H    22.77900   17.64300   24.85300  
H    23.24100   17.61600   23.20200  
O    23.77200   20.71600   23.41200  
C    26.99900   21.58400   23.34000  
H    27.38500   22.29600   24.07400  
H    27.61400   21.73900   22.45000  
H    25.93200   21.75900   23.18200  
S    27.47500   19.92400   23.87300  
C    26.86200   19.97300   25.57200  
H    25.77300   19.97400   25.66700  
H    27.40800   19.17000   26.07300  
H    27.16200   20.97100   25.90300  
O    28.94200   20.15100   24.07000  
C    28.50000   16.30300   24.90200  
H    28.98300   15.92000   25.80500  
H    28.89700   15.68500   24.09300  
H    28.76700   17.34600   24.71000  
S    26.69900   16.16900   24.93400  
C    26.64200   14.76600   26.07100  
H    27.05400   15.04000   27.04500  
H    25.57100   14.61700   26.23100  
H    27.14800   13.88700   25.66300  
O    26.37700   15.51000   23.62900  
C    19.47000   13.40900   30.01600  
H    18.89600   12.49200   30.17500  
H    18.99700   14.08700   29.30100  
H    20.46500   13.06500   29.72300  
S    19.57000   14.35700   31.55100  
C    17.81400   14.78200   31.59900  
H    17.74700   15.51300   32.40900  
H    17.39300   15.20700   30.68500  
H    17.25000   13.86100   31.76800  
O    20.27500   15.54500   30.97200  
C    29.30800   22.97500   26.36500  
H    29.24400   21.91900   26.09300  
H    28.59500   23.64500   25.87600  
H    30.32100   23.35100   26.20300  
S    28.83400   22.92100   28.10800  
C    30.43600   22.40900   28.76900  
H    30.66600   21.37000   28.51900  
H    31.22000   23.00600   28.29600  
H    30.48000   22.51000   29.85600  
O    27.85100   21.79300   28.14000  
C    19.28400   7.76800    27.71800  
H    18.97300   8.18000    26.75500  
H    19.64600   6.76300    27.48900  
H    18.38800   7.74400    28.34400  
S    20.63300   8.81500    28.30900  
C    19.95900   10.40700   27.78300  
H    19.69900   10.42600   26.72100  
H    18.98900   10.50000   28.27700  
H    20.64000   11.21300   28.06600  
O    21.56800   8.49200    27.18500  
$end

$rem
JOBTYPE  SP
METHOD  B3LYP
BASIS  6-31+G(D)
SYMMETRY  FALSE
SYM_IGNORE  TRUE
MEM_TOTAL  12000
MEM_STATIC  4000
BASIS_LIN_DEP_THRESH  6
THRESH  14
SCF_CONVERGENCE  8
FD_MAT_VEC_PROD  FALSE
XC_GRID  000075000302
NL_GRID  1
MAX_SCF_CYCLES  200
ENV_METHOD  B3LYP
GEN_SCFMAN_EMBED  TRUE
SPADE_PARTITION  TRUE
EMBEDDING_EARLY_STOP  TRUE
$end

@@@

$molecule
0 1
@C    23.26400   17.75400   31.11500  
@C    24.02100   16.43400   30.89500  
@C    24.75500   16.42100   29.54400  
@C    25.66000   17.64200   29.31100  
@C    24.89200   18.96200   29.48700  
@C    24.15900   18.97400   30.83800  
@H    25.32900   15.50500   29.72800  
@H    24.76900   16.32900   31.68900  
@H    22.40700   17.81700   30.43300  
@H    22.91900   17.58200   32.14200  
@H    26.55700   17.49300   29.92400  
@H    26.03600   17.58700   28.28200  
@H    25.62200   19.78000   29.42800  
@H    24.17300   19.09200   28.66900  
@H    24.87400   19.09400   31.66100  
@H    23.62500   19.92600   30.93800  
@H    24.01800   16.19400   28.76400  
@N    23.04400   15.34800   30.95300  
@H    22.07800   15.45700   30.66900  
@C    23.31300   14.08700   31.44100  
@H    22.43600   13.41500   31.41500  
@O    24.37400   13.99200   32.03300  
C    24.62900   22.89300   29.14800  
H    25.37500   22.56700   28.41900  
H    24.60600   22.14100   29.94100  
H    23.64800   22.99300   28.67600  
S    25.07600   24.47400   29.90000  
C    25.31200   25.30800   28.31500  
H    24.41800   25.30900   27.68600  
H    25.63600   26.30500   28.62400  
H    26.12700   24.88800   27.72000  
O    26.41400   24.36100   30.56300  
C    21.02600   19.58900   28.64400  
H    21.53800   20.32300   28.01600  
H    21.08000   19.87700   29.69700  
H    21.55000   18.63700   28.53500  
S    19.30800   19.40100   28.11700  
C    18.70400   18.33200   29.44300  
H    19.11900   17.34300   29.23400  
H    19.13600   18.73500   30.36300  
H    17.61600   18.33900   29.33500  
O    19.42500   18.52900   26.90600  
C    28.62700   14.97500   29.94100  
H    28.54700   16.04000   30.17100  
H    29.61500   14.50900   29.88700  
H    28.27800   14.80000   28.92000  
S    27.46100   14.08600   30.99700  
C    28.73800   13.69900   32.21500  
H    29.55700   13.16500   31.72600  
H    29.17200   14.68000   32.42300  
H    28.24600   13.30600   33.10800  
O    27.41700   12.74100   30.34200  
C    25.14300   10.51600   30.15500  
H    25.07200   11.45300   30.71500  
H    25.09600   9.57300    30.70600  
H    26.03600   10.61100   29.53300  
S    23.76300   10.48400   28.98900  
C    24.30400   11.85400   27.94200  
H    24.32100   12.73500   28.58700  
H    25.33800   11.65200   27.65100  
H    23.62400   12.07000   27.11400  
O    22.72300   11.24000   29.75600  
C    30.52200   19.11300   27.05600  
H    30.47700   20.15900   26.74000  
H    31.52100   18.84200   27.40800  
H    30.32100   18.51700   26.16300  
S    29.29300   18.67300   28.30500  
C    30.46800   18.26100   29.61600  
H    31.14600   19.03900   29.97500  
H    29.88400   17.90700   30.46900  
H    30.93100   17.36000   29.20500  
O    28.75000   17.37000   27.80500  
C    24.40100   20.18100   35.40200  
H    24.59100   19.10700   35.46300  
H    23.32600   20.28900   35.56800  
H    24.74000   20.55200   34.43100  
S    25.26800   21.17100   36.64000  
C    26.76800   20.16400   36.68000  
H    26.88700   19.63100   37.62700  
H    26.64600   19.37700   35.93200  
H    27.65000   20.78100   36.48900  
O    24.65700   20.89000   37.97700  
C    22.11800   8.54300    31.75600  
H    22.06200   7.49800    31.44200  
H    22.21100   9.20000    30.88800  
H    22.87200   8.76300    32.51600  
S    20.64200   8.77000    32.77500  
C    21.00600   10.53000   32.96600  
H    22.08300   10.71400   33.00400  
H    20.53700   11.09700   32.15800  
H    20.56600   10.80500   33.92800  
O    21.05000   8.13000    34.06500  
C    20.99700   19.86100   33.12100  
H    20.62600   19.90200   32.09400  
H    21.19700   20.92000   33.29800  
H    21.87300   19.21300   33.20600  
S    19.72300   19.20200   34.22000  
C    18.58100   20.56700   33.90600  
H    19.19700   21.44800   34.10300  
H    18.22400   20.60300   32.87400  
H    17.79900   20.46100   34.66300  
O    20.36600   19.48500   35.54200  
C    16.52800   9.26400    32.36300  
H    15.53600   9.50500    32.75300  
H    16.57800   8.50800    31.57500  
H    17.05800   8.90500    33.24800  
S    17.38200   10.72500   31.72900  
C    16.30600   11.01000   30.30600  
H    15.26700   10.80200   30.57300  
H    16.46300   12.03500   29.96100  
H    16.56800   10.30700   29.51100  
O    18.61100   10.22500   31.03500  
C    19.86700   15.64500   25.46900  
H    19.25600   16.30500   26.08900  
H    20.68100   16.17100   24.96300  
H    19.26700   15.07500   24.75500  
S    20.67600   14.48000   26.58900  
C    21.49200   15.83100   27.46900  
H    22.43200   16.12900   26.99800  
H    20.85900   16.72000   27.53200  
H    21.71800   15.39900   28.44700  
O    21.60500   13.73100   25.68500  
C    27.23200   21.55100   31.39800  
H    26.25400   21.88800   31.75000  
H    27.59800   22.44000   30.87900  
H    27.09400   20.67100   30.76400  
S    28.19000   21.36200   32.91800  
C    29.23400   20.07000   32.20700  
H    28.60500   19.32900   31.70700  
H    29.86400   20.58400   31.47600  
H    29.79000   19.61800   33.03300  
O    27.30900   20.49900   33.76700  
C    25.23500   23.80900   33.65500  
H    25.48200   23.88900   32.59300  
H    25.67400   24.68300   34.14300  
H    25.46300   22.82900   34.08100  
S    23.43400   23.94000   33.70700  
C    23.11200   23.71500   35.47000  
H    22.17000   24.19000   35.75800  
H    23.04800   22.63800   35.64500  
H    23.86200   24.31600   35.99100  
O    22.91000   22.68300   33.08500  
C    30.03900   12.98100   26.59300  
H    30.80900   13.18600   27.34200  
H    30.34500   12.32400   25.77500  
H    29.64300   13.94800   26.27200  
S    28.70700   12.13900   27.47700  
C    29.71900   10.73300   27.99000  
H    30.19100   10.25200   27.12900  
H    30.42600   11.23300   28.65700  
H    29.11000   9.97300    28.48700  
O    27.93300   11.58600   26.32100  
C    24.28900   11.57200   34.47600  
H    24.34500   11.47000   33.38900  
H    23.51600   12.31600   34.68400  
H    25.29000   11.91200   34.75300  
S    23.77100   9.93400    35.03400  
C    23.77300   10.28800   36.80600  
H    22.76500   10.66800   36.99100  
H    23.87600   9.39900    37.43400  
H    24.58300   11.00800   36.95000  
O    24.98200   9.06200    34.91900  
C    28.05300   9.94500    33.67600  
H    27.25500   9.44500    33.12100  
H    28.03200   9.59800    34.71200  
H    28.01300   11.01400   33.45300  
S    29.63800   9.45100    32.96300  
C    28.78600   9.30200    31.37700  
H    28.01300   8.53200    31.32000  
H    28.38000   10.28700   31.13300  
H    29.52900   9.06400    30.61100  
O    29.97300   8.04000    33.33500  
C    32.73000   16.39900   31.53700  
H    32.58400   17.21800   30.82800  
H    33.79500   16.16900   31.62200  
H    32.28100   15.47500   31.16100  
S    32.21000   17.02400   33.15000  
C    32.19600   15.41900   33.98100  
H    31.57600   15.60400   34.86200  
H    31.58600   14.65300   33.49600  
H    33.20300   15.04300   34.17800  
O    30.75800   17.20900   32.83600  
C    17.77900   23.21900   31.73700  
H    17.67500   24.17100   32.26300  
H    17.19300   23.14800   30.81700  
H    17.40500   22.45400   32.42200  
S    19.44800   22.74700   31.23000  
C    19.48800   23.84600   29.79700  
H    18.52700   24.36700   29.81600  
H    20.31900   24.52600   30.00100  
H    19.66900   23.29500   28.87000  
O    19.19700   21.33400   30.80300  
C    19.56400   15.73900   35.63300  
H    18.93000   14.93100   36.00800  
H    19.46800   16.55700   36.35200  
H    19.23800   16.14400   34.67200  
S    21.25900   15.12000   35.54900  
C    21.74300   16.08700   34.10100  
H    22.57300   15.55400   33.62900  
H    20.89800   16.01600   33.41200  
H    21.95400   17.12800   34.35800  
O    21.01200   13.71500   35.09300  
C    22.84700   17.64300   37.87900  
H    22.45900   17.57400   36.86000  
H    23.72600   18.28800   37.94900  
H    23.20400   16.65000   38.16500  
S    21.46300   18.07900   38.95500  
C    21.44000   19.88000   38.80300  
H    20.67200   20.39400   39.38700  
H    22.37500   20.26200   39.22000  
H    21.27500   20.17200   37.76300  
O    22.12200   17.64700   40.22800  
C    27.29200   16.42300   34.13200  
H    28.28000   15.95700   34.10400  
H    26.69000   15.96100   33.34500  
H    27.41200   17.50900   34.12800  
S    26.49700   15.98900   35.69600  
C    26.35800   14.20800   35.42900  
H    25.59000   14.06200   34.66500  
H    27.36200   13.88600   35.14000  
H    26.01300   13.71100   36.34000  
O    25.07700   16.46300   35.67700  
C    22.64600   20.35500   25.57200  
H    23.60100   19.98200   25.95100  
H    22.64300   21.44800   25.57500  
H    21.78100   19.87900   26.04100  
S    22.61800   19.86000   23.83500  
C    23.32900   18.22200   24.10700  
H    24.34300   18.33300   24.50200  
H    22.77900   17.64300   24.85300  
H    23.24100   17.61600   23.20200  
O    23.77200   20.71600   23.41200  
C    26.99900   21.58400   23.34000  
H    27.38500   22.29600   24.07400  
H    27.61400   21.73900   22.45000  
H    25.93200   21.75900   23.18200  
S    27.47500   19.92400   23.87300  
C    26.86200   19.97300   25.57200  
H    25.77300   19.97400   25.66700  
H    27.40800   19.17000   26.07300  
H    27.16200   20.97100   25.90300  
O    28.94200   20.15100   24.07000  
C    28.50000   16.30300   24.90200  
H    28.98300   15.92000   25.80500  
H    28.89700   15.68500   24.09300  
H    28.76700   17.34600   24.71000  
S    26.69900   16.16900   24.93400  
C    26.64200   14.76600   26.07100  
H    27.05400   15.04000   27.04500  
H    25.57100   14.61700   26.23100  
H    27.14800   13.88700   25.66300  
O    26.37700   15.51000   23.62900  
C    19.47000   13.40900   30.01600  
H    18.89600   12.49200   30.17500  
H    18.99700   14.08700   29.30100  
H    20.46500   13.06500   29.72300  
S    19.57000   14.35700   31.55100  
C    17.81400   14.78200   31.59900  
H    17.74700   15.51300   32.40900  
H    17.39300   15.20700   30.68500  
H    17.25000   13.86100   31.76800  
O    20.27500   15.54500   30.97200  
C    29.30800   22.97500   26.36500  
H    29.24400   21.91900   26.09300  
H    28.59500   23.64500   25.87600  
H    30.32100   23.35100   26.20300  
S    28.83400   22.92100   28.10800  
C    30.43600   22.40900   28.76900  
H    30.66600   21.37000   28.51900  
H    31.22000   23.00600   28.29600  
H    30.48000   22.51000   29.85600  
O    27.85100   21.79300   28.14000  
C    19.28400   7.76800    27.71800  
H    18.97300   8.18000    26.75500  
H    19.64600   6.76300    27.48900  
H    18.38800   7.74400    28.34400  
S    20.63300   8.81500    28.30900  
C    19.95900   10.40700   27.78300  
H    19.69900   10.42600   26.72100  
H    18.98900   10.50000   28.27700  
H    20.64000   11.21300   28.06600  
O    21.56800   8.49200    27.18500  
$end

$rem
JOBTYPE  SP
METHOD  B3LYP
BASIS  6-31+G(D)
SYMMETRY  FALSE
SYM_IGNORE  TRUE
MEM_TOTAL  12000
MEM_STATIC  4000
BASIS_LIN_DEP_THRESH  6
THRESH  14
SCF_CONVERGENCE  8
FD_MAT_VEC_PROD  FALSE
XC_GRID  000075000302
NL_GRID  1
MAX_SCF_CYCLES  200
SCF_GUESS  READ
GEN_SCFMAN  FALSE
SKIP_SCFMAN  TRUE
ESP_GRID  0
ESP_EFIELD  1
$end
