$molecule
0 1
--
0 1
C    19.64000   22.51600   28.88700  
C    20.50700   21.46800   29.60300  
C    21.40000   20.69800   28.61600  
C    22.29300   21.68900   27.85100  
C    21.43200   22.64600   27.01000  
C    20.52800   23.40200   27.99700  
H    22.01700   19.97500   29.16400  
H    21.09300   21.90000   30.42400  
H    18.84000   22.07300   28.28300  
H    19.13800   23.15500   29.62500  
H    23.00100   22.31700   28.40600  
H    22.88700   21.03600   27.20100  
H    22.10800   23.27900   26.42200  
H    20.82000   22.16100   26.24000  
H    21.17300   24.09200   28.55500  
H    19.93000   24.06100   27.35600  
H    20.88800   20.06000   27.88500  
N    19.65800   20.45000   30.22000  
H    18.79300   20.17000   29.77300  
C    20.00100   19.63100   31.27500  
H    19.21500   18.88800   31.49900  
O    21.08800   19.77800   31.80500  
--
0 1
C    27.30800   24.37600   29.76400  
H    27.15200   23.43700   29.22800  
H    28.21100   24.89200   29.42700  
H    27.22200   24.21500   30.84200  
S    25.78900   25.20900   29.25000  
C    26.35300   26.80700   29.87900  
H    27.24200   26.90700   29.25100  
H    25.57600   27.53500   29.63100  
H    26.51200   26.83800   30.96000  
O    24.76100   24.77700   30.24900  
C    15.96700   28.13600   29.31200  
H    15.89500   28.45800   28.27000  
H    16.82600   28.62100   29.78300  
H    15.96800   27.04900   29.42700  
S    14.51200   28.83400   30.12600  
C    14.92000   28.24300   31.78400  
H    14.13800   28.44300   32.52100  
H    15.08000   27.16600   31.68600  
H    15.83700   28.71800   32.14000  
O    13.49200   27.86400   29.61800  
C    17.84900   24.11800   23.36800  
H    17.74900   23.03900   23.22200  
H    17.52000   24.50400   24.33600  
H    17.41000   24.68900   22.54600  
S    19.65000   24.17400   23.22300  
C    19.75100   25.89700   22.68600  
H    19.16800   26.39800   23.46200  
H    20.81300   26.15400   22.70400  
H    19.34900   25.98200   21.67300  
O    19.89500   23.29200   22.03900  
C    18.13700   21.12100   19.72100  
H    17.53600   21.41900   18.85900  
H    18.23100   21.99100   20.37700  
H    19.16600   20.92300   19.40800  
S    17.30500   19.68800   20.44100  
C    15.93300   20.65600   21.10800  
H    16.22400   20.98900   22.10800  
H    15.60900   21.55800   20.58300  
H    15.11500   19.94000   21.22000  
O    18.13500   19.11900   21.55000  
C    18.15600   26.39800   32.28200  
H    17.13100   26.65000   31.99700  
H    18.73800   26.02300   31.43600  
H    18.13300   25.65900   33.08700  
S    18.88000   27.90600   32.96500  
C    17.79200   28.01000   34.40400  
H    18.07500   27.30200   35.18600  
H    17.74300   29.07300   34.65500  
H    16.76600   27.81300   34.08300  
O    18.28100   29.13200   32.35100  
C    24.26000   16.96500   27.28200  
H    25.02100   17.74100   27.16300  
H    24.72800   15.99800   27.48700  
H    23.55700   16.93000   26.44600  
S    23.25100   17.23100   28.75700  
C    24.42000   16.79700   30.06500  
H    23.88600   16.98500   31.00000  
H    24.82500   15.80500   29.84700  
H    25.29800   17.44800   30.04500  
O    22.35900   16.04200   28.58100  
C    21.36600   12.84600   30.42900  
H    21.05300   13.38700   29.53200  
H    22.45500   12.89100   30.51700  
H    21.10000   11.79400   30.29900  
S    20.71900   13.37400   32.03200  
C    21.54500   14.98000   32.06600  
H    22.57900   14.79400   32.36600  
H    21.48800   15.35700   31.04100  
H    20.98100   15.51500   32.83400  
O    21.31700   12.47800   33.07200  
C    28.72100   18.97700   25.43900  
H    29.11100   19.91900   25.83300  
H    29.56100   18.33000   25.17600  
H    28.02500   19.15300   24.61500  
S    27.99900   17.95700   26.74400  
C    29.51100   17.92600   27.73300  
H    30.36900   17.58100   27.15100  
H    29.62600   18.97000   28.03700  
H    29.39200   17.19900   28.54000  
O    28.09900   16.56300   26.20800  
C    18.45600   22.98900   35.25200  
H    19.14000   22.33400   35.79900  
H    17.52000   22.42500   35.22800  
H    18.67500   23.19700   34.20200  
S    18.22900   24.54600   36.14000  
C    18.08900   23.66800   37.71400  
H    19.09500   23.43800   38.07500  
H    17.42900   24.22900   38.38000  
H    17.61500   22.68500   37.66200  
O    16.84100   24.88700   35.69400  
C    21.43700   21.19300   37.49700  
H    21.80800   21.98000   36.83600  
H    20.91000   20.40300   36.95500  
H    20.82600   21.58500   38.31300  
S    22.97800   20.61600   38.24500  
C    23.60200   22.20900   38.82400  
H    23.60200   22.92200   37.99500  
H    22.96400   22.68500   39.57300  
H    24.60700   21.97100   39.18200  
O    23.79900   20.36400   37.01900  
C    19.28500   18.61400   34.48000  
H    19.53000   17.60700   34.13300  
H    19.22300   19.35400   33.67800  
H    20.00600   18.84900   35.26800  
S    17.70200   18.59400   35.35200  
C    16.70700   18.62700   33.84400  
H    16.69500   17.61500   33.43100  
H    15.71100   19.02300   34.05800  
H    17.09100   19.34900   33.11800  
O    17.61800   20.00900   35.83300  
C    14.95800   18.14200   29.71500  
H    13.87200   18.20600   29.60700  
H    15.38400   17.75400   28.78700  
H    15.24100   17.52200   30.56900  
S    15.66300   19.80200   29.82800  
C    14.95000   20.31200   28.24800  
H    13.90800   20.55600   28.47100  
H    15.37400   21.25700   27.90100  
H    15.06400   19.54400   27.47800  
O    17.13200   19.60700   29.61600  
C    20.81200   16.79500   24.36900  
H    20.90400   17.28200   25.34300  
H    21.79900   16.60000   23.94200  
H    20.22100   17.38700   23.66400  
S    20.10200   15.14100   24.52700  
C    21.57100   14.36900   25.24200  
H    21.58000   13.27800   25.31700  
H    22.52400   14.73000   24.84700  
H    21.50400   14.70700   26.27900  
O    20.09600   14.66700   23.10700  
C    26.02300   20.89900   29.97100  
H    26.93700   20.43400   29.59300  
H    25.29400   20.76500   29.16900  
H    26.09600   21.93700   30.30600  
S    25.52800   19.90500   31.39700  
C    24.03900   20.84000   31.81500  
H    23.33600   20.63500   31.00400  
H    23.61900   20.56600   32.78600  
H    24.36800   21.88100   31.75700  
O    26.51700   20.20000   32.48100  
C    21.56700   22.94800   33.81400  
H    20.78400   23.52200   34.31700  
H    21.27400   21.91200   33.62900  
H    22.49500   23.11100   34.36800  
S    21.72600   23.81700   32.23800  
C    21.86300   25.51000   32.85600  
H    21.58300   26.13600   32.00500  
H    21.14300   25.62600   33.67000  
H    22.83500   25.87900   33.19600  
O    20.28300   23.87500   31.84400  
C    22.31200   28.56600   27.74700  
H    23.28000   29.01600   27.97900  
H    22.29800   28.06000   26.77800  
H    21.56400   29.36100   27.68500  
S    21.87400   27.43100   29.08300  
C    20.28100   26.92700   28.39500  
H    19.75200   27.88000   28.31600  
H    20.41400   26.46000   27.41600  
H    19.78000   26.27200   29.11200  
O    21.25500   28.25800   30.16600  
C    18.06800   13.67700   34.75500  
H    18.22800   12.76700   34.17200  
H    19.00900   14.21000   34.91700  
H    17.65000   13.32600   35.70200  
S    17.03200   14.76500   33.75000  
C    16.21600   13.50200   32.74800  
H    15.61500   13.98200   31.97200  
H    17.04000   12.88400   32.38300  
H    15.49900   12.94600   33.35800  
O    18.01800   15.39600   32.81700  
C    22.68500   17.91600   34.91600  
H    21.75000   17.37600   34.74400  
H    22.60600   18.49500   35.84000  
H    22.96400   18.50500   34.03900  
S    23.98700   16.69200   35.18200  
C    25.38400   17.83800   35.19100  
H    25.63800   18.37400   34.27300  
H    25.28800   18.58900   35.97900  
H    26.20500   17.15900   35.43600  
O    24.13000   16.02300   33.85000  
C    24.40100   29.94000   31.28000  
H    25.11200   30.54200   31.85100  
H    24.94500   29.56500   30.41000  
H    23.48400   30.47500   31.01800  
S    23.91200   28.48400   32.23300  
C    22.95400   29.38800   33.47000  
H    22.57200   28.62400   34.15200  
H    23.73900   29.99500   33.92700  
H    22.16600   29.98900   33.01000  
O    25.24500   28.23700   32.86900  
C    25.12500   26.84800   24.71600  
H    25.40600   27.41200   23.82400  
H    24.91800   27.52400   25.55000  
H    25.84000   26.05800   24.95700  
S    23.59700   25.96100   24.33900  
C    24.35500   24.63100   23.38000  
H    24.44100   24.87600   22.31800  
H    25.32600   24.39200   23.82200  
H    23.76500   23.71100   23.37200  
O    22.89800   26.84300   23.35200  
C    24.11900   19.67000   21.60400  
H    24.87800   19.06500   22.10800  
H    24.10700   19.54400   20.51800  
H    24.22700   20.72900   21.85000  
S    22.55500   19.16900   22.35700  
C    21.76700   20.66900   21.72800  
H    20.68000   20.65900   21.84500  
H    22.08000   21.60400   22.19800  
H    21.91300   20.64800   20.64500  
O    22.83600   19.52000   23.78500  
C    18.17200   30.26700   24.08900  
H    18.68600   31.13600   23.67000  
H    17.95300   29.47400   23.37000  
H    17.32000   30.66700   24.64600  
S    19.31100   29.31800   25.12200  
C    20.53600   29.10100   23.81000  
H    20.11100   28.90400   22.82300  
H    21.20400   29.96500   23.76400  
H    21.17600   28.28200   24.14700  
O    18.73000   27.93900   25.15500  
C    25.79000   21.08800   24.69900  
H    24.76100   21.45500   24.74400  
H    26.11600   20.67500   23.74100  
H    25.71200   20.25300   25.40000  
S    26.92200   22.25500   25.48600  
C    25.74800   22.88700   26.70600  
H    25.50800   22.13400   27.46000  
H    26.20200   23.69900   27.28000  
H    24.87600   23.22400   26.13900  
O    27.22800   23.34900   24.51100  
C    16.71100   23.51800   26.88000  
H    15.88400   22.93300   26.46800  
H    17.59200   23.38900   26.24700  
H    17.07300   23.29200   27.88600  
S    15.98800   25.17400   26.87100  
C    14.86400   24.81900   28.24100  
H    14.17500   25.65000   28.40900  
H    14.16400   24.00800   28.02500  
H    15.43800   24.59400   29.14300  
O    15.12700   25.06500   25.65100  
C    17.39400   14.76300   29.54200  
H    16.81000   15.68400   29.62600  
H    16.83800   13.90400   29.15800  
H    17.85400   14.41400   30.47000  
S    18.72300   15.03300   28.34900  
C    19.16100   16.62900   29.07500  
H    19.45700   16.43900   30.10900  
H    19.97100   17.08600   28.50100  
H    18.33700   17.34700   29.04500  
O    17.95000   15.47300   27.14400  
C    17.21400   22.89000   31.56900  
H    16.69500   22.79500   30.61100  
H    18.02600   23.59400   31.36900  
H    17.61600   21.95700   31.97100  
S    15.94700   23.63800   32.61900  
C    14.77800   22.26400   32.52400  
H    14.18800   22.39400   31.61300  
H    15.38100   21.35400   32.47700  
H    14.03000   22.29400   33.32100  
O    15.22700   24.59800   31.72400  
C    18.63600   20.69200   24.54600  
H    18.75000   21.76500   24.71900  
H    19.63300   20.25400   24.64500  
H    18.17000   20.46900   23.58300  
S    17.55500   19.89600   25.75600  
C    17.47600   18.24700   25.02300  
H    16.96200   17.46900   25.59500  
H    17.01400   18.34700   24.03700  
H    18.53300   18.04900   24.83000  
O    16.21100   20.36000   25.28600  
$end

$rem
JOBTYPE  SP
METHOD  B3LYP
BASIS  6-31+G(D)
SYMMETRY  FALSE
SYM_IGNORE  TRUE
MEM_TOTAL  12000
MEM_STATIC  4000
BASIS_LIN_DEP_THRESH  6
THRESH  14
SCF_CONVERGENCE  8
FD_MAT_VEC_PROD  FALSE
XC_GRID  000075000302
NL_GRID  1
MAX_SCF_CYCLES  200
ENV_METHOD  B3LYP
GEN_SCFMAN_EMBED  TRUE
SPADE_PARTITION  TRUE
EMBEDDING_EARLY_STOP  TRUE
$end

@@@

$molecule
0 1
@C    19.64000   22.51600   28.88700  
@C    20.50700   21.46800   29.60300  
@C    21.40000   20.69800   28.61600  
@C    22.29300   21.68900   27.85100  
@C    21.43200   22.64600   27.01000  
@C    20.52800   23.40200   27.99700  
@H    22.01700   19.97500   29.16400  
@H    21.09300   21.90000   30.42400  
@H    18.84000   22.07300   28.28300  
@H    19.13800   23.15500   29.62500  
@H    23.00100   22.31700   28.40600  
@H    22.88700   21.03600   27.20100  
@H    22.10800   23.27900   26.42200  
@H    20.82000   22.16100   26.24000  
@H    21.17300   24.09200   28.55500  
@H    19.93000   24.06100   27.35600  
@H    20.88800   20.06000   27.88500  
@N    19.65800   20.45000   30.22000  
@H    18.79300   20.17000   29.77300  
@C    20.00100   19.63100   31.27500  
@H    19.21500   18.88800   31.49900  
@O    21.08800   19.77800   31.80500  
C    27.30800   24.37600   29.76400  
H    27.15200   23.43700   29.22800  
H    28.21100   24.89200   29.42700  
H    27.22200   24.21500   30.84200  
S    25.78900   25.20900   29.25000  
C    26.35300   26.80700   29.87900  
H    27.24200   26.90700   29.25100  
H    25.57600   27.53500   29.63100  
H    26.51200   26.83800   30.96000  
O    24.76100   24.77700   30.24900  
C    15.96700   28.13600   29.31200  
H    15.89500   28.45800   28.27000  
H    16.82600   28.62100   29.78300  
H    15.96800   27.04900   29.42700  
S    14.51200   28.83400   30.12600  
C    14.92000   28.24300   31.78400  
H    14.13800   28.44300   32.52100  
H    15.08000   27.16600   31.68600  
H    15.83700   28.71800   32.14000  
O    13.49200   27.86400   29.61800  
C    17.84900   24.11800   23.36800  
H    17.74900   23.03900   23.22200  
H    17.52000   24.50400   24.33600  
H    17.41000   24.68900   22.54600  
S    19.65000   24.17400   23.22300  
C    19.75100   25.89700   22.68600  
H    19.16800   26.39800   23.46200  
H    20.81300   26.15400   22.70400  
H    19.34900   25.98200   21.67300  
O    19.89500   23.29200   22.03900  
C    18.13700   21.12100   19.72100  
H    17.53600   21.41900   18.85900  
H    18.23100   21.99100   20.37700  
H    19.16600   20.92300   19.40800  
S    17.30500   19.68800   20.44100  
C    15.93300   20.65600   21.10800  
H    16.22400   20.98900   22.10800  
H    15.60900   21.55800   20.58300  
H    15.11500   19.94000   21.22000  
O    18.13500   19.11900   21.55000  
C    18.15600   26.39800   32.28200  
H    17.13100   26.65000   31.99700  
H    18.73800   26.02300   31.43600  
H    18.13300   25.65900   33.08700  
S    18.88000   27.90600   32.96500  
C    17.79200   28.01000   34.40400  
H    18.07500   27.30200   35.18600  
H    17.74300   29.07300   34.65500  
H    16.76600   27.81300   34.08300  
O    18.28100   29.13200   32.35100  
C    24.26000   16.96500   27.28200  
H    25.02100   17.74100   27.16300  
H    24.72800   15.99800   27.48700  
H    23.55700   16.93000   26.44600  
S    23.25100   17.23100   28.75700  
C    24.42000   16.79700   30.06500  
H    23.88600   16.98500   31.00000  
H    24.82500   15.80500   29.84700  
H    25.29800   17.44800   30.04500  
O    22.35900   16.04200   28.58100  
C    21.36600   12.84600   30.42900  
H    21.05300   13.38700   29.53200  
H    22.45500   12.89100   30.51700  
H    21.10000   11.79400   30.29900  
S    20.71900   13.37400   32.03200  
C    21.54500   14.98000   32.06600  
H    22.57900   14.79400   32.36600  
H    21.48800   15.35700   31.04100  
H    20.98100   15.51500   32.83400  
O    21.31700   12.47800   33.07200  
C    28.72100   18.97700   25.43900  
H    29.11100   19.91900   25.83300  
H    29.56100   18.33000   25.17600  
H    28.02500   19.15300   24.61500  
S    27.99900   17.95700   26.74400  
C    29.51100   17.92600   27.73300  
H    30.36900   17.58100   27.15100  
H    29.62600   18.97000   28.03700  
H    29.39200   17.19900   28.54000  
O    28.09900   16.56300   26.20800  
C    18.45600   22.98900   35.25200  
H    19.14000   22.33400   35.79900  
H    17.52000   22.42500   35.22800  
H    18.67500   23.19700   34.20200  
S    18.22900   24.54600   36.14000  
C    18.08900   23.66800   37.71400  
H    19.09500   23.43800   38.07500  
H    17.42900   24.22900   38.38000  
H    17.61500   22.68500   37.66200  
O    16.84100   24.88700   35.69400  
C    21.43700   21.19300   37.49700  
H    21.80800   21.98000   36.83600  
H    20.91000   20.40300   36.95500  
H    20.82600   21.58500   38.31300  
S    22.97800   20.61600   38.24500  
C    23.60200   22.20900   38.82400  
H    23.60200   22.92200   37.99500  
H    22.96400   22.68500   39.57300  
H    24.60700   21.97100   39.18200  
O    23.79900   20.36400   37.01900  
C    19.28500   18.61400   34.48000  
H    19.53000   17.60700   34.13300  
H    19.22300   19.35400   33.67800  
H    20.00600   18.84900   35.26800  
S    17.70200   18.59400   35.35200  
C    16.70700   18.62700   33.84400  
H    16.69500   17.61500   33.43100  
H    15.71100   19.02300   34.05800  
H    17.09100   19.34900   33.11800  
O    17.61800   20.00900   35.83300  
C    14.95800   18.14200   29.71500  
H    13.87200   18.20600   29.60700  
H    15.38400   17.75400   28.78700  
H    15.24100   17.52200   30.56900  
S    15.66300   19.80200   29.82800  
C    14.95000   20.31200   28.24800  
H    13.90800   20.55600   28.47100  
H    15.37400   21.25700   27.90100  
H    15.06400   19.54400   27.47800  
O    17.13200   19.60700   29.61600  
C    20.81200   16.79500   24.36900  
H    20.90400   17.28200   25.34300  
H    21.79900   16.60000   23.94200  
H    20.22100   17.38700   23.66400  
S    20.10200   15.14100   24.52700  
C    21.57100   14.36900   25.24200  
H    21.58000   13.27800   25.31700  
H    22.52400   14.73000   24.84700  
H    21.50400   14.70700   26.27900  
O    20.09600   14.66700   23.10700  
C    26.02300   20.89900   29.97100  
H    26.93700   20.43400   29.59300  
H    25.29400   20.76500   29.16900  
H    26.09600   21.93700   30.30600  
S    25.52800   19.90500   31.39700  
C    24.03900   20.84000   31.81500  
H    23.33600   20.63500   31.00400  
H    23.61900   20.56600   32.78600  
H    24.36800   21.88100   31.75700  
O    26.51700   20.20000   32.48100  
C    21.56700   22.94800   33.81400  
H    20.78400   23.52200   34.31700  
H    21.27400   21.91200   33.62900  
H    22.49500   23.11100   34.36800  
S    21.72600   23.81700   32.23800  
C    21.86300   25.51000   32.85600  
H    21.58300   26.13600   32.00500  
H    21.14300   25.62600   33.67000  
H    22.83500   25.87900   33.19600  
O    20.28300   23.87500   31.84400  
C    22.31200   28.56600   27.74700  
H    23.28000   29.01600   27.97900  
H    22.29800   28.06000   26.77800  
H    21.56400   29.36100   27.68500  
S    21.87400   27.43100   29.08300  
C    20.28100   26.92700   28.39500  
H    19.75200   27.88000   28.31600  
H    20.41400   26.46000   27.41600  
H    19.78000   26.27200   29.11200  
O    21.25500   28.25800   30.16600  
C    18.06800   13.67700   34.75500  
H    18.22800   12.76700   34.17200  
H    19.00900   14.21000   34.91700  
H    17.65000   13.32600   35.70200  
S    17.03200   14.76500   33.75000  
C    16.21600   13.50200   32.74800  
H    15.61500   13.98200   31.97200  
H    17.04000   12.88400   32.38300  
H    15.49900   12.94600   33.35800  
O    18.01800   15.39600   32.81700  
C    22.68500   17.91600   34.91600  
H    21.75000   17.37600   34.74400  
H    22.60600   18.49500   35.84000  
H    22.96400   18.50500   34.03900  
S    23.98700   16.69200   35.18200  
C    25.38400   17.83800   35.19100  
H    25.63800   18.37400   34.27300  
H    25.28800   18.58900   35.97900  
H    26.20500   17.15900   35.43600  
O    24.13000   16.02300   33.85000  
C    24.40100   29.94000   31.28000  
H    25.11200   30.54200   31.85100  
H    24.94500   29.56500   30.41000  
H    23.48400   30.47500   31.01800  
S    23.91200   28.48400   32.23300  
C    22.95400   29.38800   33.47000  
H    22.57200   28.62400   34.15200  
H    23.73900   29.99500   33.92700  
H    22.16600   29.98900   33.01000  
O    25.24500   28.23700   32.86900  
C    25.12500   26.84800   24.71600  
H    25.40600   27.41200   23.82400  
H    24.91800   27.52400   25.55000  
H    25.84000   26.05800   24.95700  
S    23.59700   25.96100   24.33900  
C    24.35500   24.63100   23.38000  
H    24.44100   24.87600   22.31800  
H    25.32600   24.39200   23.82200  
H    23.76500   23.71100   23.37200  
O    22.89800   26.84300   23.35200  
C    24.11900   19.67000   21.60400  
H    24.87800   19.06500   22.10800  
H    24.10700   19.54400   20.51800  
H    24.22700   20.72900   21.85000  
S    22.55500   19.16900   22.35700  
C    21.76700   20.66900   21.72800  
H    20.68000   20.65900   21.84500  
H    22.08000   21.60400   22.19800  
H    21.91300   20.64800   20.64500  
O    22.83600   19.52000   23.78500  
C    18.17200   30.26700   24.08900  
H    18.68600   31.13600   23.67000  
H    17.95300   29.47400   23.37000  
H    17.32000   30.66700   24.64600  
S    19.31100   29.31800   25.12200  
C    20.53600   29.10100   23.81000  
H    20.11100   28.90400   22.82300  
H    21.20400   29.96500   23.76400  
H    21.17600   28.28200   24.14700  
O    18.73000   27.93900   25.15500  
C    25.79000   21.08800   24.69900  
H    24.76100   21.45500   24.74400  
H    26.11600   20.67500   23.74100  
H    25.71200   20.25300   25.40000  
S    26.92200   22.25500   25.48600  
C    25.74800   22.88700   26.70600  
H    25.50800   22.13400   27.46000  
H    26.20200   23.69900   27.28000  
H    24.87600   23.22400   26.13900  
O    27.22800   23.34900   24.51100  
C    16.71100   23.51800   26.88000  
H    15.88400   22.93300   26.46800  
H    17.59200   23.38900   26.24700  
H    17.07300   23.29200   27.88600  
S    15.98800   25.17400   26.87100  
C    14.86400   24.81900   28.24100  
H    14.17500   25.65000   28.40900  
H    14.16400   24.00800   28.02500  
H    15.43800   24.59400   29.14300  
O    15.12700   25.06500   25.65100  
C    17.39400   14.76300   29.54200  
H    16.81000   15.68400   29.62600  
H    16.83800   13.90400   29.15800  
H    17.85400   14.41400   30.47000  
S    18.72300   15.03300   28.34900  
C    19.16100   16.62900   29.07500  
H    19.45700   16.43900   30.10900  
H    19.97100   17.08600   28.50100  
H    18.33700   17.34700   29.04500  
O    17.95000   15.47300   27.14400  
C    17.21400   22.89000   31.56900  
H    16.69500   22.79500   30.61100  
H    18.02600   23.59400   31.36900  
H    17.61600   21.95700   31.97100  
S    15.94700   23.63800   32.61900  
C    14.77800   22.26400   32.52400  
H    14.18800   22.39400   31.61300  
H    15.38100   21.35400   32.47700  
H    14.03000   22.29400   33.32100  
O    15.22700   24.59800   31.72400  
C    18.63600   20.69200   24.54600  
H    18.75000   21.76500   24.71900  
H    19.63300   20.25400   24.64500  
H    18.17000   20.46900   23.58300  
S    17.55500   19.89600   25.75600  
C    17.47600   18.24700   25.02300  
H    16.96200   17.46900   25.59500  
H    17.01400   18.34700   24.03700  
H    18.53300   18.04900   24.83000  
O    16.21100   20.36000   25.28600  
$end

$rem
JOBTYPE  SP
METHOD  B3LYP
BASIS  6-31+G(D)
SYMMETRY  FALSE
SYM_IGNORE  TRUE
MEM_TOTAL  12000
MEM_STATIC  4000
BASIS_LIN_DEP_THRESH  6
THRESH  14
SCF_CONVERGENCE  8
FD_MAT_VEC_PROD  FALSE
XC_GRID  000075000302
NL_GRID  1
MAX_SCF_CYCLES  200
SCF_GUESS  READ
GEN_SCFMAN  FALSE
SKIP_SCFMAN  TRUE
ESP_GRID  0
ESP_EFIELD  1
$end
