$molecule
0 1
--
0 1
C    29.54900   28.42700   24.91200  
C    28.29800   29.02700   25.57400  
C    27.08600   28.08300   25.50100  
C    27.51200   26.65900   25.89100  
C    28.60600   26.11300   24.95800  
C    29.88100   26.94700   25.16600  
H    26.25700   28.46600   26.11000  
H    28.42100   29.06900   26.66300  
H    29.37900   28.52200   23.83300  
H    30.32200   29.17400   25.13100  
H    27.85800   26.57600   26.92800  
H    26.66500   26.03700   25.57600  
H    28.73900   25.04800   25.18300  
H    28.27000   26.05800   23.91500  
H    30.19900   26.95300   26.21600  
H    30.65100   26.43400   24.57800  
H    26.76300   28.00000   24.45600  
N    27.91300   30.30500   24.97800  
H    27.31100   30.33100   24.16400  
C    28.44600   31.53200   25.31100  
H    28.03400   32.43700   24.82900  
O    29.23700   31.62600   26.23200  
--
0 1
C    25.74800   32.47200   22.54200  
H    26.13200   33.45600   22.26600  
H    24.69800   32.55200   22.24900  
H    25.92300   32.30200   23.60800  
S    26.42300   31.13400   21.53300  
C    25.44700   29.66400   21.92100  
H    24.39000   29.87700   21.73900  
H    25.72300   28.80900   21.29900  
H    25.72000   29.50000   22.96600  
O    27.76400   30.89300   22.15500  
C    35.06500   27.41500   24.47600  
H    34.94000   27.54900   23.39800  
H    35.74200   28.23100   24.74100  
H    35.46200   26.41900   24.68600  
S    33.46400   27.66200   25.27800  
C    33.65800   29.45600   25.17300  
H    34.50300   29.87500   25.72500  
H    33.62500   29.68500   24.10500  
H    32.78000   29.95400   25.59100  
O    33.85300   27.29400   26.67600  
C    26.27500   23.63800   32.64900  
H    25.44400   24.32500   32.47100  
H    26.26100   22.84000   31.90100  
H    26.18400   23.28700   33.68000  
S    27.82400   24.56800   32.66100  
C    28.80800   23.09500   33.01700  
H    28.56400   22.47500   32.15000  
H    29.89700   23.17500   33.05700  
H    28.31700   22.81100   33.95100  
O    27.91000   25.27300   33.97900  
C    29.64900   36.10700   22.78300  
H    30.12200   35.17800   22.45400  
H    28.98500   36.50400   22.01200  
H    30.41800   36.81300   23.10800  
S    28.59300   35.69800   24.19100  
C    29.87000   34.60500   24.85300  
H    30.76700   35.21800   24.97300  
H    29.49800   34.31700   25.84000  
H    30.14600   33.81800   24.14600  
O    27.54700   34.88900   23.48900  
C    33.15600   31.18200   21.50500  
H    33.53200   31.37000   22.51400  
H    33.81700   30.64600   20.81900  
H    32.96600   32.18600   21.11700  
S    31.60600   30.25500   21.57300  
C    30.93300   31.43700   22.76300  
H    31.61400   32.26500   22.97200  
H    29.97600   31.79500   22.37400  
H    30.72800   30.95800   23.72400  
O    32.05000   29.00600   22.26700  
C    32.02900   32.74400   26.88500  
H    31.45100   33.56000   27.32700  
H    31.98700   32.89400   25.80300  
H    31.65700   31.75100   27.14800  
S    33.66800   33.02300   27.59400  
C    33.17600   33.66900   29.20800  
H    32.56000   32.85900   29.61000  
H    33.92800   33.69300   30.00100  
H    32.59400   34.59400   29.19400  
O    34.30200   34.16700   26.86800  
C    28.69600   23.05700   27.28600  
H    29.20500   23.93000   27.70400  
H    29.35400   22.33400   26.79700  
H    27.96800   23.30200   26.50900  
S    28.00700   22.07600   28.63800  
C    29.63400   21.72500   29.34100  
H    29.45100   20.98000   30.12000  
H    30.35700   21.17300   28.73500  
H    30.04800   22.63900   29.77500  
O    27.72000   20.79000   27.92700  
C    24.29700   24.66500   27.47700  
H    23.25700   24.37800   27.30000  
H    24.55500   25.61600   27.00500  
H    24.99300   23.86000   27.22900  
S    24.48400   25.03500   29.23500  
C    26.14500   25.74600   29.19500  
H    26.83700   24.94400   28.92600  
H    26.20500   26.62300   28.54600  
H    26.44000   26.10500   30.18400  
O    24.44100   23.66500   29.83600  
C    28.62600   22.42100   22.49900  
H    27.99500   22.62700   21.63000  
H    29.00900   23.40100   22.79500  
H    29.44700   21.85300   22.05300  
S    27.84100   21.44800   23.80400  
C    29.17100   20.23700   23.98000  
H    29.07000   19.87700   25.00700  
H    29.06900   19.51400   23.16800  
H    30.14200   20.73000   23.88200  
O    26.74700   20.74500   23.06300  
C    24.35000   27.30800   32.14600  
H    24.32800   27.94200   31.25500  
H    24.10600   26.26000   31.95300  
H    23.65300   27.69900   32.89100  
S    26.00100   27.60400   32.81900  
C    25.64300   27.00800   34.48700  
H    24.99200   27.79600   34.87500  
H    25.11000   26.06200   34.36600  
H    26.53300   26.98500   35.12200  
O    26.07100   29.07400   33.09400  
C    22.09900   20.47100   25.57900  
H    22.37300   19.58100   25.00700  
H    21.15600   20.16600   26.04000  
H    21.80200   21.41000   25.10400  
S    23.33400   20.89600   26.82700  
C    24.75000   20.98300   25.70800  
H    25.60700   21.05500   26.38200  
H    24.87000   20.10000   25.07500  
H    24.88000   21.85100   25.05600  
O    23.46800   19.61700   27.59300  
C    28.63100   36.70100   29.53000  
H    28.22100   37.07800   28.59000  
H    27.86500   36.46800   30.27400  
H    29.43300   37.41000   29.75300  
S    29.18900   35.09400   28.92000  
C    29.90100   34.56100   30.49300  
H    30.69500   35.31000   30.55800  
H    29.01300   34.57400   31.12900  
H    30.30300   33.55100   30.38000  
O    30.39000   35.51200   28.13000  
C    21.17900   24.05300   24.37800  
H    22.15600   24.05400   24.86800  
H    20.87900   23.07100   24.00200  
H    21.14300   24.74800   23.53500  
S    19.80200   24.50200   25.45700  
C    20.63400   26.01000   26.00500  
H    19.89700   26.61700   26.53800  
H    21.46500   25.69600   26.64000  
H    20.91000   26.62700   25.14600  
O    19.94700   23.58600   26.63200  
C    24.03900   25.43700   21.10100  
H    23.63800   26.37600   20.71100  
H    24.70000   24.97200   20.36500  
H    23.26800   24.73900   21.43800  
S    24.92300   25.88500   22.61200  
C    25.17000   24.14000   23.01200  
H    25.93200   23.69200   22.36900  
H    25.48500   23.98100   24.04600  
H    24.18700   23.67900   22.88100  
O    23.78600   26.08900   23.56300  
C    25.73500   31.17400   29.49300  
H    25.81300   32.15100   29.97700  
H    25.78200   31.22600   28.40200  
H    24.85900   30.66100   29.90000  
S    27.05500   30.08400   30.07300  
C    28.39900   30.89100   29.17300  
H    28.33200   31.97400   29.30400  
H    29.34600   30.42900   29.46400  
H    28.10600   30.59000   28.16400  
O    26.88900   28.76600   29.38400  
C    35.98600   26.03200   18.53700  
H    35.66100   25.02600   18.26000  
H    35.58900   26.76800   17.83400  
H    37.07900   26.01800   18.54100  
S    35.59100   26.44400   20.25100  
C    33.79700   26.39300   20.03700  
H    33.50500   25.97400   19.07000  
H    33.40000   25.84300   20.89400  
H    33.37900   27.39500   19.90900  
O    35.88300   27.91200   20.24900  
C    30.16400   25.38400   20.50600  
H    30.40000   25.39500   21.57400  
H    29.97600   24.35200   20.20000  
H    31.06000   25.65800   19.94500  
S    28.62300   26.22800   20.08200  
C    29.23400   27.85900   20.56300  
H    29.63500   27.87000   21.58000  
H    29.89000   28.40600   19.88100  
H    28.42400   28.58900   20.64200  
O    27.79100   25.65700   21.18700  
C    33.92600   23.23100   25.59200  
H    34.34700   23.39100   24.59600  
H    34.38900   24.02900   26.17900  
H    34.18800   22.21200   25.88500  
S    32.16100   23.48900   25.88200  
C    32.47100   23.07600   27.61300  
H    31.47900   22.99200   28.06400  
H    32.95600   22.09800   27.55100  
H    33.00500   23.92000   28.05800  
O    31.81900   22.15100   25.30400  
C    22.78200   30.37200   27.61900  
H    22.68400   30.55900   28.69100  
H    23.41500   31.11800   27.13000  
H    21.76000   30.32500   27.23500  
S    23.66900   28.80600   27.45700  
C    23.53800   28.59700   25.66600  
H    24.15600   27.82100   25.20900  
H    22.45700   28.54100   25.51400  
H    23.92300   29.54900   25.29200  
O    22.76200   27.79700   28.08900  
C    25.74800   34.38900   28.42300  
H    26.44500   33.91500   29.11900  
H    25.70800   35.46300   28.62000  
H    24.77800   33.88800   28.47700  
S    26.20800   33.99300   26.72000  
C    25.13400   35.23200   25.96100  
H    24.26200   35.48300   26.57000  
H    25.60200   36.15200   25.59900  
H    24.89900   34.60100   25.10000  
O    25.72300   32.63200   26.32700  
C    34.74000   36.33200   21.85900  
H    35.33100   35.41500   21.93400  
H    34.39100   36.56000   20.84900  
H    35.40000   37.15100   22.15600  
S    33.29900   36.18300   22.93900  
C    34.02500   35.99600   24.58400  
H    34.66300   36.87800   24.67800  
H    33.31800   36.04300   25.41600  
H    34.66100   35.10900   24.63500  
O    32.80500   34.80100   22.64500  
C    29.76000   31.49900   32.59300  
H    29.29400   31.42700   33.57900  
H    29.85900   32.51900   32.21100  
H    29.05200   30.85600   32.06400  
S    31.42500   30.79600   32.60600  
C    32.21200   32.06300   33.62600  
H    31.83800   33.03600   33.29800  
H    31.89200   31.90300   34.65900  
H    33.29600   32.00800   33.49300  
O    31.97300   31.11900   31.25100  
C    31.36000   26.45400   28.71600  
H    32.21600   26.14900   29.32200  
H    31.22800   25.87300   27.80000  
H    31.56100   27.42300   28.25100  
S    29.70700   26.46400   29.44700  
C    30.35000   26.94700   31.06500  
H    30.90700   27.88700   31.03000  
H    29.46800   26.96100   31.71000  
H    30.93900   26.12500   31.48000  
O    29.41800   25.03300   29.77700  
C    34.69100   29.25900   28.83900  
H    33.62800   29.34900   28.60500  
H    34.97300   30.23200   29.24900  
H    35.09000   29.04600   27.84400  
S    35.04300   27.91000   29.99000  
C    34.04900   28.58300   31.34100  
H    32.97700   28.57700   31.12500  
H    34.15500   28.13600   32.33200  
H    34.41200   29.61300   31.39800  
O    36.47000   27.98600   30.43500  
$end

$rem
JOBTYPE  SP
METHOD  B3LYP
BASIS  6-31+G(D)
SYMMETRY  FALSE
SYM_IGNORE  TRUE
MEM_TOTAL  16000
MEM_STATIC  8000
MAX_SUB_FILE_NUM  16000
BASIS_LIN_DEP_THRESH  6
THRESH  14
SCF_CONVERGENCE  8
GEN_SCFMAN  TRUE
SCF_GUESS  SAD
FD_MAT_VEC_PROD  FALSE
XC_GRID  000075000302
NL_GRID  1
MAX_SCF_CYCLES  200
ENV_METHOD  B3LYP
GEN_SCFMAN_EMBED  TRUE
SPADE_PARTITION  TRUE
$end

$development
embedding_early_stop  1
$end

@@@

$molecule
0 1
@C    29.54900   28.42700   24.91200  
@C    28.29800   29.02700   25.57400  
@C    27.08600   28.08300   25.50100  
@C    27.51200   26.65900   25.89100  
@C    28.60600   26.11300   24.95800  
@C    29.88100   26.94700   25.16600  
@H    26.25700   28.46600   26.11000  
@H    28.42100   29.06900   26.66300  
@H    29.37900   28.52200   23.83300  
@H    30.32200   29.17400   25.13100  
@H    27.85800   26.57600   26.92800  
@H    26.66500   26.03700   25.57600  
@H    28.73900   25.04800   25.18300  
@H    28.27000   26.05800   23.91500  
@H    30.19900   26.95300   26.21600  
@H    30.65100   26.43400   24.57800  
@H    26.76300   28.00000   24.45600  
@N    27.91300   30.30500   24.97800  
@H    27.31100   30.33100   24.16400  
@C    28.44600   31.53200   25.31100  
@H    28.03400   32.43700   24.82900  
@O    29.23700   31.62600   26.23200  
C    25.74800   32.47200   22.54200  
H    26.13200   33.45600   22.26600  
H    24.69800   32.55200   22.24900  
H    25.92300   32.30200   23.60800  
S    26.42300   31.13400   21.53300  
C    25.44700   29.66400   21.92100  
H    24.39000   29.87700   21.73900  
H    25.72300   28.80900   21.29900  
H    25.72000   29.50000   22.96600  
O    27.76400   30.89300   22.15500  
C    35.06500   27.41500   24.47600  
H    34.94000   27.54900   23.39800  
H    35.74200   28.23100   24.74100  
H    35.46200   26.41900   24.68600  
S    33.46400   27.66200   25.27800  
C    33.65800   29.45600   25.17300  
H    34.50300   29.87500   25.72500  
H    33.62500   29.68500   24.10500  
H    32.78000   29.95400   25.59100  
O    33.85300   27.29400   26.67600  
C    26.27500   23.63800   32.64900  
H    25.44400   24.32500   32.47100  
H    26.26100   22.84000   31.90100  
H    26.18400   23.28700   33.68000  
S    27.82400   24.56800   32.66100  
C    28.80800   23.09500   33.01700  
H    28.56400   22.47500   32.15000  
H    29.89700   23.17500   33.05700  
H    28.31700   22.81100   33.95100  
O    27.91000   25.27300   33.97900  
C    29.64900   36.10700   22.78300  
H    30.12200   35.17800   22.45400  
H    28.98500   36.50400   22.01200  
H    30.41800   36.81300   23.10800  
S    28.59300   35.69800   24.19100  
C    29.87000   34.60500   24.85300  
H    30.76700   35.21800   24.97300  
H    29.49800   34.31700   25.84000  
H    30.14600   33.81800   24.14600  
O    27.54700   34.88900   23.48900  
C    33.15600   31.18200   21.50500  
H    33.53200   31.37000   22.51400  
H    33.81700   30.64600   20.81900  
H    32.96600   32.18600   21.11700  
S    31.60600   30.25500   21.57300  
C    30.93300   31.43700   22.76300  
H    31.61400   32.26500   22.97200  
H    29.97600   31.79500   22.37400  
H    30.72800   30.95800   23.72400  
O    32.05000   29.00600   22.26700  
C    32.02900   32.74400   26.88500  
H    31.45100   33.56000   27.32700  
H    31.98700   32.89400   25.80300  
H    31.65700   31.75100   27.14800  
S    33.66800   33.02300   27.59400  
C    33.17600   33.66900   29.20800  
H    32.56000   32.85900   29.61000  
H    33.92800   33.69300   30.00100  
H    32.59400   34.59400   29.19400  
O    34.30200   34.16700   26.86800  
C    28.69600   23.05700   27.28600  
H    29.20500   23.93000   27.70400  
H    29.35400   22.33400   26.79700  
H    27.96800   23.30200   26.50900  
S    28.00700   22.07600   28.63800  
C    29.63400   21.72500   29.34100  
H    29.45100   20.98000   30.12000  
H    30.35700   21.17300   28.73500  
H    30.04800   22.63900   29.77500  
O    27.72000   20.79000   27.92700  
C    24.29700   24.66500   27.47700  
H    23.25700   24.37800   27.30000  
H    24.55500   25.61600   27.00500  
H    24.99300   23.86000   27.22900  
S    24.48400   25.03500   29.23500  
C    26.14500   25.74600   29.19500  
H    26.83700   24.94400   28.92600  
H    26.20500   26.62300   28.54600  
H    26.44000   26.10500   30.18400  
O    24.44100   23.66500   29.83600  
C    28.62600   22.42100   22.49900  
H    27.99500   22.62700   21.63000  
H    29.00900   23.40100   22.79500  
H    29.44700   21.85300   22.05300  
S    27.84100   21.44800   23.80400  
C    29.17100   20.23700   23.98000  
H    29.07000   19.87700   25.00700  
H    29.06900   19.51400   23.16800  
H    30.14200   20.73000   23.88200  
O    26.74700   20.74500   23.06300  
C    24.35000   27.30800   32.14600  
H    24.32800   27.94200   31.25500  
H    24.10600   26.26000   31.95300  
H    23.65300   27.69900   32.89100  
S    26.00100   27.60400   32.81900  
C    25.64300   27.00800   34.48700  
H    24.99200   27.79600   34.87500  
H    25.11000   26.06200   34.36600  
H    26.53300   26.98500   35.12200  
O    26.07100   29.07400   33.09400  
C    22.09900   20.47100   25.57900  
H    22.37300   19.58100   25.00700  
H    21.15600   20.16600   26.04000  
H    21.80200   21.41000   25.10400  
S    23.33400   20.89600   26.82700  
C    24.75000   20.98300   25.70800  
H    25.60700   21.05500   26.38200  
H    24.87000   20.10000   25.07500  
H    24.88000   21.85100   25.05600  
O    23.46800   19.61700   27.59300  
C    28.63100   36.70100   29.53000  
H    28.22100   37.07800   28.59000  
H    27.86500   36.46800   30.27400  
H    29.43300   37.41000   29.75300  
S    29.18900   35.09400   28.92000  
C    29.90100   34.56100   30.49300  
H    30.69500   35.31000   30.55800  
H    29.01300   34.57400   31.12900  
H    30.30300   33.55100   30.38000  
O    30.39000   35.51200   28.13000  
C    21.17900   24.05300   24.37800  
H    22.15600   24.05400   24.86800  
H    20.87900   23.07100   24.00200  
H    21.14300   24.74800   23.53500  
S    19.80200   24.50200   25.45700  
C    20.63400   26.01000   26.00500  
H    19.89700   26.61700   26.53800  
H    21.46500   25.69600   26.64000  
H    20.91000   26.62700   25.14600  
O    19.94700   23.58600   26.63200  
C    24.03900   25.43700   21.10100  
H    23.63800   26.37600   20.71100  
H    24.70000   24.97200   20.36500  
H    23.26800   24.73900   21.43800  
S    24.92300   25.88500   22.61200  
C    25.17000   24.14000   23.01200  
H    25.93200   23.69200   22.36900  
H    25.48500   23.98100   24.04600  
H    24.18700   23.67900   22.88100  
O    23.78600   26.08900   23.56300  
C    25.73500   31.17400   29.49300  
H    25.81300   32.15100   29.97700  
H    25.78200   31.22600   28.40200  
H    24.85900   30.66100   29.90000  
S    27.05500   30.08400   30.07300  
C    28.39900   30.89100   29.17300  
H    28.33200   31.97400   29.30400  
H    29.34600   30.42900   29.46400  
H    28.10600   30.59000   28.16400  
O    26.88900   28.76600   29.38400  
C    35.98600   26.03200   18.53700  
H    35.66100   25.02600   18.26000  
H    35.58900   26.76800   17.83400  
H    37.07900   26.01800   18.54100  
S    35.59100   26.44400   20.25100  
C    33.79700   26.39300   20.03700  
H    33.50500   25.97400   19.07000  
H    33.40000   25.84300   20.89400  
H    33.37900   27.39500   19.90900  
O    35.88300   27.91200   20.24900  
C    30.16400   25.38400   20.50600  
H    30.40000   25.39500   21.57400  
H    29.97600   24.35200   20.20000  
H    31.06000   25.65800   19.94500  
S    28.62300   26.22800   20.08200  
C    29.23400   27.85900   20.56300  
H    29.63500   27.87000   21.58000  
H    29.89000   28.40600   19.88100  
H    28.42400   28.58900   20.64200  
O    27.79100   25.65700   21.18700  
C    33.92600   23.23100   25.59200  
H    34.34700   23.39100   24.59600  
H    34.38900   24.02900   26.17900  
H    34.18800   22.21200   25.88500  
S    32.16100   23.48900   25.88200  
C    32.47100   23.07600   27.61300  
H    31.47900   22.99200   28.06400  
H    32.95600   22.09800   27.55100  
H    33.00500   23.92000   28.05800  
O    31.81900   22.15100   25.30400  
C    22.78200   30.37200   27.61900  
H    22.68400   30.55900   28.69100  
H    23.41500   31.11800   27.13000  
H    21.76000   30.32500   27.23500  
S    23.66900   28.80600   27.45700  
C    23.53800   28.59700   25.66600  
H    24.15600   27.82100   25.20900  
H    22.45700   28.54100   25.51400  
H    23.92300   29.54900   25.29200  
O    22.76200   27.79700   28.08900  
C    25.74800   34.38900   28.42300  
H    26.44500   33.91500   29.11900  
H    25.70800   35.46300   28.62000  
H    24.77800   33.88800   28.47700  
S    26.20800   33.99300   26.72000  
C    25.13400   35.23200   25.96100  
H    24.26200   35.48300   26.57000  
H    25.60200   36.15200   25.59900  
H    24.89900   34.60100   25.10000  
O    25.72300   32.63200   26.32700  
C    34.74000   36.33200   21.85900  
H    35.33100   35.41500   21.93400  
H    34.39100   36.56000   20.84900  
H    35.40000   37.15100   22.15600  
S    33.29900   36.18300   22.93900  
C    34.02500   35.99600   24.58400  
H    34.66300   36.87800   24.67800  
H    33.31800   36.04300   25.41600  
H    34.66100   35.10900   24.63500  
O    32.80500   34.80100   22.64500  
C    29.76000   31.49900   32.59300  
H    29.29400   31.42700   33.57900  
H    29.85900   32.51900   32.21100  
H    29.05200   30.85600   32.06400  
S    31.42500   30.79600   32.60600  
C    32.21200   32.06300   33.62600  
H    31.83800   33.03600   33.29800  
H    31.89200   31.90300   34.65900  
H    33.29600   32.00800   33.49300  
O    31.97300   31.11900   31.25100  
C    31.36000   26.45400   28.71600  
H    32.21600   26.14900   29.32200  
H    31.22800   25.87300   27.80000  
H    31.56100   27.42300   28.25100  
S    29.70700   26.46400   29.44700  
C    30.35000   26.94700   31.06500  
H    30.90700   27.88700   31.03000  
H    29.46800   26.96100   31.71000  
H    30.93900   26.12500   31.48000  
O    29.41800   25.03300   29.77700  
C    34.69100   29.25900   28.83900  
H    33.62800   29.34900   28.60500  
H    34.97300   30.23200   29.24900  
H    35.09000   29.04600   27.84400  
S    35.04300   27.91000   29.99000  
C    34.04900   28.58300   31.34100  
H    32.97700   28.57700   31.12500  
H    34.15500   28.13600   32.33200  
H    34.41200   29.61300   31.39800  
O    36.47000   27.98600   30.43500  
$end

$rem
JOBTYPE  SP
METHOD  B3LYP
BASIS  6-31+G(D)
SYMMETRY  FALSE
SYM_IGNORE  TRUE
MEM_TOTAL  16000
MEM_STATIC  8000
MAX_SUB_FILE_NUM  16000
BASIS_LIN_DEP_THRESH  6
THRESH  14
SCF_CONVERGENCE  8
GEN_SCFMAN  FALSE
SCF_GUESS  READ
FD_MAT_VEC_PROD  FALSE
XC_GRID  000075000302
NL_GRID  1
MAX_SCF_CYCLES  200
SKIP_SCFMAN  TRUE
ESP_GRID  0
ESP_EFIELD  1
$end
