$molecule
0 1
--
0 1
C    22.55600   17.32400   29.18100  
C    23.91700   17.44200   28.47600  
C    23.88000   18.42300   27.29200  
C    23.34700   19.74100   27.87900  
C    21.97900   19.63900   28.57300  
C    22.04300   18.65600   29.75300  
H    24.81500   18.45400   26.72000  
H    24.59600   17.94400   29.17600  
H    21.78900   17.09100   28.43300  
H    22.52700   16.45700   29.85300  
H    24.07200   20.17200   28.58000  
H    23.46700   20.45000   27.05000  
H    21.63000   20.60200   28.96600  
H    21.18700   19.28900   27.89900  
H    22.76900   19.04000   30.48000  
H    21.05200   18.55000   30.21100  
H    23.11900   18.05900   26.59100  
N    24.47700   16.17900   27.99800  
H    24.42700   15.88900   27.02900  
C    25.10700   15.25300   28.80100  
H    25.29100   14.28100   28.30900  
O    25.27800   15.42400   29.99500  
--
0 1
C    24.12800   25.08500   29.06000  
H    25.12300   25.51600   28.92600  
H    23.41100   25.51100   28.35300  
H    23.82600   25.26500   30.09500  
S    24.11800   23.28200   28.93900  
C    24.40800   23.43200   27.16100  
H    23.79700   24.21600   26.70800  
H    25.42200   23.82200   27.03800  
H    24.23400   22.52800   26.57200  
O    22.69100   22.83900   29.03300  
C    21.19500   20.07000   24.65600  
H    21.51000   19.08400   25.00500  
H    20.70900   20.18700   23.68400  
H    22.06900   20.72400   24.60400  
S    20.02800   20.82200   25.81400  
C    18.67600   19.66300   25.50900  
H    17.74400   20.00400   25.96700  
H    18.55000   19.47800   24.44000  
H    19.05800   18.74600   25.96500  
O    19.68200   22.01200   24.97400  
C    29.19000   16.05200   32.40000  
H    28.84400   16.50900   33.33100  
H    29.92900   16.65700   31.87000  
H    28.32000   16.01400   31.73900  
S    29.72200   14.33800   32.61100  
C    28.75500   13.84100   34.05400  
H    29.12500   14.46700   34.87000  
H    27.76000   14.21800   33.80400  
H    28.73300   12.77500   34.29500  
O    31.02000   14.37900   33.35600  
C    22.59100   10.61800   28.06800  
H    22.84100   10.75800   27.01300  
H    21.67800   10.02900   28.19200  
H    22.50700   11.50600   28.69900  
S    23.79700   9.52000    28.84700  
C    23.83200   8.25400    27.55800  
H    23.97500   8.77200    26.60700  
H    24.69000   7.57800    27.58600  
H    22.94800   7.61400    27.49100  
O    23.03600   8.94400    30.00100  
C    25.61300   17.60100   32.08600  
H    26.04400   16.64700   32.39900  
H    24.82100   18.02700   32.70900  
H    25.18200   17.39300   31.10300  
S    26.86400   18.87300   31.79700  
C    25.70700   20.15400   31.26200  
H    24.86500   20.32600   31.93700  
H    26.26000   21.07900   31.07900  
H    25.32600   19.78100   30.30800  
O    27.60100   18.42900   30.57200  
C    20.50300   20.84300   33.10100  
H    20.13600   20.25700   33.94700  
H    19.84600   21.70900   32.98500  
H    20.46000   20.18900   32.22600  
S    22.22100   21.25600   33.47500  
C    22.58800   22.07600   31.90700  
H    23.63700   22.35900   31.78500  
H    22.41200   21.40000   31.06600  
H    21.86000   22.88600   31.81800  
O    22.89800   19.92900   33.33100  
C    14.39900   20.67600   27.34000  
H    13.80800   19.76300   27.23300  
H    13.67300   21.45200   27.59700  
H    14.91000   20.89700   26.39900  
S    15.58500   20.37300   28.66900  
C    16.43100   21.90400   28.21500  
H    17.32300   21.86000   28.84500  
H    16.70800   21.86800   27.15800  
H    15.75700   22.72400   28.47400  
O    16.38200   19.21900   28.14600  
C    26.71100   12.61400   24.62300  
H    26.09100   11.84400   24.15800  
H    26.54700   13.66500   24.37000  
H    27.75100   12.48600   24.31100  
S    26.57500   12.51000   26.42200  
C    26.87900   10.73400   26.55200  
H    27.00300   10.46400   27.60400  
H    26.00200   10.21500   26.15500  
H    27.77700   10.55200   25.95700  
O    25.14500   12.52200   26.86500  
C    28.63600   24.86500   31.55800  
H    29.15300   25.08700   32.49500  
H    28.89400   25.64600   30.83800  
H    27.57400   24.85300   31.81400  
S    29.10800   23.24200   30.91900  
C    27.62000   23.03200   29.91500  
H    27.64100   23.71800   29.06500  
H    27.49100   21.97300   29.67400  
H    26.80500   23.31200   30.58700  
O    28.69900   22.50300   32.15500  
C    27.13900   24.58600   24.44300  
H    26.63600   25.31100   23.79900  
H    28.03900   24.20400   23.95400  
H    26.44000   23.82400   24.79800  
S    27.45500   25.31600   26.06500  
C    27.03400   27.00300   25.57200  
H    27.57900   27.17500   24.64000  
H    25.96200   27.16900   25.43300  
H    27.43600   27.59000   26.40100  
O    28.94900   25.28800   26.15800  
C    26.59600   22.89700   34.20300  
H    27.06100   23.70100   33.62600  
H    27.38300   22.40800   34.78300  
H    26.12100   22.24000   33.47000  
S    25.38900   23.59800   35.35000  
C    24.77400   22.02300   35.98900  
H    24.50400   21.41000   35.12500  
H    25.49300   21.56400   36.67200  
H    23.89000   22.21200   36.60400  
O    24.32200   23.96400   34.36600  
C    28.64200   12.75400   29.29100  
H    29.14500   12.63300   30.25400  
H    28.60700   13.79400   28.95800  
H    27.72000   12.16800   29.32700  
S    29.83500   11.89300   28.24200  
C    31.28700   12.77600   28.85700  
H    32.18200   12.19300   28.62800  
H    31.38900   13.66200   28.22500  
H    31.21700   13.00300   29.92400  
O    29.53300   12.35900   26.85200  
C    25.11200   13.47200   33.24600  
H    24.42600   14.28500   32.99400  
H    24.47000   12.66200   33.60200  
H    25.71100   13.87300   34.06800  
S    26.09800   12.98400   31.81200  
C    24.75400   12.33900   30.79100  
H    24.31000   11.40200   31.13800  
H    23.98300   13.11300   30.78000  
H    25.11700   12.22400   29.76700  
O    26.63600   11.69000   32.33600  
C    28.69700   9.18500    30.85700  
H    29.00500   9.78700    29.99900  
H    28.78200   9.71600    31.80900  
H    29.36900   8.32700    30.94400  
S    26.93600   8.82600    30.66900  
C    26.83200   8.08700    32.31400  
H    27.62500   7.34900    32.46000  
H    26.93300   8.93700    32.99500  
H    25.89100   7.53200    32.33400  
O    26.76300   7.60200    29.82500  
C    20.72200   26.65200   29.90900  
H    20.72500   27.38300   30.72100  
H    21.75600   26.35100   29.72300  
H    20.21400   27.03500   29.02000  
S    19.66800   25.29100   30.46000  
C    18.27400   26.42200   30.66200  
H    18.54100   27.43800   30.96300  
H    17.63300   26.40700   29.77600  
H    17.63700   25.94900   31.41300  
O    20.05500   25.03800   31.88400  
C    17.77300   18.54700   31.63000  
H    17.56500   19.31700   30.88300  
H    16.88700   18.27800   32.21000  
H    18.56100   18.81400   32.34000  
S    18.51200   17.11600   30.81100  
C    17.07800   16.61400   29.83200  
H    17.31600   15.58700   29.54200  
H    16.14600   16.58800   30.40200  
H    16.85200   17.19900   28.93700  
O    18.53200   16.18600   31.98500  
C    20.65000   16.67600   34.66600  
H    19.95400   15.88600   34.37400  
H    20.56300   16.76300   35.75200  
H    20.46800   17.63700   34.17800  
S    22.33500   16.10000   34.35700  
C    22.09400   16.22900   32.57000  
H    21.94200   17.26700   32.26200  
H    22.99200   15.84800   32.07700  
H    21.26400   15.59500   32.24700  
O    22.23300   14.62000   34.55200  
C    21.58300   23.78000   22.99600  
H    21.78500   23.40500   24.00300  
H    20.83900   24.57500   22.90000  
H    21.26200   22.95000   22.36100  
S    23.17400   24.47500   22.49700  
C    24.17400   22.97200   22.58100  
H    23.75800   22.43000   23.43400  
H    24.05700   22.41800   21.64600  
H    25.18300   23.24600   22.89700  
O    23.61900   25.22800   23.71200  
C    18.89600   13.60200   26.27500  
H    19.92000   13.22700   26.34900  
H    18.14700   12.97000   26.75900  
H    18.63300   13.71000   25.21900  
S    18.83400   15.22300   27.07000  
C    17.06900   15.53300   26.83800  
H    16.95400   16.61900   26.79300  
H    16.83400   15.14600   25.84300  
H    16.36500   15.33300   27.65000  
O    19.39500   16.08600   25.98400  
C    26.59900   16.46800   22.18300  
H    25.80100   15.80900   21.83000  
H    26.47200   16.45900   23.26900  
H    26.46900   17.47900   21.78900  
S    28.14900   15.77600   21.56300  
C    27.65400   15.68700   19.82700  
H    27.71600   16.70300   19.42800  
H    28.41800   14.99700   19.46000  
H    26.70400   15.15800   19.72000  
O    28.07700   14.33300   21.95400  
C    25.92000   16.10300   36.88700  
H    26.36300   15.10500   36.83500  
H    25.81300   16.49500   37.90100  
H    24.89900   16.05400   36.49800  
S    26.96400   17.19400   35.89400  
C    25.75300   18.53500   35.84800  
H    24.87800   18.24400   35.26000  
H    25.51400   18.70600   36.90000  
H    26.23300   19.47600   35.56600  
O    26.83000   16.45400   34.60000  
C    22.61900   16.37600   23.24600  
H    21.90700   15.88700   22.57600  
H    22.03300   16.84600   24.04000  
H    23.25200   17.10300   22.73000  
S    23.74600   15.23500   24.07700  
C    22.44600   14.80500   25.25600  
H    22.86200   13.97200   25.83000  
H    22.20300   15.64900   25.90600  
H    21.49000   14.55600   24.78800  
O    24.57500   16.11700   24.95800  
C    20.23100   24.80200   26.55600  
H    21.02900   24.97100   27.28400  
H    19.50600   24.11500   27.00000  
H    20.64400   24.36100   25.64500  
S    19.42100   26.35400   26.11100  
C    20.93000   27.34800   26.13300  
H    21.36700   27.55400   25.15300  
H    20.64400   28.30900   26.56900  
H    21.58600   26.89900   26.88300  
O    18.67400   26.86800   27.30200  
C    27.35600   20.39000   22.88200  
H    26.67000   21.18600   22.58100  
H    28.29400   20.92500   23.05100  
H    27.36400   19.65500   22.07300  
S    26.73500   19.89500   24.50500  
C    25.08600   19.35400   24.00000  
H    24.80200   20.00400   23.16800  
H    25.14000   18.27600   23.82900  
H    24.28400   19.46300   24.73400  
O    26.38900   21.23700   25.07300  
C    27.53000   17.11700   27.45400  
H    28.56400   17.28500   27.76400  
H    26.92700   18.00700   27.65400  
H    27.14000   16.24100   27.97800  
S    27.84700   16.72000   25.72000  
C    28.90400   15.28900   26.03500  
H    29.16000   14.80800   25.08800  
H    29.77800   15.64700   26.58600  
H    28.25300   14.56600   26.53200  
O    28.86600   17.74200   25.32100  
C    19.19600   13.07800   32.85300  
H    18.80800   13.95200   32.32400  
H    18.30100   12.76200   33.39700  
H    19.91500   13.48100   33.57100  
S    19.79000   11.95700   31.56600  
C    21.29000   12.89900   31.20800  
H    21.78400   12.26900   30.46400  
H    21.07100   13.85400   30.72400  
H    21.97300   12.99800   32.05600  
O    18.97300   12.34600   30.37300  
C    20.90400   12.15400   23.11300  
H    20.16200   12.75300   23.64700  
H    21.58000   12.83300   22.58600  
H    20.51300   11.43300   22.39000  
S    21.84600   11.30900   24.40300  
C    21.74300   9.69500    23.59800  
H    20.66900   9.49700    23.54500  
H    22.17300   9.64600    22.59500  
H    22.17400   9.03800    24.35800  
O    20.80300   11.15700   25.46500  
C    29.28800   20.04900   28.17600  
H    29.24600   19.97700   29.26600  
H    28.29700   20.19900   27.73900  
H    29.82300   19.18900   27.76500  
S    30.25500   21.56100   27.96800  
C    29.45500   22.12100   26.44800  
H    28.98600   21.32900   25.85800  
H    28.64900   22.81800   26.69300  
H    30.15500   22.54600   25.72400  
O    31.63700   21.10100   27.62200  
C    19.71700   17.00100   19.64000  
H    20.68700   17.41900   19.92100  
H    19.76600   16.23200   18.86500  
H    19.01100   17.81100   19.44400  
S    19.10900   16.02300   21.03300  
C    19.61000   17.12400   22.37600  
H    20.39500   17.69500   21.87300  
H    18.72800   17.74900   22.54200  
H    19.94400   16.54300   23.23900  
O    20.12300   14.92400   21.09200  
$end

$rem
JOBTYPE  SP
METHOD  B3LYP
BASIS  6-31+G(D)
SYMMETRY  FALSE
SYM_IGNORE  TRUE
MEM_TOTAL  16000
MEM_STATIC  8000
MAX_SUB_FILE_NUM  16000
BASIS_LIN_DEP_THRESH  6
THRESH  14
SCF_CONVERGENCE  8
GEN_SCFMAN  TRUE
SCF_GUESS  SAD
FD_MAT_VEC_PROD  FALSE
XC_GRID  000075000302
NL_GRID  1
MAX_SCF_CYCLES  200
ENV_METHOD  B3LYP
GEN_SCFMAN_EMBED  TRUE
SPADE_PARTITION  TRUE
$end

$development
embedding_early_stop  1
$end

@@@

$molecule
0 1
@C    22.55600   17.32400   29.18100  
@C    23.91700   17.44200   28.47600  
@C    23.88000   18.42300   27.29200  
@C    23.34700   19.74100   27.87900  
@C    21.97900   19.63900   28.57300  
@C    22.04300   18.65600   29.75300  
@H    24.81500   18.45400   26.72000  
@H    24.59600   17.94400   29.17600  
@H    21.78900   17.09100   28.43300  
@H    22.52700   16.45700   29.85300  
@H    24.07200   20.17200   28.58000  
@H    23.46700   20.45000   27.05000  
@H    21.63000   20.60200   28.96600  
@H    21.18700   19.28900   27.89900  
@H    22.76900   19.04000   30.48000  
@H    21.05200   18.55000   30.21100  
@H    23.11900   18.05900   26.59100  
@N    24.47700   16.17900   27.99800  
@H    24.42700   15.88900   27.02900  
@C    25.10700   15.25300   28.80100  
@H    25.29100   14.28100   28.30900  
@O    25.27800   15.42400   29.99500  
C    24.12800   25.08500   29.06000  
H    25.12300   25.51600   28.92600  
H    23.41100   25.51100   28.35300  
H    23.82600   25.26500   30.09500  
S    24.11800   23.28200   28.93900  
C    24.40800   23.43200   27.16100  
H    23.79700   24.21600   26.70800  
H    25.42200   23.82200   27.03800  
H    24.23400   22.52800   26.57200  
O    22.69100   22.83900   29.03300  
C    21.19500   20.07000   24.65600  
H    21.51000   19.08400   25.00500  
H    20.70900   20.18700   23.68400  
H    22.06900   20.72400   24.60400  
S    20.02800   20.82200   25.81400  
C    18.67600   19.66300   25.50900  
H    17.74400   20.00400   25.96700  
H    18.55000   19.47800   24.44000  
H    19.05800   18.74600   25.96500  
O    19.68200   22.01200   24.97400  
C    29.19000   16.05200   32.40000  
H    28.84400   16.50900   33.33100  
H    29.92900   16.65700   31.87000  
H    28.32000   16.01400   31.73900  
S    29.72200   14.33800   32.61100  
C    28.75500   13.84100   34.05400  
H    29.12500   14.46700   34.87000  
H    27.76000   14.21800   33.80400  
H    28.73300   12.77500   34.29500  
O    31.02000   14.37900   33.35600  
C    22.59100   10.61800   28.06800  
H    22.84100   10.75800   27.01300  
H    21.67800   10.02900   28.19200  
H    22.50700   11.50600   28.69900  
S    23.79700   9.52000    28.84700  
C    23.83200   8.25400    27.55800  
H    23.97500   8.77200    26.60700  
H    24.69000   7.57800    27.58600  
H    22.94800   7.61400    27.49100  
O    23.03600   8.94400    30.00100  
C    25.61300   17.60100   32.08600  
H    26.04400   16.64700   32.39900  
H    24.82100   18.02700   32.70900  
H    25.18200   17.39300   31.10300  
S    26.86400   18.87300   31.79700  
C    25.70700   20.15400   31.26200  
H    24.86500   20.32600   31.93700  
H    26.26000   21.07900   31.07900  
H    25.32600   19.78100   30.30800  
O    27.60100   18.42900   30.57200  
C    20.50300   20.84300   33.10100  
H    20.13600   20.25700   33.94700  
H    19.84600   21.70900   32.98500  
H    20.46000   20.18900   32.22600  
S    22.22100   21.25600   33.47500  
C    22.58800   22.07600   31.90700  
H    23.63700   22.35900   31.78500  
H    22.41200   21.40000   31.06600  
H    21.86000   22.88600   31.81800  
O    22.89800   19.92900   33.33100  
C    14.39900   20.67600   27.34000  
H    13.80800   19.76300   27.23300  
H    13.67300   21.45200   27.59700  
H    14.91000   20.89700   26.39900  
S    15.58500   20.37300   28.66900  
C    16.43100   21.90400   28.21500  
H    17.32300   21.86000   28.84500  
H    16.70800   21.86800   27.15800  
H    15.75700   22.72400   28.47400  
O    16.38200   19.21900   28.14600  
C    26.71100   12.61400   24.62300  
H    26.09100   11.84400   24.15800  
H    26.54700   13.66500   24.37000  
H    27.75100   12.48600   24.31100  
S    26.57500   12.51000   26.42200  
C    26.87900   10.73400   26.55200  
H    27.00300   10.46400   27.60400  
H    26.00200   10.21500   26.15500  
H    27.77700   10.55200   25.95700  
O    25.14500   12.52200   26.86500  
C    28.63600   24.86500   31.55800  
H    29.15300   25.08700   32.49500  
H    28.89400   25.64600   30.83800  
H    27.57400   24.85300   31.81400  
S    29.10800   23.24200   30.91900  
C    27.62000   23.03200   29.91500  
H    27.64100   23.71800   29.06500  
H    27.49100   21.97300   29.67400  
H    26.80500   23.31200   30.58700  
O    28.69900   22.50300   32.15500  
C    27.13900   24.58600   24.44300  
H    26.63600   25.31100   23.79900  
H    28.03900   24.20400   23.95400  
H    26.44000   23.82400   24.79800  
S    27.45500   25.31600   26.06500  
C    27.03400   27.00300   25.57200  
H    27.57900   27.17500   24.64000  
H    25.96200   27.16900   25.43300  
H    27.43600   27.59000   26.40100  
O    28.94900   25.28800   26.15800  
C    26.59600   22.89700   34.20300  
H    27.06100   23.70100   33.62600  
H    27.38300   22.40800   34.78300  
H    26.12100   22.24000   33.47000  
S    25.38900   23.59800   35.35000  
C    24.77400   22.02300   35.98900  
H    24.50400   21.41000   35.12500  
H    25.49300   21.56400   36.67200  
H    23.89000   22.21200   36.60400  
O    24.32200   23.96400   34.36600  
C    28.64200   12.75400   29.29100  
H    29.14500   12.63300   30.25400  
H    28.60700   13.79400   28.95800  
H    27.72000   12.16800   29.32700  
S    29.83500   11.89300   28.24200  
C    31.28700   12.77600   28.85700  
H    32.18200   12.19300   28.62800  
H    31.38900   13.66200   28.22500  
H    31.21700   13.00300   29.92400  
O    29.53300   12.35900   26.85200  
C    25.11200   13.47200   33.24600  
H    24.42600   14.28500   32.99400  
H    24.47000   12.66200   33.60200  
H    25.71100   13.87300   34.06800  
S    26.09800   12.98400   31.81200  
C    24.75400   12.33900   30.79100  
H    24.31000   11.40200   31.13800  
H    23.98300   13.11300   30.78000  
H    25.11700   12.22400   29.76700  
O    26.63600   11.69000   32.33600  
C    28.69700   9.18500    30.85700  
H    29.00500   9.78700    29.99900  
H    28.78200   9.71600    31.80900  
H    29.36900   8.32700    30.94400  
S    26.93600   8.82600    30.66900  
C    26.83200   8.08700    32.31400  
H    27.62500   7.34900    32.46000  
H    26.93300   8.93700    32.99500  
H    25.89100   7.53200    32.33400  
O    26.76300   7.60200    29.82500  
C    20.72200   26.65200   29.90900  
H    20.72500   27.38300   30.72100  
H    21.75600   26.35100   29.72300  
H    20.21400   27.03500   29.02000  
S    19.66800   25.29100   30.46000  
C    18.27400   26.42200   30.66200  
H    18.54100   27.43800   30.96300  
H    17.63300   26.40700   29.77600  
H    17.63700   25.94900   31.41300  
O    20.05500   25.03800   31.88400  
C    17.77300   18.54700   31.63000  
H    17.56500   19.31700   30.88300  
H    16.88700   18.27800   32.21000  
H    18.56100   18.81400   32.34000  
S    18.51200   17.11600   30.81100  
C    17.07800   16.61400   29.83200  
H    17.31600   15.58700   29.54200  
H    16.14600   16.58800   30.40200  
H    16.85200   17.19900   28.93700  
O    18.53200   16.18600   31.98500  
C    20.65000   16.67600   34.66600  
H    19.95400   15.88600   34.37400  
H    20.56300   16.76300   35.75200  
H    20.46800   17.63700   34.17800  
S    22.33500   16.10000   34.35700  
C    22.09400   16.22900   32.57000  
H    21.94200   17.26700   32.26200  
H    22.99200   15.84800   32.07700  
H    21.26400   15.59500   32.24700  
O    22.23300   14.62000   34.55200  
C    21.58300   23.78000   22.99600  
H    21.78500   23.40500   24.00300  
H    20.83900   24.57500   22.90000  
H    21.26200   22.95000   22.36100  
S    23.17400   24.47500   22.49700  
C    24.17400   22.97200   22.58100  
H    23.75800   22.43000   23.43400  
H    24.05700   22.41800   21.64600  
H    25.18300   23.24600   22.89700  
O    23.61900   25.22800   23.71200  
C    18.89600   13.60200   26.27500  
H    19.92000   13.22700   26.34900  
H    18.14700   12.97000   26.75900  
H    18.63300   13.71000   25.21900  
S    18.83400   15.22300   27.07000  
C    17.06900   15.53300   26.83800  
H    16.95400   16.61900   26.79300  
H    16.83400   15.14600   25.84300  
H    16.36500   15.33300   27.65000  
O    19.39500   16.08600   25.98400  
C    26.59900   16.46800   22.18300  
H    25.80100   15.80900   21.83000  
H    26.47200   16.45900   23.26900  
H    26.46900   17.47900   21.78900  
S    28.14900   15.77600   21.56300  
C    27.65400   15.68700   19.82700  
H    27.71600   16.70300   19.42800  
H    28.41800   14.99700   19.46000  
H    26.70400   15.15800   19.72000  
O    28.07700   14.33300   21.95400  
C    25.92000   16.10300   36.88700  
H    26.36300   15.10500   36.83500  
H    25.81300   16.49500   37.90100  
H    24.89900   16.05400   36.49800  
S    26.96400   17.19400   35.89400  
C    25.75300   18.53500   35.84800  
H    24.87800   18.24400   35.26000  
H    25.51400   18.70600   36.90000  
H    26.23300   19.47600   35.56600  
O    26.83000   16.45400   34.60000  
C    22.61900   16.37600   23.24600  
H    21.90700   15.88700   22.57600  
H    22.03300   16.84600   24.04000  
H    23.25200   17.10300   22.73000  
S    23.74600   15.23500   24.07700  
C    22.44600   14.80500   25.25600  
H    22.86200   13.97200   25.83000  
H    22.20300   15.64900   25.90600  
H    21.49000   14.55600   24.78800  
O    24.57500   16.11700   24.95800  
C    20.23100   24.80200   26.55600  
H    21.02900   24.97100   27.28400  
H    19.50600   24.11500   27.00000  
H    20.64400   24.36100   25.64500  
S    19.42100   26.35400   26.11100  
C    20.93000   27.34800   26.13300  
H    21.36700   27.55400   25.15300  
H    20.64400   28.30900   26.56900  
H    21.58600   26.89900   26.88300  
O    18.67400   26.86800   27.30200  
C    27.35600   20.39000   22.88200  
H    26.67000   21.18600   22.58100  
H    28.29400   20.92500   23.05100  
H    27.36400   19.65500   22.07300  
S    26.73500   19.89500   24.50500  
C    25.08600   19.35400   24.00000  
H    24.80200   20.00400   23.16800  
H    25.14000   18.27600   23.82900  
H    24.28400   19.46300   24.73400  
O    26.38900   21.23700   25.07300  
C    27.53000   17.11700   27.45400  
H    28.56400   17.28500   27.76400  
H    26.92700   18.00700   27.65400  
H    27.14000   16.24100   27.97800  
S    27.84700   16.72000   25.72000  
C    28.90400   15.28900   26.03500  
H    29.16000   14.80800   25.08800  
H    29.77800   15.64700   26.58600  
H    28.25300   14.56600   26.53200  
O    28.86600   17.74200   25.32100  
C    19.19600   13.07800   32.85300  
H    18.80800   13.95200   32.32400  
H    18.30100   12.76200   33.39700  
H    19.91500   13.48100   33.57100  
S    19.79000   11.95700   31.56600  
C    21.29000   12.89900   31.20800  
H    21.78400   12.26900   30.46400  
H    21.07100   13.85400   30.72400  
H    21.97300   12.99800   32.05600  
O    18.97300   12.34600   30.37300  
C    20.90400   12.15400   23.11300  
H    20.16200   12.75300   23.64700  
H    21.58000   12.83300   22.58600  
H    20.51300   11.43300   22.39000  
S    21.84600   11.30900   24.40300  
C    21.74300   9.69500    23.59800  
H    20.66900   9.49700    23.54500  
H    22.17300   9.64600    22.59500  
H    22.17400   9.03800    24.35800  
O    20.80300   11.15700   25.46500  
C    29.28800   20.04900   28.17600  
H    29.24600   19.97700   29.26600  
H    28.29700   20.19900   27.73900  
H    29.82300   19.18900   27.76500  
S    30.25500   21.56100   27.96800  
C    29.45500   22.12100   26.44800  
H    28.98600   21.32900   25.85800  
H    28.64900   22.81800   26.69300  
H    30.15500   22.54600   25.72400  
O    31.63700   21.10100   27.62200  
C    19.71700   17.00100   19.64000  
H    20.68700   17.41900   19.92100  
H    19.76600   16.23200   18.86500  
H    19.01100   17.81100   19.44400  
S    19.10900   16.02300   21.03300  
C    19.61000   17.12400   22.37600  
H    20.39500   17.69500   21.87300  
H    18.72800   17.74900   22.54200  
H    19.94400   16.54300   23.23900  
O    20.12300   14.92400   21.09200  
$end

$rem
JOBTYPE  SP
METHOD  B3LYP
BASIS  6-31+G(D)
SYMMETRY  FALSE
SYM_IGNORE  TRUE
MEM_TOTAL  16000
MEM_STATIC  8000
MAX_SUB_FILE_NUM  16000
BASIS_LIN_DEP_THRESH  6
THRESH  14
SCF_CONVERGENCE  8
GEN_SCFMAN  FALSE
SCF_GUESS  READ
FD_MAT_VEC_PROD  FALSE
XC_GRID  000075000302
NL_GRID  1
MAX_SCF_CYCLES  200
SKIP_SCFMAN  TRUE
ESP_GRID  0
ESP_EFIELD  1
$end
