$molecule
0 1
--
0 1
C    20.56200   22.26300   28.60200  
C    20.66300   21.18300   29.69200  
C    20.47000   19.80500   29.03900  
C    21.38800   19.48900   27.84700  
C    21.13800   20.55900   26.77200  
C    21.40000   21.96000   27.34900  
H    20.45900   19.06900   29.85300  
H    21.68100   21.33400   30.07100  
H    19.53500   22.57000   28.36800  
H    20.92000   23.20000   29.04600  
H    22.38200   19.42600   28.30600  
H    21.08100   18.48900   27.51500  
H    21.81800   20.43600   25.92100  
H    20.13100   20.50400   26.34000  
H    22.44500   22.15000   27.62300  
H    21.09300   22.67400   26.57500  
H    19.42100   19.79100   28.72000  
N    19.75500   21.50100   30.79300  
H    18.84600   21.83600   30.49800  
C    19.97400   21.18600   32.11700  
H    19.13200   21.43100   32.79000  
O    20.97800   20.65600   32.55700  
--
0 1
C    26.43700   23.79700   29.18800  
H    26.65100   22.91300   28.58300  
H    27.29500   24.47200   29.25200  
H    26.13100   23.36300   30.14300  
S    25.06500   24.72500   28.46700  
C    25.16100   26.05600   29.68500  
H    26.21500   26.34000   29.75200  
H    24.54000   26.94100   29.52500  
H    24.95900   25.54000   30.62700  
O    23.88100   23.88800   28.84100  
C    17.65500   24.13300   24.40500  
H    17.64100   24.74100   25.31300  
H    17.02500   23.24000   24.36600  
H    18.66300   23.71300   24.45600  
S    17.51900   25.17400   22.93400  
C    15.98900   25.89400   23.57200  
H    16.16200   26.36800   24.54200  
H    15.72800   26.54500   22.73500  
H    15.30100   25.04600   23.60800  
O    17.02600   24.31800   21.81000  
C    16.15300   18.93000   20.56400  
H    15.50600   19.39300   19.81400  
H    16.51800   17.91100   20.41100  
H    15.38100   18.83900   21.33200  
S    17.41600   20.05200   21.20400  
C    18.72800   19.87400   19.97400  
H    18.42800   20.09400   18.94600  
H    19.53400   20.57500   20.20600  
H    19.11800   18.86000   20.09500  
O    17.93900   19.41500   22.45300  
C    23.70800   16.23800   27.91600  
H    23.87300   17.30700   27.76200  
H    24.67100   15.74900   28.08600  
H    23.25900   15.78700   27.02800  
S    22.78500   15.72600   29.38300  
C    24.12000   15.79800   30.59900  
H    23.69000   15.61000   31.58700  
H    24.86900   15.08100   30.25400  
H    24.51700   16.80400   30.75700  
O    22.77600   14.23300   29.27600  
C    27.94400   18.63500   27.66700  
H    28.44300   19.25100   28.41900  
H    28.33100   18.77500   26.65500  
H    26.90800   18.96500   27.55500  
S    28.00000   16.91500   28.21800  
C    29.78500   16.66900   28.34200  
H    30.14100   16.34000   27.36200  
H    30.23000   17.60400   28.69200  
H    30.02100   15.87400   29.05400  
O    27.60100   16.15800   26.99000  
C    25.39800   22.19900   34.92200  
H    26.26400   21.66100   35.31500  
H    25.31100   21.91900   33.86900  
H    25.42700   23.28700   35.01900  
S    24.01900   21.43200   35.80200  
C    24.47700   21.77700   37.51600  
H    25.52900   21.52900   37.68300  
H    24.31100   22.85300   37.60400  
H    23.82000   21.25400   38.21600  
O    24.39600   19.98300   35.79300  
C    20.99700   22.04900   37.32300  
H    20.42900   21.23100   37.77300  
H    21.00900   21.94200   36.23600  
H    21.94300   22.04900   37.87000  
S    20.02800   23.54500   37.62500  
C    18.51100   22.79900   36.98700  
H    17.98900   22.23300   37.76300  
H    17.80100   23.58600   36.72300  
H    18.75500   22.28200   36.05500  
O    20.45800   24.53300   36.58500  
C    19.29800   18.96600   35.64500  
H    19.26400   17.89300   35.85000  
H    20.01200   19.07700   34.82400  
H    19.65600   19.55200   36.49600  
S    17.61200   19.34300   35.11800  
C    17.10400   17.61400   34.99200  
H    17.12100   17.08200   35.94700  
H    16.06600   17.66800   34.65500  
H    17.54600   16.98500   34.21400  
O    17.64900   19.75900   33.68000  
C    16.38500   20.75500   30.09600  
H    15.47900   20.15600   29.98100  
H    17.22500   20.19800   29.67300  
H    16.60300   20.92900   31.15300  
S    16.22500   22.42700   29.42900  
C    16.33900   21.89300   27.70700  
H    15.39600   21.44200   27.38700  
H    16.55000   22.75600   27.07000  
H    17.19500   21.22100   27.60600  
O    17.57700   22.94700   29.80800  
C    19.02600   16.50600   25.70500  
H    20.03000   16.91300   25.84800  
H    18.75500   16.48800   24.64600  
H    18.30200   16.94900   26.39400  
S    19.09200   14.73100   26.03800  
C    20.54500   14.41000   25.01400  
H    21.34800   14.97800   25.49000  
H    20.62400   13.32900   25.15600  
H    20.34500   14.71800   23.98500  
O    17.95100   14.16800   25.24900  
C    26.54200   20.86700   30.81800  
H    27.21400   21.20100   30.02300  
H    26.58300   21.62000   31.60900  
H    26.91100   19.88200   31.11300  
S    24.94800   20.68700   29.98500  
C    24.02100   20.79600   31.53200  
H    23.11500   20.24600   31.26200  
H    24.58100   20.32400   32.34300  
H    23.75100   21.84200   31.70000  
O    24.81400   19.25300   29.57500  
C    15.52700   16.75300   24.38900  
H    15.93700   17.73700   24.14500  
H    16.33600   16.17000   24.83500  
H    15.22100   16.22300   23.48300  
S    14.15300   16.93800   25.54800  
C    15.08800   16.91200   27.09400  
H    15.86900   16.14800   27.13600  
H    15.39400   17.95100   27.23600  
H    14.28200   16.69200   27.79900  
O    13.53200   15.57700   25.60200  
C    22.03700   24.01500   31.84000  
H    22.13900   23.08900   32.41200  
H    21.26800   23.95200   31.06600  
H    23.00600   24.25500   31.39500  
S    21.72000   25.35500   33.01000  
C    20.07900   24.76300   33.48000  
H    19.60700   25.66000   33.88800  
H    19.55300   24.39800   32.59400  
H    20.09600   24.09600   34.34700  
O    21.32200   26.36500   31.97900  
C    20.59500   26.70700   28.48500  
H    20.62000   26.10600   27.57200  
H    21.01000   26.15000   29.32900  
H    19.58900   27.03300   28.76000  
S    21.51800   28.18600   28.00800  
C    21.00300   29.09400   29.48200  
H    20.00700   29.51900   29.32800  
H    21.01300   28.36200   30.29400  
H    21.63300   29.93900   29.77200  
O    20.68000   28.75600   26.90500  
C    14.50400   20.43700   36.06200  
H    14.54900   19.35500   36.20600  
H    15.45000   20.88000   35.74100  
H    14.06800   20.94100   36.92900  
S    13.60600   20.84700   34.54800  
C    14.38400   19.61400   33.47900  
H    13.67400   19.46000   32.66300  
H    15.33400   20.00200   33.10100  
H    14.39400   18.66000   34.01300  
O    13.99800   22.21900   34.09500  
C    22.25100   17.62700   33.32900  
H    21.84000   18.63000   33.47000  
H    23.33800   17.70600   33.40900  
H    22.00700   17.08400   32.41200  
S    21.72200   16.58300   34.70600  
C    22.61000   17.50300   35.98400  
H    23.57800   17.84600   35.60800  
H    21.96700   18.36100   36.19100  
H    22.82000   16.94600   36.90100  
O    22.69600   15.48000   34.43000  
C    20.96600   22.05100   23.16500  
H    21.07500   21.11900   23.72400  
H    21.16800   22.76900   23.96400  
H    19.92400   22.03000   22.83300  
S    22.02400   22.26900   21.71700  
C    20.88100   23.37400   20.85800  
H    21.22000   23.55200   19.83400  
H    19.96700   22.77900   20.79200  
H    20.70300   24.31700   21.38000  
O    22.02000   20.99800   20.92600  
C    12.28600   21.31500   30.55200  
H    12.26400   20.53000   31.31300  
H    13.22800   21.86600   30.60800  
H    11.42700   21.99000   30.54900  
S    12.31400   20.42900   28.97700  
C    11.10700   19.20400   29.53300  
H    11.49700   18.70500   30.42400  
H    10.18300   19.68000   29.86900  
H    10.98300   18.48200   28.72200  
O    13.60300   19.69100   28.79100  
C    23.90500   25.88300   24.58900  
H    23.33600   25.13200   24.03700  
H    24.25700   25.47100   25.53800  
H    23.30700   26.78400   24.74800  
S    25.34800   26.41300   23.63900  
C    24.57500   26.70900   22.03300  
H    24.10000   27.68800   22.13900  
H    25.43100   26.74000   21.35400  
H    24.01100   25.84400   21.67600  
O    26.04800   25.10100   23.46400  
C    27.65100   18.70900   35.57600  
H    28.56100   18.19200   35.25800  
H    27.97900   19.73700   35.40400  
H    27.37000   18.33900   36.56600  
S    26.48300   18.33600   34.24900  
C    26.42800   16.54400   34.47200  
H    26.86900   16.00300   33.63100  
H    26.66100   16.23000   35.49300  
H    25.36100   16.37900   34.30800  
O    27.31900   18.55600   33.02700  
C    23.22100   18.70900   22.74400  
H    24.20800   18.37000   23.06800  
H    23.14200   18.78900   21.65700  
H    22.87200   19.62500   23.22700  
S    22.11800   17.36300   23.23300  
C    20.54500   18.25200   23.20700  
H    20.53900   19.05800   23.94500  
H    20.40100   18.68300   22.21300  
H    19.75700   17.54400   23.47700  
O    22.27100   17.37500   24.72300  
C    19.62200   28.42500   21.96700  
H    19.01400   29.25100   22.34600  
H    20.43700   28.83100   21.36100  
H    19.07200   27.71800   21.34100  
S    20.49000   27.65400   23.35200  
C    21.39600   29.15900   23.77400  
H    21.96100   29.50900   22.90700  
H    20.67300   29.93600   24.03700  
H    21.94300   28.99100   24.70500  
O    21.51400   26.71200   22.79700  
C    24.78500   19.64800   25.60800  
H    25.59100   19.50200   24.88500  
H    24.96300   18.90700   26.39100  
H    23.75500   19.48300   25.28100  
S    25.05300   21.36800   26.09200  
C    25.48700   22.06100   24.48100  
H    24.75300   21.55600   23.84700  
H    25.42800   23.14100   24.64000  
H    26.47900   21.68400   24.22300  
O    26.40300   21.23700   26.72600  
C    26.22800   14.14500   25.07000  
H    26.71300   13.30400   24.56700  
H    26.86000   15.00800   25.29300  
H    25.73600   13.83200   25.99500  
S    25.00600   14.83900   23.93400  
C    23.72400   13.56600   23.94600  
H    23.17800   13.64300   24.88900  
H    22.99900   13.84000   23.17500  
H    24.11900   12.57800   23.69500  
O    25.60500   14.67700   22.57100  
C    16.66400   25.84700   28.10000  
H    16.90200   25.12100   28.88200  
H    16.73200   25.57500   27.04400  
H    17.28000   26.73900   28.24400  
S    14.98500   26.47800   28.31900  
C    14.03500   25.04700   27.75800  
H    13.02100   25.36700   28.00900  
H    14.30600   24.93000   26.70500  
H    14.35300   24.14900   28.29400  
O    14.88400   27.45200   27.18700  
C    18.48400   14.89000   30.33800  
H    17.40000   14.75500   30.34000  
H    18.98400   14.28500   29.57800  
H    18.87000   14.65700   31.33400  
S    18.91000   16.61100   29.98800  
C    18.08800   17.28700   31.44800  
H    18.83400   17.74000   32.10600  
H    17.38400   18.06500   31.14100  
H    17.55800   16.49300   31.98000  
O    17.95900   16.83200   28.85300  
C    15.07000   25.34200   34.45400  
H    15.91600   25.98100   34.72000  
H    14.07800   25.80100   34.44500  
H    15.03400   24.56000   35.21700  
S    15.42900   24.52000   32.88600  
C    16.84300   23.51700   33.39400  
H    17.53000   24.10300   34.01000  
H    16.46700   22.61400   33.88100  
H    17.41600   23.12100   32.55100  
O    16.11900   25.53900   32.03300  
C    14.41200   20.55700   25.00600  
H    14.16800   20.41700   26.06200  
H    14.13200   19.65000   24.46400  
H    15.45700   20.82100   24.82200  
S    13.43700   21.87900   24.25500  
C    14.18700   21.75600   22.61500  
H    14.21500   20.69300   22.36000  
H    13.63500   22.42200   21.94800  
H    15.22500   22.09500   22.66700  
O    13.99700   23.17800   24.74500  
$end

$rem
JOBTYPE  SP
METHOD  B3LYP
BASIS  6-31+G(D)
SYMMETRY  FALSE
SYM_IGNORE  TRUE
MEM_TOTAL  16000
MEM_STATIC  8000
MAX_SUB_FILE_NUM  16000
BASIS_LIN_DEP_THRESH  6
THRESH  14
SCF_CONVERGENCE  8
GEN_SCFMAN  TRUE
SCF_GUESS  SAD
FD_MAT_VEC_PROD  FALSE
XC_GRID  000075000302
NL_GRID  1
MAX_SCF_CYCLES  200
ENV_METHOD  B3LYP
GEN_SCFMAN_EMBED  TRUE
SPADE_PARTITION  TRUE
$end

$development
embedding_early_stop  1
$end

@@@

$molecule
0 1
@C    20.56200   22.26300   28.60200  
@C    20.66300   21.18300   29.69200  
@C    20.47000   19.80500   29.03900  
@C    21.38800   19.48900   27.84700  
@C    21.13800   20.55900   26.77200  
@C    21.40000   21.96000   27.34900  
@H    20.45900   19.06900   29.85300  
@H    21.68100   21.33400   30.07100  
@H    19.53500   22.57000   28.36800  
@H    20.92000   23.20000   29.04600  
@H    22.38200   19.42600   28.30600  
@H    21.08100   18.48900   27.51500  
@H    21.81800   20.43600   25.92100  
@H    20.13100   20.50400   26.34000  
@H    22.44500   22.15000   27.62300  
@H    21.09300   22.67400   26.57500  
@H    19.42100   19.79100   28.72000  
@N    19.75500   21.50100   30.79300  
@H    18.84600   21.83600   30.49800  
@C    19.97400   21.18600   32.11700  
@H    19.13200   21.43100   32.79000  
@O    20.97800   20.65600   32.55700  
C    26.43700   23.79700   29.18800  
H    26.65100   22.91300   28.58300  
H    27.29500   24.47200   29.25200  
H    26.13100   23.36300   30.14300  
S    25.06500   24.72500   28.46700  
C    25.16100   26.05600   29.68500  
H    26.21500   26.34000   29.75200  
H    24.54000   26.94100   29.52500  
H    24.95900   25.54000   30.62700  
O    23.88100   23.88800   28.84100  
C    17.65500   24.13300   24.40500  
H    17.64100   24.74100   25.31300  
H    17.02500   23.24000   24.36600  
H    18.66300   23.71300   24.45600  
S    17.51900   25.17400   22.93400  
C    15.98900   25.89400   23.57200  
H    16.16200   26.36800   24.54200  
H    15.72800   26.54500   22.73500  
H    15.30100   25.04600   23.60800  
O    17.02600   24.31800   21.81000  
C    16.15300   18.93000   20.56400  
H    15.50600   19.39300   19.81400  
H    16.51800   17.91100   20.41100  
H    15.38100   18.83900   21.33200  
S    17.41600   20.05200   21.20400  
C    18.72800   19.87400   19.97400  
H    18.42800   20.09400   18.94600  
H    19.53400   20.57500   20.20600  
H    19.11800   18.86000   20.09500  
O    17.93900   19.41500   22.45300  
C    23.70800   16.23800   27.91600  
H    23.87300   17.30700   27.76200  
H    24.67100   15.74900   28.08600  
H    23.25900   15.78700   27.02800  
S    22.78500   15.72600   29.38300  
C    24.12000   15.79800   30.59900  
H    23.69000   15.61000   31.58700  
H    24.86900   15.08100   30.25400  
H    24.51700   16.80400   30.75700  
O    22.77600   14.23300   29.27600  
C    27.94400   18.63500   27.66700  
H    28.44300   19.25100   28.41900  
H    28.33100   18.77500   26.65500  
H    26.90800   18.96500   27.55500  
S    28.00000   16.91500   28.21800  
C    29.78500   16.66900   28.34200  
H    30.14100   16.34000   27.36200  
H    30.23000   17.60400   28.69200  
H    30.02100   15.87400   29.05400  
O    27.60100   16.15800   26.99000  
C    25.39800   22.19900   34.92200  
H    26.26400   21.66100   35.31500  
H    25.31100   21.91900   33.86900  
H    25.42700   23.28700   35.01900  
S    24.01900   21.43200   35.80200  
C    24.47700   21.77700   37.51600  
H    25.52900   21.52900   37.68300  
H    24.31100   22.85300   37.60400  
H    23.82000   21.25400   38.21600  
O    24.39600   19.98300   35.79300  
C    20.99700   22.04900   37.32300  
H    20.42900   21.23100   37.77300  
H    21.00900   21.94200   36.23600  
H    21.94300   22.04900   37.87000  
S    20.02800   23.54500   37.62500  
C    18.51100   22.79900   36.98700  
H    17.98900   22.23300   37.76300  
H    17.80100   23.58600   36.72300  
H    18.75500   22.28200   36.05500  
O    20.45800   24.53300   36.58500  
C    19.29800   18.96600   35.64500  
H    19.26400   17.89300   35.85000  
H    20.01200   19.07700   34.82400  
H    19.65600   19.55200   36.49600  
S    17.61200   19.34300   35.11800  
C    17.10400   17.61400   34.99200  
H    17.12100   17.08200   35.94700  
H    16.06600   17.66800   34.65500  
H    17.54600   16.98500   34.21400  
O    17.64900   19.75900   33.68000  
C    16.38500   20.75500   30.09600  
H    15.47900   20.15600   29.98100  
H    17.22500   20.19800   29.67300  
H    16.60300   20.92900   31.15300  
S    16.22500   22.42700   29.42900  
C    16.33900   21.89300   27.70700  
H    15.39600   21.44200   27.38700  
H    16.55000   22.75600   27.07000  
H    17.19500   21.22100   27.60600  
O    17.57700   22.94700   29.80800  
C    19.02600   16.50600   25.70500  
H    20.03000   16.91300   25.84800  
H    18.75500   16.48800   24.64600  
H    18.30200   16.94900   26.39400  
S    19.09200   14.73100   26.03800  
C    20.54500   14.41000   25.01400  
H    21.34800   14.97800   25.49000  
H    20.62400   13.32900   25.15600  
H    20.34500   14.71800   23.98500  
O    17.95100   14.16800   25.24900  
C    26.54200   20.86700   30.81800  
H    27.21400   21.20100   30.02300  
H    26.58300   21.62000   31.60900  
H    26.91100   19.88200   31.11300  
S    24.94800   20.68700   29.98500  
C    24.02100   20.79600   31.53200  
H    23.11500   20.24600   31.26200  
H    24.58100   20.32400   32.34300  
H    23.75100   21.84200   31.70000  
O    24.81400   19.25300   29.57500  
C    15.52700   16.75300   24.38900  
H    15.93700   17.73700   24.14500  
H    16.33600   16.17000   24.83500  
H    15.22100   16.22300   23.48300  
S    14.15300   16.93800   25.54800  
C    15.08800   16.91200   27.09400  
H    15.86900   16.14800   27.13600  
H    15.39400   17.95100   27.23600  
H    14.28200   16.69200   27.79900  
O    13.53200   15.57700   25.60200  
C    22.03700   24.01500   31.84000  
H    22.13900   23.08900   32.41200  
H    21.26800   23.95200   31.06600  
H    23.00600   24.25500   31.39500  
S    21.72000   25.35500   33.01000  
C    20.07900   24.76300   33.48000  
H    19.60700   25.66000   33.88800  
H    19.55300   24.39800   32.59400  
H    20.09600   24.09600   34.34700  
O    21.32200   26.36500   31.97900  
C    20.59500   26.70700   28.48500  
H    20.62000   26.10600   27.57200  
H    21.01000   26.15000   29.32900  
H    19.58900   27.03300   28.76000  
S    21.51800   28.18600   28.00800  
C    21.00300   29.09400   29.48200  
H    20.00700   29.51900   29.32800  
H    21.01300   28.36200   30.29400  
H    21.63300   29.93900   29.77200  
O    20.68000   28.75600   26.90500  
C    14.50400   20.43700   36.06200  
H    14.54900   19.35500   36.20600  
H    15.45000   20.88000   35.74100  
H    14.06800   20.94100   36.92900  
S    13.60600   20.84700   34.54800  
C    14.38400   19.61400   33.47900  
H    13.67400   19.46000   32.66300  
H    15.33400   20.00200   33.10100  
H    14.39400   18.66000   34.01300  
O    13.99800   22.21900   34.09500  
C    22.25100   17.62700   33.32900  
H    21.84000   18.63000   33.47000  
H    23.33800   17.70600   33.40900  
H    22.00700   17.08400   32.41200  
S    21.72200   16.58300   34.70600  
C    22.61000   17.50300   35.98400  
H    23.57800   17.84600   35.60800  
H    21.96700   18.36100   36.19100  
H    22.82000   16.94600   36.90100  
O    22.69600   15.48000   34.43000  
C    20.96600   22.05100   23.16500  
H    21.07500   21.11900   23.72400  
H    21.16800   22.76900   23.96400  
H    19.92400   22.03000   22.83300  
S    22.02400   22.26900   21.71700  
C    20.88100   23.37400   20.85800  
H    21.22000   23.55200   19.83400  
H    19.96700   22.77900   20.79200  
H    20.70300   24.31700   21.38000  
O    22.02000   20.99800   20.92600  
C    12.28600   21.31500   30.55200  
H    12.26400   20.53000   31.31300  
H    13.22800   21.86600   30.60800  
H    11.42700   21.99000   30.54900  
S    12.31400   20.42900   28.97700  
C    11.10700   19.20400   29.53300  
H    11.49700   18.70500   30.42400  
H    10.18300   19.68000   29.86900  
H    10.98300   18.48200   28.72200  
O    13.60300   19.69100   28.79100  
C    23.90500   25.88300   24.58900  
H    23.33600   25.13200   24.03700  
H    24.25700   25.47100   25.53800  
H    23.30700   26.78400   24.74800  
S    25.34800   26.41300   23.63900  
C    24.57500   26.70900   22.03300  
H    24.10000   27.68800   22.13900  
H    25.43100   26.74000   21.35400  
H    24.01100   25.84400   21.67600  
O    26.04800   25.10100   23.46400  
C    27.65100   18.70900   35.57600  
H    28.56100   18.19200   35.25800  
H    27.97900   19.73700   35.40400  
H    27.37000   18.33900   36.56600  
S    26.48300   18.33600   34.24900  
C    26.42800   16.54400   34.47200  
H    26.86900   16.00300   33.63100  
H    26.66100   16.23000   35.49300  
H    25.36100   16.37900   34.30800  
O    27.31900   18.55600   33.02700  
C    23.22100   18.70900   22.74400  
H    24.20800   18.37000   23.06800  
H    23.14200   18.78900   21.65700  
H    22.87200   19.62500   23.22700  
S    22.11800   17.36300   23.23300  
C    20.54500   18.25200   23.20700  
H    20.53900   19.05800   23.94500  
H    20.40100   18.68300   22.21300  
H    19.75700   17.54400   23.47700  
O    22.27100   17.37500   24.72300  
C    19.62200   28.42500   21.96700  
H    19.01400   29.25100   22.34600  
H    20.43700   28.83100   21.36100  
H    19.07200   27.71800   21.34100  
S    20.49000   27.65400   23.35200  
C    21.39600   29.15900   23.77400  
H    21.96100   29.50900   22.90700  
H    20.67300   29.93600   24.03700  
H    21.94300   28.99100   24.70500  
O    21.51400   26.71200   22.79700  
C    24.78500   19.64800   25.60800  
H    25.59100   19.50200   24.88500  
H    24.96300   18.90700   26.39100  
H    23.75500   19.48300   25.28100  
S    25.05300   21.36800   26.09200  
C    25.48700   22.06100   24.48100  
H    24.75300   21.55600   23.84700  
H    25.42800   23.14100   24.64000  
H    26.47900   21.68400   24.22300  
O    26.40300   21.23700   26.72600  
C    26.22800   14.14500   25.07000  
H    26.71300   13.30400   24.56700  
H    26.86000   15.00800   25.29300  
H    25.73600   13.83200   25.99500  
S    25.00600   14.83900   23.93400  
C    23.72400   13.56600   23.94600  
H    23.17800   13.64300   24.88900  
H    22.99900   13.84000   23.17500  
H    24.11900   12.57800   23.69500  
O    25.60500   14.67700   22.57100  
C    16.66400   25.84700   28.10000  
H    16.90200   25.12100   28.88200  
H    16.73200   25.57500   27.04400  
H    17.28000   26.73900   28.24400  
S    14.98500   26.47800   28.31900  
C    14.03500   25.04700   27.75800  
H    13.02100   25.36700   28.00900  
H    14.30600   24.93000   26.70500  
H    14.35300   24.14900   28.29400  
O    14.88400   27.45200   27.18700  
C    18.48400   14.89000   30.33800  
H    17.40000   14.75500   30.34000  
H    18.98400   14.28500   29.57800  
H    18.87000   14.65700   31.33400  
S    18.91000   16.61100   29.98800  
C    18.08800   17.28700   31.44800  
H    18.83400   17.74000   32.10600  
H    17.38400   18.06500   31.14100  
H    17.55800   16.49300   31.98000  
O    17.95900   16.83200   28.85300  
C    15.07000   25.34200   34.45400  
H    15.91600   25.98100   34.72000  
H    14.07800   25.80100   34.44500  
H    15.03400   24.56000   35.21700  
S    15.42900   24.52000   32.88600  
C    16.84300   23.51700   33.39400  
H    17.53000   24.10300   34.01000  
H    16.46700   22.61400   33.88100  
H    17.41600   23.12100   32.55100  
O    16.11900   25.53900   32.03300  
C    14.41200   20.55700   25.00600  
H    14.16800   20.41700   26.06200  
H    14.13200   19.65000   24.46400  
H    15.45700   20.82100   24.82200  
S    13.43700   21.87900   24.25500  
C    14.18700   21.75600   22.61500  
H    14.21500   20.69300   22.36000  
H    13.63500   22.42200   21.94800  
H    15.22500   22.09500   22.66700  
O    13.99700   23.17800   24.74500  
$end

$rem
JOBTYPE  SP
METHOD  B3LYP
BASIS  6-31+G(D)
SYMMETRY  FALSE
SYM_IGNORE  TRUE
MEM_TOTAL  16000
MEM_STATIC  8000
MAX_SUB_FILE_NUM  16000
BASIS_LIN_DEP_THRESH  6
THRESH  14
SCF_CONVERGENCE  8
GEN_SCFMAN  FALSE
SCF_GUESS  READ
FD_MAT_VEC_PROD  FALSE
XC_GRID  000075000302
NL_GRID  1
MAX_SCF_CYCLES  200
SKIP_SCFMAN  TRUE
ESP_GRID  0
ESP_EFIELD  1
$end
