$molecule
0 1
--
0 1
C    19.32600   21.89900   28.35500  
C    19.68100   20.41700   28.55800  
C    19.35200   19.60300   27.29600  
C    19.97300   20.19600   26.02000  
C    19.57700   21.66700   25.81100  
C    19.96400   22.45700   27.07200  
H    19.62100   18.56900   27.54300  
H    20.75500   20.31500   28.75700  
H    18.24100   22.01400   28.24300  
H    19.61900   22.47700   29.24000  
H    21.06200   20.07100   26.04300  
H    19.62700   19.77800   25.06700  
H    19.96800   22.28000   24.99000  
H    18.48500   21.64900   25.71000  
H    21.04600   22.37000   27.22700  
H    19.79400   23.52800   26.90700  
H    18.26100   19.51800   27.22300  
N    18.76600   19.88500   29.56700  
H    17.77700   19.72100   29.41900  
C    19.22200   19.15500   30.64400  
H    18.42400   18.67000   31.23500  
O    20.40400   19.03200   30.91400  
--
0 1
C    22.80900   18.67600   28.68600  
H    22.98000   18.02400   29.54700  
H    23.19300   19.63600   29.04000  
H    21.73100   18.65800   28.50300  
S    23.68200   18.26100   27.16000  
C    25.22900   17.67500   27.88800  
H    25.63200   18.45000   28.54400  
H    24.88400   16.81500   28.46800  
H    25.85600   17.38200   27.04200  
O    23.98800   19.62900   26.63400  
C    22.24800   13.30500   29.57200  
H    21.75100   14.25700   29.36300  
H    23.32700   13.47500   29.60200  
H    21.90100   12.67100   28.75200  
S    21.48200   12.61300   31.05400  
C    21.99800   13.79700   32.31800  
H    23.04000   14.01100   32.06400  
H    21.43600   14.73400   32.26600  
H    21.77600   13.20000   33.20500  
O    22.21200   11.35700   31.41800  
C    18.44700   22.59600   37.10900  
H    18.46700   21.65900   37.67100  
H    18.91900   23.41700   37.65600  
H    17.42100   22.85400   36.83500  
S    19.32800   22.44400   35.53900  
C    18.13800   23.35100   34.52500  
H    18.62700   23.47200   33.55500  
H    17.22300   22.75300   34.51200  
H    17.93900   24.32000   34.99100  
O    18.93700   21.04100   35.19000  
C    15.76700   19.99000   33.72300  
H    16.76000   19.99400   34.17900  
H    15.29500   19.00400   33.72600  
H    15.69000   20.38200   32.70600  
S    14.66700   21.13200   34.58800  
C    15.18000   20.81700   36.29200  
H    14.88800   19.80900   36.59800  
H    16.26500   20.90700   36.38600  
H    14.66700   21.54200   36.92900  
O    13.35900   20.42100   34.43600  
C    14.68900   16.80600   29.67100  
H    14.29000   16.05800   30.36100  
H    13.92000   17.21500   29.01000  
H    15.45900   16.30200   29.08200  
S    15.38700   18.07000   30.75800  
C    13.78100   18.86300   30.99000  
H    13.85500   19.70500   31.68300  
H    13.39900   19.16900   30.01300  
H    13.13100   18.08000   31.38800  
O    15.96800   19.15900   29.91100  
C    21.94400   17.03000   21.97900  
H    22.59500   16.17200   22.16200  
H    21.82500   17.26200   20.91700  
H    22.37900   17.94300   22.39400  
S    20.33200   16.60500   22.67700  
C    20.80300   16.74700   24.41600  
H    21.61400   16.02400   24.53400  
H    21.15500   17.77200   24.55400  
H    19.99300   16.56500   25.12700  
O    20.20900   15.13700   22.41300  
C    25.41700   21.77200   28.45400  
H    25.40100   21.21400   27.51500  
H    26.02100   22.68300   28.43700  
H    25.78400   21.15200   29.27600  
S    23.76300   22.38500   28.84600  
C    23.56800   23.24300   27.26800  
H    23.64400   22.49900   26.47000  
H    22.59500   23.72000   27.12800  
H    24.36400   23.97500   27.10800  
O    24.02300   23.43300   29.88300  
C    21.24400   23.23800   31.70700  
H    21.47100   23.51500   32.74000  
H    20.64000   22.32800   31.66500  
H    22.22700   23.03000   31.27700  
S    20.59600   24.64300   30.77400  
C    21.87100   25.87900   31.10900  
H    22.73500   25.29600   30.77800  
H    21.74300   26.86600   30.65900  
H    21.92900   26.00500   32.19300  
O    19.48600   25.06800   31.68400  
C    19.92900   26.63100   27.62000  
H    19.39500   26.74000   26.67200  
H    19.68000   25.63300   27.99000  
H    19.65300   27.34900   28.39500  
S    21.66800   26.53700   27.13700  
C    21.69100   28.23400   26.51600  
H    21.15600   28.15400   25.56600  
H    21.13500   28.81800   27.25400  
H    22.70200   28.59900   26.31600  
O    21.77400   25.75300   25.86600  
C    12.17900   24.35000   28.28800  
H    11.23000   24.75400   28.65200  
H    13.01400   25.05200   28.34800  
H    12.00100   23.97300   27.27700  
S    12.63300   22.97000   29.36300  
C    11.06400   22.12600   29.05800  
H    10.99100   21.19700   29.62800  
H    10.22800   22.76700   29.34700  
H    11.02800   21.98800   27.97400  
O    12.33400   23.58200   30.69600  
C    16.34900   14.87300   33.70500  
H    16.45100   13.89000   34.17200  
H    16.82200   15.65300   34.30700  
H    15.27000   15.04700   33.70700  
S    17.03500   14.98200   32.03700  
C    16.22300   13.50400   31.38700  
H    16.49700   13.21700   30.36800  
H    16.45200   12.64100   32.01600  
H    15.16500   13.77600   31.42400  
O    18.44400   14.48800   32.15000  
C    23.54100   19.47500   32.28000  
H    24.39900   20.14000   32.41100  
H    22.98600   19.68000   31.36100  
H    22.93700   19.56500   33.18700  
S    24.22900   17.80900   32.15400  
C    25.28900   17.78100   33.61700  
H    25.82700   18.73100   33.67200  
H    24.61800   17.66300   34.47200  
H    26.03300   16.98100   33.59500  
O    25.15400   17.89000   30.98000  
C    20.03900   18.15500   34.55700  
H    20.56200   19.10900   34.66100  
H    19.44800   17.97900   33.65500  
H    19.38900   18.10200   35.43400  
S    21.23300   16.83900   34.88700  
C    20.20800   15.38800   35.21800  
H    19.74200   15.01900   34.30100  
H    20.83300   14.59900   35.64400  
H    19.39500   15.68200   35.88600  
O    21.80000   17.10900   36.24600  
C    22.23300   26.62300   22.47500  
H    22.44100   25.63500   22.05800  
H    22.91600   27.29700   21.95100  
H    22.48500   26.54900   23.53600  
S    20.51500   27.11900   22.21400  
C    19.82500   25.65400   23.01700  
H    18.74200   25.53600   22.93500  
H    20.19000   24.73700   22.54800  
H    19.96900   25.61900   24.10000  
O    20.35300   26.78800   20.76300  
C    25.50600   18.18800   23.86800  
H    26.35900   18.15900   24.55100  
H    24.87000   19.07400   23.93100  
H    25.04400   17.19800   23.91500  
S    26.17700   18.21700   22.19000  
C    27.38000   16.91300   22.53400  
H    28.24700   16.82300   21.87400  
H    27.72300   17.23100   23.52200  
H    26.83800   15.97300   22.65900  
O    27.00900   19.46000   22.13300  
C    21.36500   20.53500   20.36300  
H    21.78500   19.58500   20.02400  
H    21.42900   21.19200   19.49200  
H    21.96800   20.82600   21.22800  
S    19.64100   20.39300   20.88300  
C    19.49600   22.17000   21.17800  
H    20.33200   22.47200   21.81500  
H    19.65100   22.61700   20.19300  
H    18.47700   22.50500   21.38900  
O    19.71800   19.77400   22.24400  
C    16.42600   29.76300   24.28300  
H    15.62400   30.25200   24.84300  
H    16.97800   30.62200   23.89200  
H    16.08800   29.13000   23.45900  
S    17.41300   28.74800   25.40600  
C    18.15300   30.10900   26.33700  
H    18.71900   30.63900   25.56700  
H    17.39800   30.84300   26.63100  
H    18.83400   29.84500   27.15000  
O    18.68400   28.35900   24.71900  
C    25.12700   22.50400   23.94600  
H    25.54600   22.32600   24.93900  
H    25.45200   21.71100   23.26900  
H    25.53000   23.43600   23.54000  
S    23.34900   22.72000   23.70300  
C    22.95100   20.96200   23.82000  
H    23.14400   20.58000   24.82600  
H    21.86400   20.93900   23.70900  
H    23.43100   20.32200   23.07500  
O    23.13900   22.91300   22.23400  
C    15.40700   21.54800   27.32700  
H    16.17900   21.39700   26.56800  
H    15.23600   22.61100   27.51500  
H    15.76200   21.06100   28.23900  
S    13.97400   20.55600   26.85000  
C    14.77900   18.96400   26.55900  
H    14.02900   18.22200   26.27100  
H    15.49900   19.18600   25.76800  
H    15.32300   18.63200   27.44700  
O    13.55900   21.02500   25.49000  
C    17.19700   25.09000   26.10600  
H    18.21000   25.01200   25.70400  
H    17.19600   25.86300   26.87900  
H    16.97600   24.13700   26.59300  
S    16.10700   25.42500   24.70400  
C    14.52000   24.98300   25.44600  
H    14.65100   23.93000   25.71100  
H    14.26900   25.59100   26.31800  
H    13.67700   25.16000   24.77400  
O    16.27900   24.18700   23.88000  
C    18.45300   15.83500   28.81200  
H    18.77700   14.86200   29.18900  
H    19.27300   16.49400   28.52000  
H    17.75400   16.45200   29.38200  
S    17.69800   15.58700   27.18900  
C    19.05500   14.53600   26.62500  
H    19.20400   14.66600   25.55000  
H    19.97900   14.80000   27.14700  
H    18.75200   13.49300   26.74700  
O    17.89200   16.89600   26.48900  
C    16.64700   22.82000   31.05900  
H    17.19900   22.17900   30.36700  
H    17.04100   22.94300   32.07100  
H    15.65400   22.36400   31.10300  
S    16.73500   24.45900   30.30500  
C    15.36400   24.93900   31.38000  
H    15.15900   25.99600   31.18700  
H    14.55200   24.26300   31.10200  
H    15.69400   24.85300   32.41800  
O    16.12700   24.37200   28.94000  
C    16.98000   18.06800   23.50600  
H    16.19600   17.84700   24.23500  
H    17.14200   17.13300   22.96300  
H    17.89800   18.38400   24.00700  
S    16.51600   19.44200   22.42800  
C    16.82700   20.74200   23.64300  
H    17.87400   21.03900   23.74500  
H    16.49900   21.69400   23.21700  
H    16.36500   20.58500   24.62100  
O    15.06800   19.35600   22.05500  
$end

$rem
JOBTYPE  SP
METHOD  B3LYP
BASIS  6-31+G(D)
SYMMETRY  FALSE
SYM_IGNORE  TRUE
MEM_TOTAL  12000
MEM_STATIC  4000
BASIS_LIN_DEP_THRESH  6
THRESH  14
SCF_CONVERGENCE  8
FD_MAT_VEC_PROD  FALSE
XC_GRID  000075000302
NL_GRID  1
MAX_SCF_CYCLES  200
ENV_METHOD  B3LYP
GEN_SCFMAN_EMBED  TRUE
SPADE_PARTITION  TRUE
EMBEDDING_EARLY_STOP  TRUE
$end

@@@

$molecule
0 1
@C    19.32600   21.89900   28.35500  
@C    19.68100   20.41700   28.55800  
@C    19.35200   19.60300   27.29600  
@C    19.97300   20.19600   26.02000  
@C    19.57700   21.66700   25.81100  
@C    19.96400   22.45700   27.07200  
@H    19.62100   18.56900   27.54300  
@H    20.75500   20.31500   28.75700  
@H    18.24100   22.01400   28.24300  
@H    19.61900   22.47700   29.24000  
@H    21.06200   20.07100   26.04300  
@H    19.62700   19.77800   25.06700  
@H    19.96800   22.28000   24.99000  
@H    18.48500   21.64900   25.71000  
@H    21.04600   22.37000   27.22700  
@H    19.79400   23.52800   26.90700  
@H    18.26100   19.51800   27.22300  
@N    18.76600   19.88500   29.56700  
@H    17.77700   19.72100   29.41900  
@C    19.22200   19.15500   30.64400  
@H    18.42400   18.67000   31.23500  
@O    20.40400   19.03200   30.91400  
C    22.80900   18.67600   28.68600  
H    22.98000   18.02400   29.54700  
H    23.19300   19.63600   29.04000  
H    21.73100   18.65800   28.50300  
S    23.68200   18.26100   27.16000  
C    25.22900   17.67500   27.88800  
H    25.63200   18.45000   28.54400  
H    24.88400   16.81500   28.46800  
H    25.85600   17.38200   27.04200  
O    23.98800   19.62900   26.63400  
C    22.24800   13.30500   29.57200  
H    21.75100   14.25700   29.36300  
H    23.32700   13.47500   29.60200  
H    21.90100   12.67100   28.75200  
S    21.48200   12.61300   31.05400  
C    21.99800   13.79700   32.31800  
H    23.04000   14.01100   32.06400  
H    21.43600   14.73400   32.26600  
H    21.77600   13.20000   33.20500  
O    22.21200   11.35700   31.41800  
C    18.44700   22.59600   37.10900  
H    18.46700   21.65900   37.67100  
H    18.91900   23.41700   37.65600  
H    17.42100   22.85400   36.83500  
S    19.32800   22.44400   35.53900  
C    18.13800   23.35100   34.52500  
H    18.62700   23.47200   33.55500  
H    17.22300   22.75300   34.51200  
H    17.93900   24.32000   34.99100  
O    18.93700   21.04100   35.19000  
C    15.76700   19.99000   33.72300  
H    16.76000   19.99400   34.17900  
H    15.29500   19.00400   33.72600  
H    15.69000   20.38200   32.70600  
S    14.66700   21.13200   34.58800  
C    15.18000   20.81700   36.29200  
H    14.88800   19.80900   36.59800  
H    16.26500   20.90700   36.38600  
H    14.66700   21.54200   36.92900  
O    13.35900   20.42100   34.43600  
C    14.68900   16.80600   29.67100  
H    14.29000   16.05800   30.36100  
H    13.92000   17.21500   29.01000  
H    15.45900   16.30200   29.08200  
S    15.38700   18.07000   30.75800  
C    13.78100   18.86300   30.99000  
H    13.85500   19.70500   31.68300  
H    13.39900   19.16900   30.01300  
H    13.13100   18.08000   31.38800  
O    15.96800   19.15900   29.91100  
C    21.94400   17.03000   21.97900  
H    22.59500   16.17200   22.16200  
H    21.82500   17.26200   20.91700  
H    22.37900   17.94300   22.39400  
S    20.33200   16.60500   22.67700  
C    20.80300   16.74700   24.41600  
H    21.61400   16.02400   24.53400  
H    21.15500   17.77200   24.55400  
H    19.99300   16.56500   25.12700  
O    20.20900   15.13700   22.41300  
C    25.41700   21.77200   28.45400  
H    25.40100   21.21400   27.51500  
H    26.02100   22.68300   28.43700  
H    25.78400   21.15200   29.27600  
S    23.76300   22.38500   28.84600  
C    23.56800   23.24300   27.26800  
H    23.64400   22.49900   26.47000  
H    22.59500   23.72000   27.12800  
H    24.36400   23.97500   27.10800  
O    24.02300   23.43300   29.88300  
C    21.24400   23.23800   31.70700  
H    21.47100   23.51500   32.74000  
H    20.64000   22.32800   31.66500  
H    22.22700   23.03000   31.27700  
S    20.59600   24.64300   30.77400  
C    21.87100   25.87900   31.10900  
H    22.73500   25.29600   30.77800  
H    21.74300   26.86600   30.65900  
H    21.92900   26.00500   32.19300  
O    19.48600   25.06800   31.68400  
C    19.92900   26.63100   27.62000  
H    19.39500   26.74000   26.67200  
H    19.68000   25.63300   27.99000  
H    19.65300   27.34900   28.39500  
S    21.66800   26.53700   27.13700  
C    21.69100   28.23400   26.51600  
H    21.15600   28.15400   25.56600  
H    21.13500   28.81800   27.25400  
H    22.70200   28.59900   26.31600  
O    21.77400   25.75300   25.86600  
C    12.17900   24.35000   28.28800  
H    11.23000   24.75400   28.65200  
H    13.01400   25.05200   28.34800  
H    12.00100   23.97300   27.27700  
S    12.63300   22.97000   29.36300  
C    11.06400   22.12600   29.05800  
H    10.99100   21.19700   29.62800  
H    10.22800   22.76700   29.34700  
H    11.02800   21.98800   27.97400  
O    12.33400   23.58200   30.69600  
C    16.34900   14.87300   33.70500  
H    16.45100   13.89000   34.17200  
H    16.82200   15.65300   34.30700  
H    15.27000   15.04700   33.70700  
S    17.03500   14.98200   32.03700  
C    16.22300   13.50400   31.38700  
H    16.49700   13.21700   30.36800  
H    16.45200   12.64100   32.01600  
H    15.16500   13.77600   31.42400  
O    18.44400   14.48800   32.15000  
C    23.54100   19.47500   32.28000  
H    24.39900   20.14000   32.41100  
H    22.98600   19.68000   31.36100  
H    22.93700   19.56500   33.18700  
S    24.22900   17.80900   32.15400  
C    25.28900   17.78100   33.61700  
H    25.82700   18.73100   33.67200  
H    24.61800   17.66300   34.47200  
H    26.03300   16.98100   33.59500  
O    25.15400   17.89000   30.98000  
C    20.03900   18.15500   34.55700  
H    20.56200   19.10900   34.66100  
H    19.44800   17.97900   33.65500  
H    19.38900   18.10200   35.43400  
S    21.23300   16.83900   34.88700  
C    20.20800   15.38800   35.21800  
H    19.74200   15.01900   34.30100  
H    20.83300   14.59900   35.64400  
H    19.39500   15.68200   35.88600  
O    21.80000   17.10900   36.24600  
C    22.23300   26.62300   22.47500  
H    22.44100   25.63500   22.05800  
H    22.91600   27.29700   21.95100  
H    22.48500   26.54900   23.53600  
S    20.51500   27.11900   22.21400  
C    19.82500   25.65400   23.01700  
H    18.74200   25.53600   22.93500  
H    20.19000   24.73700   22.54800  
H    19.96900   25.61900   24.10000  
O    20.35300   26.78800   20.76300  
C    25.50600   18.18800   23.86800  
H    26.35900   18.15900   24.55100  
H    24.87000   19.07400   23.93100  
H    25.04400   17.19800   23.91500  
S    26.17700   18.21700   22.19000  
C    27.38000   16.91300   22.53400  
H    28.24700   16.82300   21.87400  
H    27.72300   17.23100   23.52200  
H    26.83800   15.97300   22.65900  
O    27.00900   19.46000   22.13300  
C    21.36500   20.53500   20.36300  
H    21.78500   19.58500   20.02400  
H    21.42900   21.19200   19.49200  
H    21.96800   20.82600   21.22800  
S    19.64100   20.39300   20.88300  
C    19.49600   22.17000   21.17800  
H    20.33200   22.47200   21.81500  
H    19.65100   22.61700   20.19300  
H    18.47700   22.50500   21.38900  
O    19.71800   19.77400   22.24400  
C    16.42600   29.76300   24.28300  
H    15.62400   30.25200   24.84300  
H    16.97800   30.62200   23.89200  
H    16.08800   29.13000   23.45900  
S    17.41300   28.74800   25.40600  
C    18.15300   30.10900   26.33700  
H    18.71900   30.63900   25.56700  
H    17.39800   30.84300   26.63100  
H    18.83400   29.84500   27.15000  
O    18.68400   28.35900   24.71900  
C    25.12700   22.50400   23.94600  
H    25.54600   22.32600   24.93900  
H    25.45200   21.71100   23.26900  
H    25.53000   23.43600   23.54000  
S    23.34900   22.72000   23.70300  
C    22.95100   20.96200   23.82000  
H    23.14400   20.58000   24.82600  
H    21.86400   20.93900   23.70900  
H    23.43100   20.32200   23.07500  
O    23.13900   22.91300   22.23400  
C    15.40700   21.54800   27.32700  
H    16.17900   21.39700   26.56800  
H    15.23600   22.61100   27.51500  
H    15.76200   21.06100   28.23900  
S    13.97400   20.55600   26.85000  
C    14.77900   18.96400   26.55900  
H    14.02900   18.22200   26.27100  
H    15.49900   19.18600   25.76800  
H    15.32300   18.63200   27.44700  
O    13.55900   21.02500   25.49000  
C    17.19700   25.09000   26.10600  
H    18.21000   25.01200   25.70400  
H    17.19600   25.86300   26.87900  
H    16.97600   24.13700   26.59300  
S    16.10700   25.42500   24.70400  
C    14.52000   24.98300   25.44600  
H    14.65100   23.93000   25.71100  
H    14.26900   25.59100   26.31800  
H    13.67700   25.16000   24.77400  
O    16.27900   24.18700   23.88000  
C    18.45300   15.83500   28.81200  
H    18.77700   14.86200   29.18900  
H    19.27300   16.49400   28.52000  
H    17.75400   16.45200   29.38200  
S    17.69800   15.58700   27.18900  
C    19.05500   14.53600   26.62500  
H    19.20400   14.66600   25.55000  
H    19.97900   14.80000   27.14700  
H    18.75200   13.49300   26.74700  
O    17.89200   16.89600   26.48900  
C    16.64700   22.82000   31.05900  
H    17.19900   22.17900   30.36700  
H    17.04100   22.94300   32.07100  
H    15.65400   22.36400   31.10300  
S    16.73500   24.45900   30.30500  
C    15.36400   24.93900   31.38000  
H    15.15900   25.99600   31.18700  
H    14.55200   24.26300   31.10200  
H    15.69400   24.85300   32.41800  
O    16.12700   24.37200   28.94000  
C    16.98000   18.06800   23.50600  
H    16.19600   17.84700   24.23500  
H    17.14200   17.13300   22.96300  
H    17.89800   18.38400   24.00700  
S    16.51600   19.44200   22.42800  
C    16.82700   20.74200   23.64300  
H    17.87400   21.03900   23.74500  
H    16.49900   21.69400   23.21700  
H    16.36500   20.58500   24.62100  
O    15.06800   19.35600   22.05500  
$end

$rem
JOBTYPE  SP
METHOD  B3LYP
BASIS  6-31+G(D)
SYMMETRY  FALSE
SYM_IGNORE  TRUE
MEM_TOTAL  12000
MEM_STATIC  4000
BASIS_LIN_DEP_THRESH  6
THRESH  14
SCF_CONVERGENCE  8
FD_MAT_VEC_PROD  FALSE
XC_GRID  000075000302
NL_GRID  1
MAX_SCF_CYCLES  200
SCF_GUESS  READ
GEN_SCFMAN  FALSE
SKIP_SCFMAN  TRUE
ESP_GRID  0
ESP_EFIELD  1
$end
