$molecule
0 1
--
0 1
C    21.39500   18.96200   28.26300  
C    22.74400   18.22700   28.21400  
C    23.78700   19.16800   27.58800  
C    23.91600   20.53200   28.28600  
C    22.56200   21.20900   28.55700  
C    21.50700   20.23800   29.11300  
H    24.74900   18.64100   27.56000  
H    23.19600   17.94500   29.17200  
H    21.04700   19.32000   27.28600  
H    20.63700   18.33900   28.75300  
H    24.43000   20.44500   29.25000  
H    24.51900   21.14700   27.60600  
H    22.60500   22.10600   29.18600  
H    22.15100   21.58500   27.61300  
H    21.83900   19.89400   30.10100  
H    20.56500   20.79800   29.16100  
H    23.53600   19.31700   26.53100  
N    22.78000   16.99100   27.43300  
H    23.42200   16.94800   26.65100  
C    22.07500   15.84700   27.73800  
H    22.26300   15.05400   26.99200  
O    21.40000   15.77600   28.75000  
--
0 1
C    23.31600   24.70700   27.94300  
H    22.81900   24.90000   26.98900  
H    24.00300   23.86900   27.79800  
H    22.54200   24.41600   28.65800  
S    24.18800   26.22600   28.38600  
C    25.13900   26.24400   26.84900  
H    24.45300   26.55800   26.05800  
H    25.97700   26.94000   26.94300  
H    25.59900   25.29800   26.55300  
O    25.01300   25.76900   29.54900  
C    18.49300   21.12400   25.22100  
H    18.84100   20.73000   24.26300  
H    18.23300   20.28300   25.86800  
H    17.63100   21.73800   24.94800  
S    19.99000   21.82100   25.95600  
C    19.93500   23.41300   25.10400  
H    20.82200   24.00900   25.33100  
H    19.90000   23.11100   24.05400  
H    18.97000   23.90500   25.25200  
O    21.05900   20.98000   25.33100  
C    24.58500   27.60200   33.17100  
H    24.93300   27.56300   32.13500  
H    24.99700   28.37300   33.82700  
H    24.79600   26.69800   33.74700  
S    22.78600   27.77200   33.18000  
C    22.48600   26.38100   32.06600  
H    21.44100   26.37100   31.74700  
H    22.97700   26.46700   31.09300  
H    22.88900   25.47500   32.52500  
O    22.53400   28.94500   32.28500  
C    19.23300   8.01200    26.82200  
H    20.30800   7.91400    26.64600  
H    18.84100   7.38300    27.62500  
H    18.59100   7.91500    25.94300  
S    19.00200   9.68300    27.47000  
C    20.14200   10.58400   26.39600  
H    19.48600   10.93100   25.59300  
H    20.48000   11.50900   26.86900  
H    20.96800   9.93100    26.10300  
O    19.81600   9.51500    28.71500  
C    27.44700   16.42800   29.16500  
H    26.99000   16.12800   30.11200  
H    26.62500   16.60700   28.46800  
H    28.06400   15.58800   28.83500  
S    28.41100   17.94600   29.34600  
C    26.96800   18.91100   29.84700  
H    26.14700   18.67900   29.16400  
H    26.56100   18.66700   30.83200  
H    27.24200   19.96800   29.80300  
O    28.61900   18.33700   27.91600  
C    20.72600   21.20600   32.60000  
H    21.40400   21.42500   33.42900  
H    21.18900   20.45500   31.95500  
H    20.48600   22.18800   32.18600  
S    19.29300   20.49300   33.44000  
C    18.31700   19.97800   32.00900  
H    18.89400   19.42500   31.26300  
H    17.45900   19.37700   32.32100  
H    18.09000   20.95600   31.57800  
O    18.58100   21.74100   33.86000  
C    13.80200   19.66300   27.70100  
H    13.65800   18.58100   27.74300  
H    13.07600   20.15200   28.35500  
H    13.67100   19.93200   26.65000  
S    15.50500   20.06600   28.15000  
C    15.37500   21.75900   27.53100  
H    16.38300   22.10100   27.28500  
H    14.71300   21.72300   26.66200  
H    15.05700   22.42200   28.33900  
O    16.25300   19.49900   26.98400  
C    25.76800   11.73000   26.99900  
H    26.33200   12.66400   26.95000  
H    26.28000   10.86500   27.42800  
H    25.39100   11.53900   25.99100  
S    24.36500   12.16300   28.05300  
C    23.33500   10.68000   28.11300  
H    23.90800   9.79000    28.38700  
H    22.39800   10.79900   28.66300  
H    22.93200   10.44500   27.12400  
O    23.44800   13.09800   27.32700  
C    27.60200   24.68400   30.99300  
H    28.44400   24.79100   31.68300  
H    27.54800   25.51600   30.28600  
H    26.65600   24.58300   31.53000  
S    28.00900   23.15300   30.12400  
C    26.45600   22.94000   29.22600  
H    25.70900   22.48900   29.88300  
H    26.23700   23.93100   28.82200  
H    26.65000   22.20200   28.44300  
O    28.05000   22.10100   31.18800  
C    24.10000   22.97900   32.15500  
H    23.08100   23.37200   32.10100  
H    24.71600   23.40200   31.35800  
H    24.13900   21.89400   32.03200  
S    24.79300   23.22600   33.80600  
C    26.26700   22.18500   33.71100  
H    26.38900   21.71100   34.68900  
H    26.02800   21.42200   32.96600  
H    27.10200   22.80900   33.38100  
O    23.83700   22.46200   34.66700  
C    24.21900   15.63600   30.75400  
H    23.30900   15.77400   31.34400  
H    24.95800   16.32300   31.17400  
H    24.07000   15.85600   29.69300  
S    24.72900   13.97800   31.26000  
C    25.13200   14.22400   33.00400  
H    25.93500   14.95800   33.11000  
H    24.19100   14.50400   33.48500  
H    25.48500   13.30500   33.48000  
O    26.16200   13.80800   30.86300  
C    18.15300   24.29700   31.11300  
H    18.46900   23.29200   31.40400  
H    18.40800   25.02500   31.88700  
H    17.06700   24.23600   31.00800  
S    18.90200   24.80300   29.54800  
C    18.48000   23.33200   28.58700  
H    17.49000   22.91600   28.79200  
H    18.55200   23.53200   27.51500  
H    19.30000   22.66000   28.85300  
O    20.36400   24.59200   29.79000  
C    15.62600   17.34800   30.12600  
H    14.65900   17.83300   30.28500  
H    16.47500   18.03400   30.08800  
H    15.62500   16.80500   29.17700  
S    15.95300   16.33300   31.58500  
C    14.53800   15.25800   31.25500  
H    14.70500   14.96200   30.21600  
H    14.57400   14.40400   31.93600  
H    13.56600   15.73300   31.40800  
O    15.46000   17.33800   32.57800  
C    19.95200   14.74400   32.24900  
H    20.64200   14.51900   31.43200  
H    19.62900   13.85900   32.80300  
H    19.01700   15.07300   31.78800  
S    20.62500   15.99700   33.36400  
C    20.51000   17.36700   32.19200  
H    21.01000   17.16200   31.24200  
H    19.44400   17.45700   31.97000  
H    20.93400   18.26200   32.65500  
O    22.09900   15.74100   33.31200  
C    22.20500   22.95700   22.30700  
H    22.16100   22.87500   21.21800  
H    21.38400   22.40600   22.77200  
H    22.06600   24.03300   22.44100  
S    23.74700   22.32000   23.00200  
C    23.36500   23.09300   24.59000  
H    24.22400   23.05400   25.26400  
H    23.14000   24.16000   24.51000  
H    22.46800   22.63700   25.01700  
O    24.72600   23.21400   22.30600  
C    16.40400   16.79200   25.54000  
H    15.84800   16.13500   24.86500  
H    15.81600   17.18900   26.37100  
H    16.93700   17.56600   24.98200  
S    17.49700   15.62500   26.38100  
C    18.39100   16.83600   27.38100  
H    17.67500   17.42900   27.95500  
H    18.90400   16.31200   28.19200  
H    19.02700   17.45500   26.74300  
O    18.46100   15.12000   25.35300  
C    19.46700   20.72800   36.97700  
H    19.39400   21.21800   37.95100  
H    19.29900   21.46600   36.18800  
H    18.71900   19.95500   36.78300  
S    21.00700   19.78600   37.03200  
C    21.86100   21.36000   36.79300  
H    21.72700   21.99800   37.67100  
H    22.92700   21.11800   36.79800  
H    21.63800   21.83300   35.83300  
O    21.14700   19.24700   35.64200  
C    27.25200   17.71300   23.55000  
H    26.40500   18.39500   23.44700  
H    27.07000   17.10300   24.43900  
H    28.22900   18.15700   23.75800  
S    27.42900   16.78900   22.00700  
C    26.28300   15.47900   22.49300  
H    26.37500   15.34500   23.57400  
H    25.28000   15.87700   22.31800  
H    26.37100   14.49400   22.02800  
O    28.81000   16.23200   22.16100  
C    24.72000   18.67400   35.69600  
H    24.40400   17.63900   35.84800  
H    25.53300   18.85500   36.40200  
H    24.02700   19.50300   35.86100  
S    25.40700   18.78800   34.02800  
C    23.83100   19.01800   33.17400  
H    23.13600   18.21200   33.42300  
H    23.41000   19.98400   33.46400  
H    24.04200   18.92200   32.10600  
O    25.92900   17.40800   33.77700  
C    23.49500   19.04300   22.99300  
H    24.31100   19.03900   22.26600  
H    22.62300   19.35200   22.41100  
H    23.78000   19.64300   23.86100  
S    23.07500   17.33800   23.41700  
C    21.56600   17.68000   24.35000  
H    21.44900   16.75800   24.92600  
H    21.70600   18.50300   25.05600  
H    20.64200   17.70300   23.76700  
O    23.89400   16.96900   24.61400  
C    18.88700   27.70600   24.51100  
H    18.77700   28.40200   23.67600  
H    18.52300   26.73000   24.17900  
H    18.23300   28.00100   25.33500  
S    20.60200   27.29500   24.90400  
C    21.42800   28.71400   24.14800  
H    20.93500   29.05900   23.23500  
H    21.42000   29.50300   24.90300  
H    22.44200   28.40100   23.88400  
O    20.96400   26.20500   23.94400  
C    28.33400   20.73500   25.80600  
H    28.30200   19.69800   25.46000  
H    29.28400   21.14200   25.45200  
H    28.28600   20.73200   26.89700  
S    26.93100   21.68300   25.17300  
C    27.71400   22.18700   23.62400  
H    28.00900   21.26700   23.11400  
H    27.05600   22.79800   23.00100  
H    28.57400   22.81900   23.86200  
O    26.84900   22.92800   26.00200  
C    28.28300   14.71600   26.11100  
H    28.50700   14.00800   26.91200  
H    28.24800   15.73000   26.51900  
H    27.34400   14.47700   25.60500  
S    29.57500   14.67500   24.84800  
C    29.77500   12.88900   24.66000  
H    28.78800   12.42100   24.63600  
H    30.28500   12.70100   23.71200  
H    30.39600   12.49600   25.47000  
O    30.71200   14.96800   25.77700  
C    14.06900   21.06900   32.08200  
H    13.50000   21.35900   32.97000  
H    13.36600   21.11300   31.24700  
H    14.51400   20.07100   32.06900  
S    15.41700   22.26800   31.97700  
C    14.44500   23.76800   31.71200  
H    14.03600   23.57900   30.71600  
H    13.69800   23.72800   32.51000  
H    14.99400   24.71200   31.75500  
O    15.93200   21.98300   30.60100  
C    16.60600   12.00200   29.97400  
H    16.77700   12.37200   30.98800  
H    15.53300   12.12700   29.80700  
H    17.03800   11.00800   29.83100  
S    17.49700   13.14000   28.88900  
C    19.21700   12.83800   29.35300  
H    19.60200   11.84500   29.10800  
H    19.85000   13.61200   28.91100  
H    19.24300   12.99300   30.43400  
O    17.28800   14.53900   29.37800  
C    20.89300   12.96500   23.52400  
H    20.71500   13.65000   24.35700  
H    20.95900   13.67700   22.69800  
H    19.99600   12.40000   23.25500  
S    22.39200   11.98700   23.77400  
C    23.46900   13.43700   23.83100  
H    23.25500   14.04300   22.94700  
H    23.23500   14.02800   24.72000  
H    24.55500   13.32800   23.89100  
O    22.61200   11.35800   22.43300  
C    18.13700   14.57200   19.90800  
H    17.82200   15.57000   19.59400  
H    18.95500   14.11500   19.34500  
H    17.24000   13.94900   19.96100  
S    18.73800   14.80600   21.59600  
C    17.34900   15.87300   22.03800  
H    16.51300   15.65400   21.36900  
H    17.10500   15.67500   23.08500  
H    17.56400   16.93800   21.92000  
O    19.83300   15.80400   21.38300  
$end

$rem
JOBTYPE  SP
METHOD  B3LYP
BASIS  6-31+G(D)
SYMMETRY  FALSE
SYM_IGNORE  TRUE
MEM_TOTAL  12000
MEM_STATIC  4000
BASIS_LIN_DEP_THRESH  6
THRESH  14
SCF_CONVERGENCE  8
FD_MAT_VEC_PROD  FALSE
XC_GRID  000075000302
NL_GRID  1
MAX_SCF_CYCLES  200
ENV_METHOD  B3LYP
GEN_SCFMAN_EMBED  TRUE
SPADE_PARTITION  TRUE
EMBEDDING_EARLY_STOP  TRUE
$end

@@@

$molecule
0 1
@C    21.39500   18.96200   28.26300  
@C    22.74400   18.22700   28.21400  
@C    23.78700   19.16800   27.58800  
@C    23.91600   20.53200   28.28600  
@C    22.56200   21.20900   28.55700  
@C    21.50700   20.23800   29.11300  
@H    24.74900   18.64100   27.56000  
@H    23.19600   17.94500   29.17200  
@H    21.04700   19.32000   27.28600  
@H    20.63700   18.33900   28.75300  
@H    24.43000   20.44500   29.25000  
@H    24.51900   21.14700   27.60600  
@H    22.60500   22.10600   29.18600  
@H    22.15100   21.58500   27.61300  
@H    21.83900   19.89400   30.10100  
@H    20.56500   20.79800   29.16100  
@H    23.53600   19.31700   26.53100  
@N    22.78000   16.99100   27.43300  
@H    23.42200   16.94800   26.65100  
@C    22.07500   15.84700   27.73800  
@H    22.26300   15.05400   26.99200  
@O    21.40000   15.77600   28.75000  
C    23.31600   24.70700   27.94300  
H    22.81900   24.90000   26.98900  
H    24.00300   23.86900   27.79800  
H    22.54200   24.41600   28.65800  
S    24.18800   26.22600   28.38600  
C    25.13900   26.24400   26.84900  
H    24.45300   26.55800   26.05800  
H    25.97700   26.94000   26.94300  
H    25.59900   25.29800   26.55300  
O    25.01300   25.76900   29.54900  
C    18.49300   21.12400   25.22100  
H    18.84100   20.73000   24.26300  
H    18.23300   20.28300   25.86800  
H    17.63100   21.73800   24.94800  
S    19.99000   21.82100   25.95600  
C    19.93500   23.41300   25.10400  
H    20.82200   24.00900   25.33100  
H    19.90000   23.11100   24.05400  
H    18.97000   23.90500   25.25200  
O    21.05900   20.98000   25.33100  
C    24.58500   27.60200   33.17100  
H    24.93300   27.56300   32.13500  
H    24.99700   28.37300   33.82700  
H    24.79600   26.69800   33.74700  
S    22.78600   27.77200   33.18000  
C    22.48600   26.38100   32.06600  
H    21.44100   26.37100   31.74700  
H    22.97700   26.46700   31.09300  
H    22.88900   25.47500   32.52500  
O    22.53400   28.94500   32.28500  
C    19.23300   8.01200    26.82200  
H    20.30800   7.91400    26.64600  
H    18.84100   7.38300    27.62500  
H    18.59100   7.91500    25.94300  
S    19.00200   9.68300    27.47000  
C    20.14200   10.58400   26.39600  
H    19.48600   10.93100   25.59300  
H    20.48000   11.50900   26.86900  
H    20.96800   9.93100    26.10300  
O    19.81600   9.51500    28.71500  
C    27.44700   16.42800   29.16500  
H    26.99000   16.12800   30.11200  
H    26.62500   16.60700   28.46800  
H    28.06400   15.58800   28.83500  
S    28.41100   17.94600   29.34600  
C    26.96800   18.91100   29.84700  
H    26.14700   18.67900   29.16400  
H    26.56100   18.66700   30.83200  
H    27.24200   19.96800   29.80300  
O    28.61900   18.33700   27.91600  
C    20.72600   21.20600   32.60000  
H    21.40400   21.42500   33.42900  
H    21.18900   20.45500   31.95500  
H    20.48600   22.18800   32.18600  
S    19.29300   20.49300   33.44000  
C    18.31700   19.97800   32.00900  
H    18.89400   19.42500   31.26300  
H    17.45900   19.37700   32.32100  
H    18.09000   20.95600   31.57800  
O    18.58100   21.74100   33.86000  
C    13.80200   19.66300   27.70100  
H    13.65800   18.58100   27.74300  
H    13.07600   20.15200   28.35500  
H    13.67100   19.93200   26.65000  
S    15.50500   20.06600   28.15000  
C    15.37500   21.75900   27.53100  
H    16.38300   22.10100   27.28500  
H    14.71300   21.72300   26.66200  
H    15.05700   22.42200   28.33900  
O    16.25300   19.49900   26.98400  
C    25.76800   11.73000   26.99900  
H    26.33200   12.66400   26.95000  
H    26.28000   10.86500   27.42800  
H    25.39100   11.53900   25.99100  
S    24.36500   12.16300   28.05300  
C    23.33500   10.68000   28.11300  
H    23.90800   9.79000    28.38700  
H    22.39800   10.79900   28.66300  
H    22.93200   10.44500   27.12400  
O    23.44800   13.09800   27.32700  
C    27.60200   24.68400   30.99300  
H    28.44400   24.79100   31.68300  
H    27.54800   25.51600   30.28600  
H    26.65600   24.58300   31.53000  
S    28.00900   23.15300   30.12400  
C    26.45600   22.94000   29.22600  
H    25.70900   22.48900   29.88300  
H    26.23700   23.93100   28.82200  
H    26.65000   22.20200   28.44300  
O    28.05000   22.10100   31.18800  
C    24.10000   22.97900   32.15500  
H    23.08100   23.37200   32.10100  
H    24.71600   23.40200   31.35800  
H    24.13900   21.89400   32.03200  
S    24.79300   23.22600   33.80600  
C    26.26700   22.18500   33.71100  
H    26.38900   21.71100   34.68900  
H    26.02800   21.42200   32.96600  
H    27.10200   22.80900   33.38100  
O    23.83700   22.46200   34.66700  
C    24.21900   15.63600   30.75400  
H    23.30900   15.77400   31.34400  
H    24.95800   16.32300   31.17400  
H    24.07000   15.85600   29.69300  
S    24.72900   13.97800   31.26000  
C    25.13200   14.22400   33.00400  
H    25.93500   14.95800   33.11000  
H    24.19100   14.50400   33.48500  
H    25.48500   13.30500   33.48000  
O    26.16200   13.80800   30.86300  
C    18.15300   24.29700   31.11300  
H    18.46900   23.29200   31.40400  
H    18.40800   25.02500   31.88700  
H    17.06700   24.23600   31.00800  
S    18.90200   24.80300   29.54800  
C    18.48000   23.33200   28.58700  
H    17.49000   22.91600   28.79200  
H    18.55200   23.53200   27.51500  
H    19.30000   22.66000   28.85300  
O    20.36400   24.59200   29.79000  
C    15.62600   17.34800   30.12600  
H    14.65900   17.83300   30.28500  
H    16.47500   18.03400   30.08800  
H    15.62500   16.80500   29.17700  
S    15.95300   16.33300   31.58500  
C    14.53800   15.25800   31.25500  
H    14.70500   14.96200   30.21600  
H    14.57400   14.40400   31.93600  
H    13.56600   15.73300   31.40800  
O    15.46000   17.33800   32.57800  
C    19.95200   14.74400   32.24900  
H    20.64200   14.51900   31.43200  
H    19.62900   13.85900   32.80300  
H    19.01700   15.07300   31.78800  
S    20.62500   15.99700   33.36400  
C    20.51000   17.36700   32.19200  
H    21.01000   17.16200   31.24200  
H    19.44400   17.45700   31.97000  
H    20.93400   18.26200   32.65500  
O    22.09900   15.74100   33.31200  
C    22.20500   22.95700   22.30700  
H    22.16100   22.87500   21.21800  
H    21.38400   22.40600   22.77200  
H    22.06600   24.03300   22.44100  
S    23.74700   22.32000   23.00200  
C    23.36500   23.09300   24.59000  
H    24.22400   23.05400   25.26400  
H    23.14000   24.16000   24.51000  
H    22.46800   22.63700   25.01700  
O    24.72600   23.21400   22.30600  
C    16.40400   16.79200   25.54000  
H    15.84800   16.13500   24.86500  
H    15.81600   17.18900   26.37100  
H    16.93700   17.56600   24.98200  
S    17.49700   15.62500   26.38100  
C    18.39100   16.83600   27.38100  
H    17.67500   17.42900   27.95500  
H    18.90400   16.31200   28.19200  
H    19.02700   17.45500   26.74300  
O    18.46100   15.12000   25.35300  
C    19.46700   20.72800   36.97700  
H    19.39400   21.21800   37.95100  
H    19.29900   21.46600   36.18800  
H    18.71900   19.95500   36.78300  
S    21.00700   19.78600   37.03200  
C    21.86100   21.36000   36.79300  
H    21.72700   21.99800   37.67100  
H    22.92700   21.11800   36.79800  
H    21.63800   21.83300   35.83300  
O    21.14700   19.24700   35.64200  
C    27.25200   17.71300   23.55000  
H    26.40500   18.39500   23.44700  
H    27.07000   17.10300   24.43900  
H    28.22900   18.15700   23.75800  
S    27.42900   16.78900   22.00700  
C    26.28300   15.47900   22.49300  
H    26.37500   15.34500   23.57400  
H    25.28000   15.87700   22.31800  
H    26.37100   14.49400   22.02800  
O    28.81000   16.23200   22.16100  
C    24.72000   18.67400   35.69600  
H    24.40400   17.63900   35.84800  
H    25.53300   18.85500   36.40200  
H    24.02700   19.50300   35.86100  
S    25.40700   18.78800   34.02800  
C    23.83100   19.01800   33.17400  
H    23.13600   18.21200   33.42300  
H    23.41000   19.98400   33.46400  
H    24.04200   18.92200   32.10600  
O    25.92900   17.40800   33.77700  
C    23.49500   19.04300   22.99300  
H    24.31100   19.03900   22.26600  
H    22.62300   19.35200   22.41100  
H    23.78000   19.64300   23.86100  
S    23.07500   17.33800   23.41700  
C    21.56600   17.68000   24.35000  
H    21.44900   16.75800   24.92600  
H    21.70600   18.50300   25.05600  
H    20.64200   17.70300   23.76700  
O    23.89400   16.96900   24.61400  
C    18.88700   27.70600   24.51100  
H    18.77700   28.40200   23.67600  
H    18.52300   26.73000   24.17900  
H    18.23300   28.00100   25.33500  
S    20.60200   27.29500   24.90400  
C    21.42800   28.71400   24.14800  
H    20.93500   29.05900   23.23500  
H    21.42000   29.50300   24.90300  
H    22.44200   28.40100   23.88400  
O    20.96400   26.20500   23.94400  
C    28.33400   20.73500   25.80600  
H    28.30200   19.69800   25.46000  
H    29.28400   21.14200   25.45200  
H    28.28600   20.73200   26.89700  
S    26.93100   21.68300   25.17300  
C    27.71400   22.18700   23.62400  
H    28.00900   21.26700   23.11400  
H    27.05600   22.79800   23.00100  
H    28.57400   22.81900   23.86200  
O    26.84900   22.92800   26.00200  
C    28.28300   14.71600   26.11100  
H    28.50700   14.00800   26.91200  
H    28.24800   15.73000   26.51900  
H    27.34400   14.47700   25.60500  
S    29.57500   14.67500   24.84800  
C    29.77500   12.88900   24.66000  
H    28.78800   12.42100   24.63600  
H    30.28500   12.70100   23.71200  
H    30.39600   12.49600   25.47000  
O    30.71200   14.96800   25.77700  
C    14.06900   21.06900   32.08200  
H    13.50000   21.35900   32.97000  
H    13.36600   21.11300   31.24700  
H    14.51400   20.07100   32.06900  
S    15.41700   22.26800   31.97700  
C    14.44500   23.76800   31.71200  
H    14.03600   23.57900   30.71600  
H    13.69800   23.72800   32.51000  
H    14.99400   24.71200   31.75500  
O    15.93200   21.98300   30.60100  
C    16.60600   12.00200   29.97400  
H    16.77700   12.37200   30.98800  
H    15.53300   12.12700   29.80700  
H    17.03800   11.00800   29.83100  
S    17.49700   13.14000   28.88900  
C    19.21700   12.83800   29.35300  
H    19.60200   11.84500   29.10800  
H    19.85000   13.61200   28.91100  
H    19.24300   12.99300   30.43400  
O    17.28800   14.53900   29.37800  
C    20.89300   12.96500   23.52400  
H    20.71500   13.65000   24.35700  
H    20.95900   13.67700   22.69800  
H    19.99600   12.40000   23.25500  
S    22.39200   11.98700   23.77400  
C    23.46900   13.43700   23.83100  
H    23.25500   14.04300   22.94700  
H    23.23500   14.02800   24.72000  
H    24.55500   13.32800   23.89100  
O    22.61200   11.35800   22.43300  
C    18.13700   14.57200   19.90800  
H    17.82200   15.57000   19.59400  
H    18.95500   14.11500   19.34500  
H    17.24000   13.94900   19.96100  
S    18.73800   14.80600   21.59600  
C    17.34900   15.87300   22.03800  
H    16.51300   15.65400   21.36900  
H    17.10500   15.67500   23.08500  
H    17.56400   16.93800   21.92000  
O    19.83300   15.80400   21.38300  
$end

$rem
JOBTYPE  SP
METHOD  B3LYP
BASIS  6-31+G(D)
SYMMETRY  FALSE
SYM_IGNORE  TRUE
MEM_TOTAL  12000
MEM_STATIC  4000
BASIS_LIN_DEP_THRESH  6
THRESH  14
SCF_CONVERGENCE  8
FD_MAT_VEC_PROD  FALSE
XC_GRID  000075000302
NL_GRID  1
MAX_SCF_CYCLES  200
SCF_GUESS  READ
GEN_SCFMAN  FALSE
SKIP_SCFMAN  TRUE
ESP_GRID  0
ESP_EFIELD  1
$end
