$molecule
0 1
--
0 1
C    28.18600   24.52800   27.62700  
C    27.28500   25.74800   27.37000  
C    26.00100   25.41000   26.59400  
C    25.22200   24.18300   27.09400  
C    26.13900   22.99700   27.43500  
C    27.40600   23.34900   28.23200  
H    25.34300   26.28400   26.66800  
H    26.97900   25.99400   28.39400  
H    28.58700   24.24000   26.64800  
H    29.07700   24.78300   28.21300  
H    24.67100   24.39600   28.01900  
H    24.52600   23.97100   26.27300  
H    25.60600   22.19500   27.95900  
H    26.52200   22.50200   26.53400  
H    27.11100   23.67200   29.23800  
H    28.11400   22.51600   28.32100  
H    26.30800   25.30300   25.54600  
N    27.96300   26.95800   26.90800  
H    28.30300   27.00900   25.95500  
C    28.22300   28.04300   27.71800  
H    28.90900   28.78900   27.27800  
O    27.90600   28.10600   28.89300  
--
0 1
C    24.67300   29.75800   24.94300  
H    25.54600   29.65400   25.59200  
H    23.99300   30.50700   25.35800  
H    24.10700   28.82300   24.94600  
S    25.08600   30.19600   23.23900  
C    26.33800   31.40100   23.73100  
H    26.75400   31.81600   22.80900  
H    25.92400   32.22300   24.32000  
H    27.21400   31.02100   24.26300  
O    23.97200   31.10200   22.81500  
C    21.51400   25.83900   32.68500  
H    22.48800   25.53900   32.29000  
H    21.32900   25.24200   33.58200  
H    20.67400   25.69000   32.00100  
S    21.54800   27.58500   33.14600  
C    22.65500   27.16100   34.51000  
H    22.68000   28.00400   35.20500  
H    22.17600   26.37200   35.09400  
H    23.64900   26.93300   34.11600  
O    20.20600   27.90800   33.72600  
C    26.35700   27.42000   33.89000  
H    26.75500   26.44200   34.17200  
H    27.07600   28.12200   34.32000  
H    25.48600   27.63600   34.51400  
S    26.03500   27.59700   32.12100  
C    26.19000   29.39100   31.97300  
H    25.96200   29.74400   30.96300  
H    25.45400   29.85500   32.63400  
H    27.23000   29.67600   32.15200  
O    24.59300   27.25600   31.90800  
C    35.23500   24.25600   32.58600  
H    36.05900   24.90100   32.90000  
H    35.61200   23.23500   32.68300  
H    34.90100   24.42900   31.56000  
S    33.87100   24.58400   33.72600  
C    32.70100   23.69700   32.67400  
H    32.73200   22.61500   32.83000  
H    31.79000   24.14300   33.08200  
H    32.85000   23.98900   31.63100  
O    33.42500   25.94400   33.28800  
C    34.46800   32.42300   29.62500  
H    34.20000   33.29500   30.22800  
H    35.50600   32.45400   29.28500  
H    33.78000   32.32700   28.78100  
S    34.45800   30.87400   30.55500  
C    34.38700   29.70600   29.17800  
H    34.22500   28.71300   29.60600  
H    33.56100   29.98400   28.51800  
H    35.29700   29.78900   28.57900  
O    33.04200   30.93800   31.03600  
C    30.70600   16.16300   24.13900  
H    30.75100   16.20200   23.04800  
H    31.56900   15.67700   24.60200  
H    29.76500   15.71000   24.45900  
S    30.52000   17.83500   24.79900  
C    31.77900   18.58500   23.74100  
H    31.95000   19.64300   23.95500  
H    32.68200   17.99700   23.92200  
H    31.49200   18.41700   22.70000  
O    31.18200   17.59800   26.12000  
C    29.65100   22.40500   31.15200  
H    30.12400   23.35800   30.90400  
H    28.87100   22.06300   30.46600  
H    29.29200   22.46300   32.18300  
S    30.81100   21.03200   30.96000  
C    31.00100   21.24200   29.17600  
H    29.99400   21.22600   28.75000  
H    31.50600   22.19900   29.02100  
H    31.61600   20.54300   28.60400  
O    29.88700   19.85400   30.97900  
C    25.00200   24.07400   31.76700  
H    24.19700   23.34500   31.88600  
H    24.71100   25.01500   32.24300  
H    25.09300   24.21700   30.68800  
S    26.54500   23.32500   32.33600  
C    26.22400   21.70000   31.61400  
H    25.47800   21.15000   32.19400  
H    25.82200   21.88200   30.61300  
H    27.13100   21.10800   31.46700  
O    26.06700   23.19200   33.74800  
C    20.84200   23.46900   25.50200  
H    20.01900   22.83900   25.84900  
H    20.58700   23.80600   24.49400  
H    21.80400   22.96100   25.60700  
S    20.79500   25.03800   26.39800  
C    20.76400   24.50200   28.12400  
H    20.51600   23.44200   28.22100  
H    21.74300   24.68700   28.57200  
H    20.07300   25.14000   28.68000  
O    19.37500   25.44200   26.14800  
C    36.84500   24.05300   29.28100  
H    37.10500   24.91600   28.66300  
H    36.78800   24.38600   30.32100  
H    37.58800   23.27400   29.09300  
S    35.26800   23.37300   28.71900  
C    35.18500   22.08100   29.98000  
H    35.21300   22.35900   31.03700  
H    34.33600   21.47600   29.65300  
H    35.99400   21.39500   29.71600  
O    35.61700   22.63100   27.46700  
C    32.75200   27.11800   25.93300  
H    32.05100   27.93200   26.13900  
H    33.65000   27.15700   26.55500  
H    33.12600   27.11800   24.90600  
S    31.68500   25.67600   26.15100  
C    33.06500   24.52600   25.95500  
H    33.28300   24.43000   24.88800  
H    33.92200   24.94300   26.49000  
H    32.95900   23.57100   26.47600  
O    30.84200   25.62700   24.91600  
C    30.23500   29.83700   24.83100  
H    30.91800   29.85500   23.97800  
H    29.99100   28.87700   25.29400  
H    29.28500   30.25500   24.48800  
S    30.88200   30.98500   26.06800  
C    31.69200   32.12700   24.92600  
H    32.24900   32.88300   25.48500  
H    32.39400   31.60200   24.27300  
H    30.94200   32.71200   24.38700  
O    31.94000   30.16800   26.74100  
C    27.97100   27.68600   21.49400  
H    28.29800   28.72500   21.40200  
H    28.40400   27.09400   20.68400  
H    26.88300   27.64600   21.40300  
S    28.47500   27.05600   23.11100  
C    27.59800   25.48300   23.26100  
H    27.96800   24.75600   22.53500  
H    27.99100   25.17100   24.23200  
H    26.51700   25.53500   23.10900  
O    27.71300   27.96800   24.02200  
C    21.87500   19.83200   23.39700  
H    21.88200   18.95200   22.74800  
H    22.47300   20.56700   22.85300  
H    22.08700   19.66400   24.45600  
S    20.25100   20.62500   23.43000  
C    19.36100   19.24900   24.19000  
H    19.48200   18.44500   23.45900  
H    19.81900   18.99100   25.14900  
H    18.34400   19.59000   24.39800  
O    19.81900   20.52600   22.00000  
C    26.00300   31.70600   29.00000  
H    25.78600   32.19900   29.95000  
H    25.03600   31.39600   28.59600  
H    26.67100   30.84500   29.08300  
S    26.73400   33.01400   27.98900  
C    25.20000   33.92200   27.69700  
H    24.26700   33.35700   27.77100  
H    25.14900   34.65100   28.51000  
H    25.22800   34.40400   26.71600  
O    27.16300   32.26000   26.76900  
C    22.28600   23.20400   21.66400  
H    21.38400   23.40200   22.24800  
H    22.19800   23.73200   20.71100  
H    22.28100   22.16800   21.31400  
S    23.68600   23.59500   22.73800  
C    24.95200   22.63500   21.87800  
H    24.52900   22.26700   20.94000  
H    25.89500   23.14600   21.66800  
H    25.24900   21.74500   22.43700  
O    23.50500   22.68100   23.91000  
C    24.49000   28.65500   28.46300  
H    25.34700   29.32900   28.39500  
H    24.77000   27.76500   29.03300  
H    24.02500   28.34300   27.52400  
S    23.26000   29.45900   29.51400  
C    22.08500   28.08700   29.55700  
H    22.19300   27.56700   30.51200  
H    21.02400   28.32700   29.45600  
H    22.53000   27.47100   28.77100  
O    22.68700   30.52700   28.63500  
C    23.07700   16.99200   28.64300  
H    22.95600   17.96800   29.12000  
H    22.93000   16.23100   29.41300  
H    24.13100   16.88600   28.37100  
S    22.02800   16.68600   27.20400  
C    22.78400   15.18500   26.54100  
H    22.24800   14.89000   25.63500  
H    23.79200   15.52100   26.28400  
H    22.84100   14.40800   27.30800  
O    22.54100   17.69900   26.22900  
C    24.96900   20.29700   25.48400  
H    24.83100   21.37200   25.34700  
H    23.93800   19.94500   25.56900  
H    25.64800   20.15000   26.32800  
S    25.56400   19.53500   23.95700  
C    25.80100   17.85200   24.57200  
H    24.82300   17.39300   24.73600  
H    26.22000   17.34700   23.69800  
H    26.38300   17.72900   25.48900  
O    26.97200   20.03400   23.86300  
C    22.29300   21.13100   27.57800  
H    22.38300   20.09900   27.22900  
H    21.22800   21.26600   27.77900  
H    22.66800   21.89200   26.88900  
S    23.03700   21.30000   29.21700  
C    21.87400   20.49600   30.34200  
H    22.04100   19.41900   30.26200  
H    22.04800   20.61800   31.41400  
H    20.81900   20.74700   30.20300  
O    22.77200   22.75500   29.44800  
C    21.49200   26.51900   22.94600  
H    22.38500   26.89500   23.45200  
H    20.64700   26.97300   23.47100  
H    21.41300   25.44900   23.15600  
S    21.49200   27.06800   21.22500  
C    19.90900   26.36100   20.71300  
H    19.62100   26.83100   19.76900  
H    19.98400   25.27700   20.59700  
H    19.04600   26.58800   21.34400  
O    22.45700   26.14200   20.55100  
C    29.38100   21.83500   25.20700  
H    29.59200   22.25800   26.19200  
H    28.33500   21.61000   24.98600  
H    29.73300   20.81000   25.06000  
S    30.08000   22.77000   23.82800  
C    29.52300   21.79500   22.41200  
H    29.62200   22.29900   21.44700  
H    30.24500   20.97500   22.41100  
H    28.51500   21.44600   22.64900  
O    31.54100   22.44400   23.81500  
C    27.91800   18.95800   27.73700  
H    27.38300   18.90200   26.78500  
H    28.09300   20.02300   27.91200  
H    28.85000   18.39900   27.63100  
S    26.93600   18.37100   29.13600  
C    26.83700   16.66000   28.56600  
H    26.34900   16.65200   27.58800  
H    27.85200   16.25600   28.59600  
H    26.27000   16.17100   29.36200  
O    25.56400   18.89300   28.84400  
C    29.62400   31.96400   29.35000  
H    30.67600   31.73900   29.15800  
H    28.86900   31.32200   28.88900  
H    29.50000   33.00300   29.03200  
S    29.38600   31.92700   31.14100  
C    29.85700   30.20300   31.41000  
H    29.37400   29.62100   30.62100  
H    30.92700   30.07800   31.22600  
H    29.68000   29.80700   32.41300  
O    27.90500   31.94400   31.36500  
C    29.67200   26.47600   31.06200  
H    29.46300   25.65500   31.75200  
H    29.56400   27.38800   31.65400  
H    29.00300   26.33800   30.20800  
S    31.38200   26.32100   30.49900  
C    31.27200   27.56100   29.18900  
H    30.64400   27.12900   28.40500  
H    30.89300   28.53000   29.52300  
H    32.29300   27.63500   28.80800  
O    31.44000   25.02100   29.75800  
$end

$rem
JOBTYPE  SP
METHOD  B3LYP
BASIS  6-31+G(D)
SYMMETRY  FALSE
SYM_IGNORE  TRUE
MEM_TOTAL  12000
MEM_STATIC  4000
BASIS_LIN_DEP_THRESH  6
THRESH  14
SCF_CONVERGENCE  8
FD_MAT_VEC_PROD  FALSE
XC_GRID  000075000302
NL_GRID  1
MAX_SCF_CYCLES  200
ENV_METHOD  B3LYP
GEN_SCFMAN_EMBED  TRUE
SPADE_PARTITION  TRUE
EMBEDDING_EARLY_STOP  TRUE
$end

@@@

$molecule
0 1
@C    28.18600   24.52800   27.62700  
@C    27.28500   25.74800   27.37000  
@C    26.00100   25.41000   26.59400  
@C    25.22200   24.18300   27.09400  
@C    26.13900   22.99700   27.43500  
@C    27.40600   23.34900   28.23200  
@H    25.34300   26.28400   26.66800  
@H    26.97900   25.99400   28.39400  
@H    28.58700   24.24000   26.64800  
@H    29.07700   24.78300   28.21300  
@H    24.67100   24.39600   28.01900  
@H    24.52600   23.97100   26.27300  
@H    25.60600   22.19500   27.95900  
@H    26.52200   22.50200   26.53400  
@H    27.11100   23.67200   29.23800  
@H    28.11400   22.51600   28.32100  
@H    26.30800   25.30300   25.54600  
@N    27.96300   26.95800   26.90800  
@H    28.30300   27.00900   25.95500  
@C    28.22300   28.04300   27.71800  
@H    28.90900   28.78900   27.27800  
@O    27.90600   28.10600   28.89300  
C    24.67300   29.75800   24.94300  
H    25.54600   29.65400   25.59200  
H    23.99300   30.50700   25.35800  
H    24.10700   28.82300   24.94600  
S    25.08600   30.19600   23.23900  
C    26.33800   31.40100   23.73100  
H    26.75400   31.81600   22.80900  
H    25.92400   32.22300   24.32000  
H    27.21400   31.02100   24.26300  
O    23.97200   31.10200   22.81500  
C    21.51400   25.83900   32.68500  
H    22.48800   25.53900   32.29000  
H    21.32900   25.24200   33.58200  
H    20.67400   25.69000   32.00100  
S    21.54800   27.58500   33.14600  
C    22.65500   27.16100   34.51000  
H    22.68000   28.00400   35.20500  
H    22.17600   26.37200   35.09400  
H    23.64900   26.93300   34.11600  
O    20.20600   27.90800   33.72600  
C    26.35700   27.42000   33.89000  
H    26.75500   26.44200   34.17200  
H    27.07600   28.12200   34.32000  
H    25.48600   27.63600   34.51400  
S    26.03500   27.59700   32.12100  
C    26.19000   29.39100   31.97300  
H    25.96200   29.74400   30.96300  
H    25.45400   29.85500   32.63400  
H    27.23000   29.67600   32.15200  
O    24.59300   27.25600   31.90800  
C    35.23500   24.25600   32.58600  
H    36.05900   24.90100   32.90000  
H    35.61200   23.23500   32.68300  
H    34.90100   24.42900   31.56000  
S    33.87100   24.58400   33.72600  
C    32.70100   23.69700   32.67400  
H    32.73200   22.61500   32.83000  
H    31.79000   24.14300   33.08200  
H    32.85000   23.98900   31.63100  
O    33.42500   25.94400   33.28800  
C    34.46800   32.42300   29.62500  
H    34.20000   33.29500   30.22800  
H    35.50600   32.45400   29.28500  
H    33.78000   32.32700   28.78100  
S    34.45800   30.87400   30.55500  
C    34.38700   29.70600   29.17800  
H    34.22500   28.71300   29.60600  
H    33.56100   29.98400   28.51800  
H    35.29700   29.78900   28.57900  
O    33.04200   30.93800   31.03600  
C    30.70600   16.16300   24.13900  
H    30.75100   16.20200   23.04800  
H    31.56900   15.67700   24.60200  
H    29.76500   15.71000   24.45900  
S    30.52000   17.83500   24.79900  
C    31.77900   18.58500   23.74100  
H    31.95000   19.64300   23.95500  
H    32.68200   17.99700   23.92200  
H    31.49200   18.41700   22.70000  
O    31.18200   17.59800   26.12000  
C    29.65100   22.40500   31.15200  
H    30.12400   23.35800   30.90400  
H    28.87100   22.06300   30.46600  
H    29.29200   22.46300   32.18300  
S    30.81100   21.03200   30.96000  
C    31.00100   21.24200   29.17600  
H    29.99400   21.22600   28.75000  
H    31.50600   22.19900   29.02100  
H    31.61600   20.54300   28.60400  
O    29.88700   19.85400   30.97900  
C    25.00200   24.07400   31.76700  
H    24.19700   23.34500   31.88600  
H    24.71100   25.01500   32.24300  
H    25.09300   24.21700   30.68800  
S    26.54500   23.32500   32.33600  
C    26.22400   21.70000   31.61400  
H    25.47800   21.15000   32.19400  
H    25.82200   21.88200   30.61300  
H    27.13100   21.10800   31.46700  
O    26.06700   23.19200   33.74800  
C    20.84200   23.46900   25.50200  
H    20.01900   22.83900   25.84900  
H    20.58700   23.80600   24.49400  
H    21.80400   22.96100   25.60700  
S    20.79500   25.03800   26.39800  
C    20.76400   24.50200   28.12400  
H    20.51600   23.44200   28.22100  
H    21.74300   24.68700   28.57200  
H    20.07300   25.14000   28.68000  
O    19.37500   25.44200   26.14800  
C    36.84500   24.05300   29.28100  
H    37.10500   24.91600   28.66300  
H    36.78800   24.38600   30.32100  
H    37.58800   23.27400   29.09300  
S    35.26800   23.37300   28.71900  
C    35.18500   22.08100   29.98000  
H    35.21300   22.35900   31.03700  
H    34.33600   21.47600   29.65300  
H    35.99400   21.39500   29.71600  
O    35.61700   22.63100   27.46700  
C    32.75200   27.11800   25.93300  
H    32.05100   27.93200   26.13900  
H    33.65000   27.15700   26.55500  
H    33.12600   27.11800   24.90600  
S    31.68500   25.67600   26.15100  
C    33.06500   24.52600   25.95500  
H    33.28300   24.43000   24.88800  
H    33.92200   24.94300   26.49000  
H    32.95900   23.57100   26.47600  
O    30.84200   25.62700   24.91600  
C    30.23500   29.83700   24.83100  
H    30.91800   29.85500   23.97800  
H    29.99100   28.87700   25.29400  
H    29.28500   30.25500   24.48800  
S    30.88200   30.98500   26.06800  
C    31.69200   32.12700   24.92600  
H    32.24900   32.88300   25.48500  
H    32.39400   31.60200   24.27300  
H    30.94200   32.71200   24.38700  
O    31.94000   30.16800   26.74100  
C    27.97100   27.68600   21.49400  
H    28.29800   28.72500   21.40200  
H    28.40400   27.09400   20.68400  
H    26.88300   27.64600   21.40300  
S    28.47500   27.05600   23.11100  
C    27.59800   25.48300   23.26100  
H    27.96800   24.75600   22.53500  
H    27.99100   25.17100   24.23200  
H    26.51700   25.53500   23.10900  
O    27.71300   27.96800   24.02200  
C    21.87500   19.83200   23.39700  
H    21.88200   18.95200   22.74800  
H    22.47300   20.56700   22.85300  
H    22.08700   19.66400   24.45600  
S    20.25100   20.62500   23.43000  
C    19.36100   19.24900   24.19000  
H    19.48200   18.44500   23.45900  
H    19.81900   18.99100   25.14900  
H    18.34400   19.59000   24.39800  
O    19.81900   20.52600   22.00000  
C    26.00300   31.70600   29.00000  
H    25.78600   32.19900   29.95000  
H    25.03600   31.39600   28.59600  
H    26.67100   30.84500   29.08300  
S    26.73400   33.01400   27.98900  
C    25.20000   33.92200   27.69700  
H    24.26700   33.35700   27.77100  
H    25.14900   34.65100   28.51000  
H    25.22800   34.40400   26.71600  
O    27.16300   32.26000   26.76900  
C    22.28600   23.20400   21.66400  
H    21.38400   23.40200   22.24800  
H    22.19800   23.73200   20.71100  
H    22.28100   22.16800   21.31400  
S    23.68600   23.59500   22.73800  
C    24.95200   22.63500   21.87800  
H    24.52900   22.26700   20.94000  
H    25.89500   23.14600   21.66800  
H    25.24900   21.74500   22.43700  
O    23.50500   22.68100   23.91000  
C    24.49000   28.65500   28.46300  
H    25.34700   29.32900   28.39500  
H    24.77000   27.76500   29.03300  
H    24.02500   28.34300   27.52400  
S    23.26000   29.45900   29.51400  
C    22.08500   28.08700   29.55700  
H    22.19300   27.56700   30.51200  
H    21.02400   28.32700   29.45600  
H    22.53000   27.47100   28.77100  
O    22.68700   30.52700   28.63500  
C    23.07700   16.99200   28.64300  
H    22.95600   17.96800   29.12000  
H    22.93000   16.23100   29.41300  
H    24.13100   16.88600   28.37100  
S    22.02800   16.68600   27.20400  
C    22.78400   15.18500   26.54100  
H    22.24800   14.89000   25.63500  
H    23.79200   15.52100   26.28400  
H    22.84100   14.40800   27.30800  
O    22.54100   17.69900   26.22900  
C    24.96900   20.29700   25.48400  
H    24.83100   21.37200   25.34700  
H    23.93800   19.94500   25.56900  
H    25.64800   20.15000   26.32800  
S    25.56400   19.53500   23.95700  
C    25.80100   17.85200   24.57200  
H    24.82300   17.39300   24.73600  
H    26.22000   17.34700   23.69800  
H    26.38300   17.72900   25.48900  
O    26.97200   20.03400   23.86300  
C    22.29300   21.13100   27.57800  
H    22.38300   20.09900   27.22900  
H    21.22800   21.26600   27.77900  
H    22.66800   21.89200   26.88900  
S    23.03700   21.30000   29.21700  
C    21.87400   20.49600   30.34200  
H    22.04100   19.41900   30.26200  
H    22.04800   20.61800   31.41400  
H    20.81900   20.74700   30.20300  
O    22.77200   22.75500   29.44800  
C    21.49200   26.51900   22.94600  
H    22.38500   26.89500   23.45200  
H    20.64700   26.97300   23.47100  
H    21.41300   25.44900   23.15600  
S    21.49200   27.06800   21.22500  
C    19.90900   26.36100   20.71300  
H    19.62100   26.83100   19.76900  
H    19.98400   25.27700   20.59700  
H    19.04600   26.58800   21.34400  
O    22.45700   26.14200   20.55100  
C    29.38100   21.83500   25.20700  
H    29.59200   22.25800   26.19200  
H    28.33500   21.61000   24.98600  
H    29.73300   20.81000   25.06000  
S    30.08000   22.77000   23.82800  
C    29.52300   21.79500   22.41200  
H    29.62200   22.29900   21.44700  
H    30.24500   20.97500   22.41100  
H    28.51500   21.44600   22.64900  
O    31.54100   22.44400   23.81500  
C    27.91800   18.95800   27.73700  
H    27.38300   18.90200   26.78500  
H    28.09300   20.02300   27.91200  
H    28.85000   18.39900   27.63100  
S    26.93600   18.37100   29.13600  
C    26.83700   16.66000   28.56600  
H    26.34900   16.65200   27.58800  
H    27.85200   16.25600   28.59600  
H    26.27000   16.17100   29.36200  
O    25.56400   18.89300   28.84400  
C    29.62400   31.96400   29.35000  
H    30.67600   31.73900   29.15800  
H    28.86900   31.32200   28.88900  
H    29.50000   33.00300   29.03200  
S    29.38600   31.92700   31.14100  
C    29.85700   30.20300   31.41000  
H    29.37400   29.62100   30.62100  
H    30.92700   30.07800   31.22600  
H    29.68000   29.80700   32.41300  
O    27.90500   31.94400   31.36500  
C    29.67200   26.47600   31.06200  
H    29.46300   25.65500   31.75200  
H    29.56400   27.38800   31.65400  
H    29.00300   26.33800   30.20800  
S    31.38200   26.32100   30.49900  
C    31.27200   27.56100   29.18900  
H    30.64400   27.12900   28.40500  
H    30.89300   28.53000   29.52300  
H    32.29300   27.63500   28.80800  
O    31.44000   25.02100   29.75800  
$end

$rem
JOBTYPE  SP
METHOD  B3LYP
BASIS  6-31+G(D)
SYMMETRY  FALSE
SYM_IGNORE  TRUE
MEM_TOTAL  12000
MEM_STATIC  4000
BASIS_LIN_DEP_THRESH  6
THRESH  14
SCF_CONVERGENCE  8
FD_MAT_VEC_PROD  FALSE
XC_GRID  000075000302
NL_GRID  1
MAX_SCF_CYCLES  200
SCF_GUESS  READ
GEN_SCFMAN  FALSE
SKIP_SCFMAN  TRUE
ESP_GRID  0
ESP_EFIELD  1
$end
