$molecule
0 1
--
0 1
C    22.10800   18.61400   30.51200  
C    23.36300   18.68000   29.62700  
C    23.06900   19.66100   28.47900  
C    22.63900   21.03600   29.01600  
C    21.33900   20.96900   29.83400  
C    21.67400   20.01000   30.98800  
H    23.89100   19.69100   27.75300  
H    24.19200   19.16500   30.15800  
H    21.38600   18.22000   29.78600  
H    22.13400   17.96900   31.39900  
H    23.50500   21.48000   29.52100  
H    22.52300   21.66900   28.12800  
H    20.96300   21.97000   30.07700  
H    20.52100   20.57800   29.21700  
H    22.42200   20.45300   31.65700  
H    20.74100   19.99600   31.56500  
H    22.22800   19.23700   27.91600  
N    23.59100   17.31700   29.15100  
H    23.53600   17.07300   28.17000  
C    24.18900   16.27500   29.82800  
H    24.33700   15.41200   29.15300  
O    24.45200   16.33200   31.01600  
--
0 1
C    24.65500   24.37600   27.67600  
H    25.66300   24.01100   27.46400  
H    24.24100   23.58700   28.30900  
H    23.99600   24.37600   26.80400  
S    24.68400   25.99900   28.46900  
C    25.69900   26.64600   27.12100  
H    26.71500   26.26300   27.24100  
H    25.24700   26.33700   26.17500  
H    25.68900   27.73900   27.11300  
O    25.70200   25.94300   29.56500  
C    16.93500   24.53700   25.60900  
H    16.03400   24.09200   25.18000  
H    17.52300   23.90100   26.27500  
H    16.65400   25.51800   26.00300  
S    18.10000   24.70100   24.23800  
C    17.04500   25.83300   23.30500  
H    17.29300   26.84700   23.63000  
H    17.19000   25.65800   22.23600  
H    16.00000   25.60800   23.53200  
O    17.93200   23.46600   23.40900  
C    19.03300   19.51400   25.47700  
H    18.44900   20.10400   24.76500  
H    19.20500   18.53900   25.01400  
H    18.59200   19.46100   26.47600  
S    20.52100   20.51800   25.68300  
C    19.61200   21.97700   26.24000  
H    20.22300   22.87700   26.14000  
H    18.80800   22.19400   25.53200  
H    19.25200   21.86500   27.26600  
O    20.95400   20.81300   24.28000  
C    28.51800   14.52300   33.48500  
H    27.95700   15.43800   33.69100  
H    28.07900   13.71100   34.07100  
H    29.55200   14.65100   33.81500  
S    28.50200   14.20300   31.70700  
C    26.76000   13.76200   31.51500  
H    26.51700   12.93600   32.18800  
H    26.12200   14.61100   31.77400  
H    26.53800   13.39500   30.50900  
O    29.20200   12.88900   31.55300  
C    26.48100   18.86000   28.23900  
H    26.58300   19.87600   27.85100  
H    25.82600   18.31600   27.55400  
H    26.12700   18.85700   29.27300  
S    28.06400   17.99000   28.17400  
C    27.45300   16.36900   28.68700  
H    26.60800   16.09200   28.05100  
H    28.29000   15.66600   28.70500  
H    27.07200   16.45000   29.70800  
O    28.74000   18.41600   29.44000  
C    19.91800   20.27800   35.17500  
H    20.50300   20.21100   34.25400  
H    20.39500   19.67500   35.95200  
H    18.89100   19.96200   34.97200  
S    19.68600   21.98500   35.71800  
C    18.51800   21.74400   37.07600  
H    17.71300   21.05400   36.81000  
H    19.08400   21.30800   37.90300  
H    18.18800   22.75400   37.33400  
O    18.82000   22.33500   34.54900  
C    14.40200   20.35300   28.58300  
H    13.77700   21.21500   28.83100  
H    13.91200   19.78000   27.79200  
H    14.54200   19.62800   29.38800  
S    15.98200   21.09200   28.11400  
C    15.54700   21.28300   26.37000  
H    14.96000   20.39000   26.14100  
H    15.04500   22.24200   26.22000  
H    16.27600   21.01600   25.60000  
O    16.95000   19.95000   28.10200  
C    27.70700   22.72900   32.48300  
H    28.73500   23.09800   32.44500  
H    27.05300   23.59800   32.37400  
H    27.65100   22.19100   33.43300  
S    27.37700   21.51700   31.18400  
C    27.11100   22.75800   29.89800  
H    26.08500   23.13500   29.90400  
H    27.76000   23.63000   30.01200  
H    27.22000   22.20900   28.95900  
O    26.06400   20.88900   31.53200  
C    24.58100   13.23200   27.87900  
H    25.29900   13.29600   28.70100  
H    25.08400   12.83700   26.99200  
H    24.01400   14.15700   27.75200  
S    23.36100   12.02000   28.43300  
C    24.50700   10.69800   28.88500  
H    24.80700   10.81200   29.93000  
H    24.01000   9.73200    28.77100  
H    25.36400   10.69800   28.20700  
O    22.57100   11.58100   27.24000  
C    23.57000   23.17200   32.31600  
H    23.50600   23.98900   31.59200  
H    24.42000   22.49200   32.22300  
H    22.60000   22.67200   32.25600  
S    23.81900   23.95600   33.92400  
C    24.04500   22.34000   34.70000  
H    24.98800   21.96800   34.29200  
H    24.12300   22.39200   35.78900  
H    23.20800   21.73800   34.33600  
O    22.48600   24.43700   34.40600  
C    30.33600   13.36500   28.51500  
H    30.89400   13.14200   29.42800  
H    31.01000   13.30900   27.65600  
H    29.79900   14.31200   28.42400  
S    28.95600   12.19800   28.50400  
C    29.79300   10.85600   27.63100  
H    28.97000   10.27600   27.20700  
H    30.37200   11.26700   26.80000  
H    30.38600   10.31900   28.37600  
O    27.97900   12.71500   27.49400  
C    21.98700   13.33800   32.36900  
H    21.67700   14.18800   32.98300  
H    22.58000   13.75300   31.55000  
H    21.11600   12.87400   31.90100  
S    22.97000   12.32000   33.49200  
C    24.20000   13.61900   33.74600  
H    23.85700   14.18400   34.61700  
H    25.11700   13.08000   33.99500  
H    24.26200   14.20500   32.82500  
O    23.65300   11.41500   32.51400  
C    20.44800   24.82300   31.64800  
H    21.01400   24.73300   32.57900  
H    19.62800   25.53200   31.78400  
H    20.07300   23.83500   31.37200  
S    21.30700   25.48500   30.20200  
C    19.81900   25.70100   29.20000  
H    19.17000   26.42500   29.69700  
H    20.13600   26.07900   28.22400  
H    19.31300   24.73800   29.09200  
O    21.78700   24.17300   29.66600  
C    17.12900   20.28500   31.91000  
H    16.69600   20.54300   32.88000  
H    17.88300   20.97100   31.51500  
H    16.40500   20.14200   31.10300  
S    18.03500   18.74300   32.16600  
C    18.41100   18.28500   30.45800  
H    18.92500   19.10200   29.94500  
H    19.06100   17.40900   30.39600  
H    17.52400   18.05900   29.86000  
O    16.99800   17.71600   32.49500  
C    19.62700   15.46200   33.76400  
H    20.16200   15.43500   32.81200  
H    19.12600   14.52900   34.03200  
H    18.86600   16.24200   33.68100  
S    20.73100   15.94000   35.11300  
C    21.77700   17.07900   34.17800  
H    22.66800   17.27000   34.78200  
H    21.98300   16.72400   33.16500  
H    21.22500   17.99800   33.96600  
O    21.57900   14.78800   35.55300  
C    22.59800   23.69800   22.67000  
H    23.00800   23.81200   21.66400  
H    22.05700   22.75500   22.78800  
H    22.07200   24.58200   23.03900  
S    24.22200   23.62200   23.45800  
C    23.59700   22.73300   24.90200  
H    22.83900   23.33500   25.40900  
H    23.22900   21.76700   24.54500  
H    24.40200   22.49200   25.60100  
O    24.55200   24.97700   24.00200  
C    20.53400   16.34800   27.95600  
H    20.98700   15.70500   28.71600  
H    21.26300   16.95700   27.41700  
H    19.65500   16.83300   28.38900  
S    19.82700   15.33600   26.63700  
C    21.28600   14.39700   26.13100  
H    21.68900   13.79100   26.94600  
H    20.98000   13.71200   25.33700  
H    22.06000   15.02100   25.67600  
O    19.58800   16.39600   25.60800  
C    23.29800   17.38000   38.00900  
H    23.36100   16.58600   37.26000  
H    23.72100   17.07400   38.96900  
H    22.22900   17.43800   38.23000  
S    23.79600   19.00000   37.38200  
C    22.95200   20.04300   38.59200  
H    21.87200   19.87800   38.60300  
H    23.36000   19.78800   39.57400  
H    23.07700   21.12700   38.51800  
O    22.94600   19.26400   36.17900  
C    25.18800   18.57200   33.66900  
H    24.99000   17.52300   33.43500  
H    24.83300   18.83400   34.66900  
H    24.73900   19.20300   32.89800  
S    26.99000   18.64800   33.76700  
C    27.32400   17.70400   32.26200  
H    26.82900   16.72900   32.27000  
H    27.02700   18.30500   31.39900  
H    28.34800   17.40900   32.01900  
O    27.26800   17.68100   34.87600  
C    24.67100   18.95400   24.72400  
H    25.72400   19.02300   25.00500  
H    24.58000   19.37800   23.72000  
H    24.19900   19.47800   25.55900  
S    24.15600   17.22300   24.65600  
C    22.46600   17.46300   24.06200  
H    22.21400   16.42000   23.85300  
H    21.87400   17.87400   24.88300  
H    22.37900   18.09900   23.17800  
O    23.99300   16.82300   26.08900  
C    20.34900   27.39200   23.92300  
H    19.30100   27.64700   23.74700  
H    21.00000   28.13800   23.46100  
H    20.50300   26.40100   23.48900  
S    20.56600   27.37900   25.71700  
C    21.77900   26.04400   25.82400  
H    21.62700   25.24400   25.09400  
H    22.74500   26.52000   25.63800  
H    21.81400   25.66000   26.84700  
O    19.20900   26.82000   26.01200  
C    28.77500   21.16200   25.26000  
H    29.22600   21.41700   26.22200  
H    28.55700   20.09100   25.24900  
H    29.52300   21.44700   24.51600  
S    27.16400   21.96600   25.10400  
C    27.75400   23.66800   24.96100  
H    28.26600   23.67100   23.99500  
H    26.81900   24.22400   24.85900  
H    28.38200   24.03000   25.78000  
O    26.52500   21.84300   26.45200  
C    29.41400   15.40600   25.66800  
H    30.17800   15.14900   24.93000  
H    29.80700   16.01800   26.48300  
H    29.02900   14.52500   26.18700  
S    28.14800   16.47300   24.94300  
C    27.43100   15.25500   23.81800  
H    26.69100   14.64500   24.34400  
H    26.93300   15.77200   22.99400  
H    28.16600   14.63100   23.30300  
O    28.95200   17.41200   24.09900  
C    16.65200   23.92600   32.26500  
H    16.56300   24.40700   33.24200  
H    16.00500   23.04400   32.28000  
H    17.68300   23.56600   32.21200  
S    16.17000   25.03500   30.92200  
C    14.72000   25.76500   31.71500  
H    14.39000   25.18500   32.58000  
H    14.83800   26.78700   32.08500  
H    13.88600   25.74900   31.00800  
O    15.67100   24.09800   29.86700  
C    17.88600   14.14800   30.19400  
H    18.34200   14.06100   31.18300  
H    18.03600   15.19300   29.91100  
H    16.84400   13.82300   30.24500  
S    19.02400   13.13400   29.22300  
C    18.75000   11.50600   29.95700  
H    19.42600   11.49000   30.81600  
H    17.71300   11.45700   30.30000  
H    18.99400   10.71700   29.24100  
O    20.38300   13.42500   29.77800  
C    22.57500   11.17400   23.94100  
H    22.06200   11.27300   24.90100  
H    22.00300   11.70800   23.17800  
H    22.62300   10.12500   23.63600  
S    24.19900   11.95300   23.79300  
C    23.70400   13.68900   23.85400  
H    22.75700   13.90200   23.35000  
H    23.48000   13.74600   24.92200  
H    24.54400   14.36100   23.65900  
O    24.55400   11.66600   22.36700  
$end

$rem
JOBTYPE  SP
METHOD  B3LYP
BASIS  6-31+G(D)
SYMMETRY  FALSE
SYM_IGNORE  TRUE
MEM_TOTAL  12000
MEM_STATIC  4000
BASIS_LIN_DEP_THRESH  6
THRESH  14
SCF_CONVERGENCE  8
FD_MAT_VEC_PROD  FALSE
XC_GRID  000075000302
NL_GRID  1
MAX_SCF_CYCLES  200
ENV_METHOD  B3LYP
GEN_SCFMAN_EMBED  TRUE
SPADE_PARTITION  TRUE
EMBEDDING_EARLY_STOP  TRUE
$end

@@@

$molecule
0 1
@C    22.10800   18.61400   30.51200  
@C    23.36300   18.68000   29.62700  
@C    23.06900   19.66100   28.47900  
@C    22.63900   21.03600   29.01600  
@C    21.33900   20.96900   29.83400  
@C    21.67400   20.01000   30.98800  
@H    23.89100   19.69100   27.75300  
@H    24.19200   19.16500   30.15800  
@H    21.38600   18.22000   29.78600  
@H    22.13400   17.96900   31.39900  
@H    23.50500   21.48000   29.52100  
@H    22.52300   21.66900   28.12800  
@H    20.96300   21.97000   30.07700  
@H    20.52100   20.57800   29.21700  
@H    22.42200   20.45300   31.65700  
@H    20.74100   19.99600   31.56500  
@H    22.22800   19.23700   27.91600  
@N    23.59100   17.31700   29.15100  
@H    23.53600   17.07300   28.17000  
@C    24.18900   16.27500   29.82800  
@H    24.33700   15.41200   29.15300  
@O    24.45200   16.33200   31.01600  
C    24.65500   24.37600   27.67600  
H    25.66300   24.01100   27.46400  
H    24.24100   23.58700   28.30900  
H    23.99600   24.37600   26.80400  
S    24.68400   25.99900   28.46900  
C    25.69900   26.64600   27.12100  
H    26.71500   26.26300   27.24100  
H    25.24700   26.33700   26.17500  
H    25.68900   27.73900   27.11300  
O    25.70200   25.94300   29.56500  
C    16.93500   24.53700   25.60900  
H    16.03400   24.09200   25.18000  
H    17.52300   23.90100   26.27500  
H    16.65400   25.51800   26.00300  
S    18.10000   24.70100   24.23800  
C    17.04500   25.83300   23.30500  
H    17.29300   26.84700   23.63000  
H    17.19000   25.65800   22.23600  
H    16.00000   25.60800   23.53200  
O    17.93200   23.46600   23.40900  
C    19.03300   19.51400   25.47700  
H    18.44900   20.10400   24.76500  
H    19.20500   18.53900   25.01400  
H    18.59200   19.46100   26.47600  
S    20.52100   20.51800   25.68300  
C    19.61200   21.97700   26.24000  
H    20.22300   22.87700   26.14000  
H    18.80800   22.19400   25.53200  
H    19.25200   21.86500   27.26600  
O    20.95400   20.81300   24.28000  
C    28.51800   14.52300   33.48500  
H    27.95700   15.43800   33.69100  
H    28.07900   13.71100   34.07100  
H    29.55200   14.65100   33.81500  
S    28.50200   14.20300   31.70700  
C    26.76000   13.76200   31.51500  
H    26.51700   12.93600   32.18800  
H    26.12200   14.61100   31.77400  
H    26.53800   13.39500   30.50900  
O    29.20200   12.88900   31.55300  
C    26.48100   18.86000   28.23900  
H    26.58300   19.87600   27.85100  
H    25.82600   18.31600   27.55400  
H    26.12700   18.85700   29.27300  
S    28.06400   17.99000   28.17400  
C    27.45300   16.36900   28.68700  
H    26.60800   16.09200   28.05100  
H    28.29000   15.66600   28.70500  
H    27.07200   16.45000   29.70800  
O    28.74000   18.41600   29.44000  
C    19.91800   20.27800   35.17500  
H    20.50300   20.21100   34.25400  
H    20.39500   19.67500   35.95200  
H    18.89100   19.96200   34.97200  
S    19.68600   21.98500   35.71800  
C    18.51800   21.74400   37.07600  
H    17.71300   21.05400   36.81000  
H    19.08400   21.30800   37.90300  
H    18.18800   22.75400   37.33400  
O    18.82000   22.33500   34.54900  
C    14.40200   20.35300   28.58300  
H    13.77700   21.21500   28.83100  
H    13.91200   19.78000   27.79200  
H    14.54200   19.62800   29.38800  
S    15.98200   21.09200   28.11400  
C    15.54700   21.28300   26.37000  
H    14.96000   20.39000   26.14100  
H    15.04500   22.24200   26.22000  
H    16.27600   21.01600   25.60000  
O    16.95000   19.95000   28.10200  
C    27.70700   22.72900   32.48300  
H    28.73500   23.09800   32.44500  
H    27.05300   23.59800   32.37400  
H    27.65100   22.19100   33.43300  
S    27.37700   21.51700   31.18400  
C    27.11100   22.75800   29.89800  
H    26.08500   23.13500   29.90400  
H    27.76000   23.63000   30.01200  
H    27.22000   22.20900   28.95900  
O    26.06400   20.88900   31.53200  
C    24.58100   13.23200   27.87900  
H    25.29900   13.29600   28.70100  
H    25.08400   12.83700   26.99200  
H    24.01400   14.15700   27.75200  
S    23.36100   12.02000   28.43300  
C    24.50700   10.69800   28.88500  
H    24.80700   10.81200   29.93000  
H    24.01000   9.73200    28.77100  
H    25.36400   10.69800   28.20700  
O    22.57100   11.58100   27.24000  
C    23.57000   23.17200   32.31600  
H    23.50600   23.98900   31.59200  
H    24.42000   22.49200   32.22300  
H    22.60000   22.67200   32.25600  
S    23.81900   23.95600   33.92400  
C    24.04500   22.34000   34.70000  
H    24.98800   21.96800   34.29200  
H    24.12300   22.39200   35.78900  
H    23.20800   21.73800   34.33600  
O    22.48600   24.43700   34.40600  
C    30.33600   13.36500   28.51500  
H    30.89400   13.14200   29.42800  
H    31.01000   13.30900   27.65600  
H    29.79900   14.31200   28.42400  
S    28.95600   12.19800   28.50400  
C    29.79300   10.85600   27.63100  
H    28.97000   10.27600   27.20700  
H    30.37200   11.26700   26.80000  
H    30.38600   10.31900   28.37600  
O    27.97900   12.71500   27.49400  
C    21.98700   13.33800   32.36900  
H    21.67700   14.18800   32.98300  
H    22.58000   13.75300   31.55000  
H    21.11600   12.87400   31.90100  
S    22.97000   12.32000   33.49200  
C    24.20000   13.61900   33.74600  
H    23.85700   14.18400   34.61700  
H    25.11700   13.08000   33.99500  
H    24.26200   14.20500   32.82500  
O    23.65300   11.41500   32.51400  
C    20.44800   24.82300   31.64800  
H    21.01400   24.73300   32.57900  
H    19.62800   25.53200   31.78400  
H    20.07300   23.83500   31.37200  
S    21.30700   25.48500   30.20200  
C    19.81900   25.70100   29.20000  
H    19.17000   26.42500   29.69700  
H    20.13600   26.07900   28.22400  
H    19.31300   24.73800   29.09200  
O    21.78700   24.17300   29.66600  
C    17.12900   20.28500   31.91000  
H    16.69600   20.54300   32.88000  
H    17.88300   20.97100   31.51500  
H    16.40500   20.14200   31.10300  
S    18.03500   18.74300   32.16600  
C    18.41100   18.28500   30.45800  
H    18.92500   19.10200   29.94500  
H    19.06100   17.40900   30.39600  
H    17.52400   18.05900   29.86000  
O    16.99800   17.71600   32.49500  
C    19.62700   15.46200   33.76400  
H    20.16200   15.43500   32.81200  
H    19.12600   14.52900   34.03200  
H    18.86600   16.24200   33.68100  
S    20.73100   15.94000   35.11300  
C    21.77700   17.07900   34.17800  
H    22.66800   17.27000   34.78200  
H    21.98300   16.72400   33.16500  
H    21.22500   17.99800   33.96600  
O    21.57900   14.78800   35.55300  
C    22.59800   23.69800   22.67000  
H    23.00800   23.81200   21.66400  
H    22.05700   22.75500   22.78800  
H    22.07200   24.58200   23.03900  
S    24.22200   23.62200   23.45800  
C    23.59700   22.73300   24.90200  
H    22.83900   23.33500   25.40900  
H    23.22900   21.76700   24.54500  
H    24.40200   22.49200   25.60100  
O    24.55200   24.97700   24.00200  
C    20.53400   16.34800   27.95600  
H    20.98700   15.70500   28.71600  
H    21.26300   16.95700   27.41700  
H    19.65500   16.83300   28.38900  
S    19.82700   15.33600   26.63700  
C    21.28600   14.39700   26.13100  
H    21.68900   13.79100   26.94600  
H    20.98000   13.71200   25.33700  
H    22.06000   15.02100   25.67600  
O    19.58800   16.39600   25.60800  
C    23.29800   17.38000   38.00900  
H    23.36100   16.58600   37.26000  
H    23.72100   17.07400   38.96900  
H    22.22900   17.43800   38.23000  
S    23.79600   19.00000   37.38200  
C    22.95200   20.04300   38.59200  
H    21.87200   19.87800   38.60300  
H    23.36000   19.78800   39.57400  
H    23.07700   21.12700   38.51800  
O    22.94600   19.26400   36.17900  
C    25.18800   18.57200   33.66900  
H    24.99000   17.52300   33.43500  
H    24.83300   18.83400   34.66900  
H    24.73900   19.20300   32.89800  
S    26.99000   18.64800   33.76700  
C    27.32400   17.70400   32.26200  
H    26.82900   16.72900   32.27000  
H    27.02700   18.30500   31.39900  
H    28.34800   17.40900   32.01900  
O    27.26800   17.68100   34.87600  
C    24.67100   18.95400   24.72400  
H    25.72400   19.02300   25.00500  
H    24.58000   19.37800   23.72000  
H    24.19900   19.47800   25.55900  
S    24.15600   17.22300   24.65600  
C    22.46600   17.46300   24.06200  
H    22.21400   16.42000   23.85300  
H    21.87400   17.87400   24.88300  
H    22.37900   18.09900   23.17800  
O    23.99300   16.82300   26.08900  
C    20.34900   27.39200   23.92300  
H    19.30100   27.64700   23.74700  
H    21.00000   28.13800   23.46100  
H    20.50300   26.40100   23.48900  
S    20.56600   27.37900   25.71700  
C    21.77900   26.04400   25.82400  
H    21.62700   25.24400   25.09400  
H    22.74500   26.52000   25.63800  
H    21.81400   25.66000   26.84700  
O    19.20900   26.82000   26.01200  
C    28.77500   21.16200   25.26000  
H    29.22600   21.41700   26.22200  
H    28.55700   20.09100   25.24900  
H    29.52300   21.44700   24.51600  
S    27.16400   21.96600   25.10400  
C    27.75400   23.66800   24.96100  
H    28.26600   23.67100   23.99500  
H    26.81900   24.22400   24.85900  
H    28.38200   24.03000   25.78000  
O    26.52500   21.84300   26.45200  
C    29.41400   15.40600   25.66800  
H    30.17800   15.14900   24.93000  
H    29.80700   16.01800   26.48300  
H    29.02900   14.52500   26.18700  
S    28.14800   16.47300   24.94300  
C    27.43100   15.25500   23.81800  
H    26.69100   14.64500   24.34400  
H    26.93300   15.77200   22.99400  
H    28.16600   14.63100   23.30300  
O    28.95200   17.41200   24.09900  
C    16.65200   23.92600   32.26500  
H    16.56300   24.40700   33.24200  
H    16.00500   23.04400   32.28000  
H    17.68300   23.56600   32.21200  
S    16.17000   25.03500   30.92200  
C    14.72000   25.76500   31.71500  
H    14.39000   25.18500   32.58000  
H    14.83800   26.78700   32.08500  
H    13.88600   25.74900   31.00800  
O    15.67100   24.09800   29.86700  
C    17.88600   14.14800   30.19400  
H    18.34200   14.06100   31.18300  
H    18.03600   15.19300   29.91100  
H    16.84400   13.82300   30.24500  
S    19.02400   13.13400   29.22300  
C    18.75000   11.50600   29.95700  
H    19.42600   11.49000   30.81600  
H    17.71300   11.45700   30.30000  
H    18.99400   10.71700   29.24100  
O    20.38300   13.42500   29.77800  
C    22.57500   11.17400   23.94100  
H    22.06200   11.27300   24.90100  
H    22.00300   11.70800   23.17800  
H    22.62300   10.12500   23.63600  
S    24.19900   11.95300   23.79300  
C    23.70400   13.68900   23.85400  
H    22.75700   13.90200   23.35000  
H    23.48000   13.74600   24.92200  
H    24.54400   14.36100   23.65900  
O    24.55400   11.66600   22.36700  
$end

$rem
JOBTYPE  SP
METHOD  B3LYP
BASIS  6-31+G(D)
SYMMETRY  FALSE
SYM_IGNORE  TRUE
MEM_TOTAL  12000
MEM_STATIC  4000
BASIS_LIN_DEP_THRESH  6
THRESH  14
SCF_CONVERGENCE  8
FD_MAT_VEC_PROD  FALSE
XC_GRID  000075000302
NL_GRID  1
MAX_SCF_CYCLES  200
SCF_GUESS  READ
GEN_SCFMAN  FALSE
SKIP_SCFMAN  TRUE
ESP_GRID  0
ESP_EFIELD  1
$end
