$molecule
0 1
--
0 1
C    25.00200   18.33700   26.81000  
C    23.63600   19.04300   26.82700  
C    23.68800   20.57600   26.93100  
C    24.63700   21.15700   25.87100  
C    26.05000   20.57500   26.04200  
C    25.93700   19.05700   25.82600  
H    22.66500   20.95900   26.82800  
H    23.17300   18.88000   25.84700  
H    25.44100   18.25400   27.81200  
H    24.87700   17.31300   26.43700  
H    24.18500   21.01400   24.88200  
H    24.67100   22.25400   25.88700  
H    26.64900   20.91100   25.18600  
H    26.52200   20.86600   26.98900  
H    25.73900   18.79900   24.77800  
H    26.89800   18.54000   25.93300  
H    23.99200   20.66900   27.98100  
N    22.86700   18.40300   27.89300  
H    22.94100   18.65200   28.87200  
C    21.77900   17.61500   27.58100  
H    21.14800   17.31100   28.43600  
O    21.51300   17.33100   26.42700  
--
0 1
C    20.67800   28.12300   27.65700  
H    21.49600   28.39500   28.32900  
H    20.76900   28.56300   26.66000  
H    19.76400   28.55500   28.07200  
S    20.45900   26.33400   27.53700  
C    19.51000   26.43800   26.00300  
H    19.06700   25.45800   25.80600  
H    18.72000   27.15300   26.24600  
H    20.19500   26.71600   25.19800  
O    19.36300   26.15800   28.54200  
C    21.87600   18.42200   23.27600  
H    21.23400   17.77800   23.88200  
H    22.21100   19.26800   23.88300  
H    21.25900   18.66500   22.40700  
S    23.32300   17.55400   22.63000  
C    23.77700   18.83100   21.43500  
H    24.77900   18.65800   21.03300  
H    23.06500   18.91700   20.61000  
H    23.84400   19.81000   21.91800  
O    22.81600   16.45300   21.75300  
C    23.54900   20.19000   34.25500  
H    22.75200   19.50700   34.56300  
H    23.86100   19.93900   33.23800  
H    24.44400   20.06700   34.87000  
S    22.91800   21.88000   34.35100  
C    21.22900   21.61300   33.76900  
H    20.96300   22.63100   33.47400  
H    21.33300   21.02400   32.85400  
H    20.53800   21.23600   34.52800  
O    23.64600   22.52700   33.21400  
C    28.09600   16.98000   22.10200  
H    28.75500   17.84800   22.02000  
H    27.65600   16.68900   21.14400  
H    27.25000   17.32700   22.70200  
S    29.11800   15.77500   22.97700  
C    27.71600   14.63500   23.00800  
H    27.06000   14.85200   23.85400  
H    27.32500   14.58300   21.98900  
H    28.23100   13.70400   23.26100  
O    29.04000   16.30300   24.37600  
C    29.36500   17.81200   31.67600  
H    29.30600   17.22300   30.75700  
H    29.46200   17.06300   32.46700  
H    28.44600   18.35900   31.90300  
S    30.76700   18.95100   31.64100  
C    30.34400   19.77800   30.09200  
H    29.53200   20.49900   30.21400  
H    31.30500   20.20400   29.79300  
H    30.11400   18.98100   29.37900  
O    31.85900   17.96800   31.35100  
C    29.83800   22.18700   34.36600  
H    29.89900   23.15400   34.87200  
H    29.75500   21.27300   34.96000  
H    30.72400   22.08700   33.73500  
S    28.51600   22.33600   33.14300  
C    27.20200   22.23700   34.38000  
H    27.02600   23.21600   34.83400  
H    26.31700   21.83200   33.88400  
H    27.53100   21.53000   35.14600  
O    28.43100   20.97200   32.53200  
C    19.74400   21.90200   22.23300  
H    18.88600   21.79600   22.90200  
H    19.55800   22.29500   21.23000  
H    20.33400   20.98400   22.16200  
S    20.55600   23.28400   23.06700  
C    21.27900   22.25500   24.36500  
H    22.18100   21.76100   23.99600  
H    21.70300   22.88200   25.15300  
H    20.60700   21.43200   24.62200  
O    19.39500   23.82000   23.84400  
C    26.26400   16.74800   33.10500  
H    27.29800   17.07800   32.97100  
H    26.03400   15.83000   32.55700  
H    25.61200   17.60600   32.92300  
S    26.04000   16.26800   34.83200  
C    25.88000   14.49000   34.55500  
H    26.87200   14.07900   34.35300  
H    25.35200   14.06300   35.41200  
H    25.28100   14.21400   33.68300  
O    24.61800   16.70900   34.99300  
C    18.40300   13.06200   21.01400  
H    17.41400   12.81000   21.40700  
H    18.38600   12.99200   19.92300  
H    19.19400   12.51100   21.52800  
S    18.85200   14.79500   21.26100  
C    18.80900   14.83400   23.06700  
H    18.85900   15.88200   23.37400  
H    17.87100   14.41500   23.44000  
H    19.65600   14.29200   23.49500  
O    17.61000   15.49700   20.80700  
C    29.94500   15.09300   27.82400  
H    30.52800   14.35500   28.38100  
H    29.98000   15.06600   26.73200  
H    30.16000   16.09400   28.20800  
S    28.22800   14.69800   28.22500  
C    27.32700   15.97800   27.32200  
H    26.30100   15.85300   27.67600  
H    27.75000   16.96100   27.54200  
H    27.37700   15.66400   26.27600  
O    28.10400   15.18200   29.63600  
C    26.43000   21.61000   22.21200  
H    26.23300   20.54600   22.36100  
H    27.28700   21.93300   21.61600  
H    26.43300   22.01700   23.22700  
S    25.16900   22.47500   21.24900  
C    25.90100   24.12600   21.30100  
H    26.43700   24.48300   20.41800  
H    25.03400   24.76400   21.49400  
H    26.51300   24.11800   22.20600  
O    24.12900   22.39200   22.32200  
C    15.72900   13.31700   29.32800  
H    15.90700   13.12000   30.38800  
H    14.69400   13.65100   29.21700  
H    15.99100   12.56500   28.57900  
S    16.69800   14.77100   28.86800  
C    15.88400   16.10100   29.78100  
H    16.00500   15.79000   30.82100  
H    16.46000   17.00400   29.56100  
H    14.82200   16.08400   29.52500  
O    16.63400   14.90900   27.37900  
C    18.97100   18.59200   25.60900  
H    18.39300   19.22800   24.93300  
H    19.74600   19.25900   25.99400  
H    19.37500   17.71900   25.08900  
S    18.01200   17.92100   26.98600  
C    16.69100   17.54100   25.81300  
H    15.77800   17.30300   26.36400  
H    16.53200   18.49300   25.30000  
H    17.03600   16.76600   25.12400  
O    17.52400   19.13400   27.71400  
C    17.97200   18.98900   31.21300  
H    17.97100   18.35800   30.32000  
H    16.97700   19.38600   31.43300  
H    18.71900   19.78400   31.27300  
S    18.32700   17.85900   32.57800  
C    20.02800   17.54400   32.05800  
H    20.33200   16.52200   32.29900  
H    19.97600   17.72700   30.98200  
H    20.69300   18.23000   32.59000  
O    17.58400   16.63300   32.14700  
C    24.70100   15.78500   30.11800  
H    25.71600   15.40500   30.25700  
H    24.43500   15.64400   29.06700  
H    24.62800   16.84700   30.36600  
S    23.50200   14.90000   31.14100  
C    23.52500   13.34200   30.22600  
H    24.55300   12.97000   30.21600  
H    22.84100   12.69200   30.77800  
H    23.21900   13.57500   29.20300  
O    22.21000   15.52900   30.72000  
C    24.96500   22.00700   30.14700  
H    25.19900   21.98400   29.08000  
H    24.05400   22.55200   30.40600  
H    25.84500   22.52700   30.53400  
S    24.92900   20.36700   30.90700  
C    26.38300   19.67700   30.08600  
H    27.19000   20.27100   30.52100  
H    26.47100   18.64000   30.42100  
H    26.28100   19.80700   29.00500  
O    23.83200   19.50500   30.36300  
C    29.62600   18.82800   26.61800  
H    28.70300   18.91300   27.19700  
H    29.99100   17.79900   26.57500  
H    30.36000   19.42700   27.16400  
S    29.46800   19.45900   24.93300  
C    30.97600   18.64500   24.36000  
H    30.97700   18.81800   23.28100  
H    31.88700   19.18600   24.63100  
H    31.14100   17.62500   24.71700  
O    30.05100   20.83200   25.05400  
C    20.91300   12.22100   32.37300  
H    21.33800   13.22000   32.25000  
H    21.18300   11.81100   33.35000  
H    21.35100   11.49900   31.67900  
S    19.10700   12.16700   32.34200  
C    18.80700   13.80100   31.63200  
H    19.42600   14.59100   32.06600  
H    19.10900   13.76300   30.58300  
H    17.76000   14.09900   31.73300  
O    19.03600   12.47300   33.80500  
C    27.43200   19.25700   17.02600  
H    26.57300   18.93100   16.43300  
H    27.93300   20.15800   16.66500  
H    28.17900   18.46000   17.04700  
S    27.01900   19.45200   18.77400  
C    28.60600   20.09300   19.35200  
H    29.41600   19.41400   19.07200  
H    28.73200   21.12200   19.00600  
H    28.40400   20.05300   20.42500  
O    26.98000   18.03000   19.24100  
C    23.70000   25.62700   24.52500  
H    23.66200   26.66800   24.85800  
H    23.55600   25.49000   23.45100  
H    22.77200   25.25500   24.96600  
S    25.09800   24.75100   25.26100  
C    25.14900   25.56000   26.87600  
H    26.16600   25.90300   27.08500  
H    24.40700   26.35300   26.75500  
H    24.85700   24.81100   27.61600  
O    26.27900   25.18400   24.45000  
C    19.83200   11.44500   26.64000  
H    19.94900   10.35900   26.68400  
H    18.84700   11.61800   26.19900  
H    20.66300   11.94100   26.13300  
S    19.71700   12.10700   28.31800  
C    20.04300   13.81300   27.81900  
H    20.43600   14.39900   28.65300  
H    20.91700   13.81600   27.16100  
H    19.12600   14.22900   27.39400  
O    20.96200   11.57900   28.96100  
C    21.48900   23.46000   30.79800  
H    20.56200   23.36900   31.37000  
H    22.30200   22.82200   31.15400  
H    21.91000   24.46500   30.70800  
S    21.10400   23.11100   29.06700  
C    20.80900   21.35000   29.34200  
H    19.85700   21.26700   29.87300  
H    20.74400   20.88300   28.35600  
H    21.64500   20.94900   29.92000  
O    22.37300   23.18400   28.27500  
C    17.70500   22.66000   26.92500  
H    17.78000   21.77500   27.56300  
H    18.65400   22.87100   26.42500  
H    17.42400   23.52100   27.53500  
S    16.24200   22.29900   25.92800  
C    16.35200   23.59100   24.66800  
H    16.71100   24.49900   25.16000  
H    17.10900   23.23200   23.96600  
H    15.36700   23.49700   24.20400  
O    15.13400   22.48600   26.91700  
C    30.26700   23.57900   28.01600  
H    31.09500   23.30200   27.35800  
H    29.98800   24.63600   27.98100  
H    30.36900   23.25300   29.05400  
S    28.80100   22.72800   27.39000  
C    28.61700   23.68100   25.86600  
H    28.10700   23.18100   25.03900  
H    28.03800   24.54600   26.19800  
H    29.58500   24.01300   25.48100  
O    27.75100   23.40800   28.21300  
C    23.13500   12.73800   25.64700  
H    22.64300   12.48000   26.58800  
H    22.64500   12.44600   24.71500  
H    24.04200   12.13800   25.53500  
S    23.45900   14.51300   25.74300  
C    24.28200   14.63500   24.13900  
H    23.46600   14.58800   23.41400  
H    24.77500   15.59700   23.98000  
H    24.94400   13.79200   23.92600  
O    24.55600   14.48100   26.76100  
C    31.32900   24.69800   22.11500  
H    31.91800   24.38200   22.98000  
H    31.68400   24.42300   21.11900  
H    31.15500   25.77700   22.12700  
S    29.65400   24.07500   22.38000  
C    30.24000   22.36700   22.30900  
H    29.35600   21.72500   22.32500  
H    30.95600   22.30400   21.48600  
H    30.73900   22.16000   23.25800  
O    28.95000   23.94100   21.06600  
$end

$rem
JOBTYPE  SP
METHOD  B3LYP
BASIS  6-31+G(D)
SYMMETRY  FALSE
SYM_IGNORE  TRUE
MEM_TOTAL  12000
MEM_STATIC  4000
BASIS_LIN_DEP_THRESH  6
THRESH  14
SCF_CONVERGENCE  8
FD_MAT_VEC_PROD  FALSE
XC_GRID  000075000302
NL_GRID  1
MAX_SCF_CYCLES  200
ENV_METHOD  B3LYP
GEN_SCFMAN_EMBED  TRUE
SPADE_PARTITION  TRUE
EMBEDDING_EARLY_STOP  TRUE
$end

@@@

$molecule
0 1
@C    25.00200   18.33700   26.81000  
@C    23.63600   19.04300   26.82700  
@C    23.68800   20.57600   26.93100  
@C    24.63700   21.15700   25.87100  
@C    26.05000   20.57500   26.04200  
@C    25.93700   19.05700   25.82600  
@H    22.66500   20.95900   26.82800  
@H    23.17300   18.88000   25.84700  
@H    25.44100   18.25400   27.81200  
@H    24.87700   17.31300   26.43700  
@H    24.18500   21.01400   24.88200  
@H    24.67100   22.25400   25.88700  
@H    26.64900   20.91100   25.18600  
@H    26.52200   20.86600   26.98900  
@H    25.73900   18.79900   24.77800  
@H    26.89800   18.54000   25.93300  
@H    23.99200   20.66900   27.98100  
@N    22.86700   18.40300   27.89300  
@H    22.94100   18.65200   28.87200  
@C    21.77900   17.61500   27.58100  
@H    21.14800   17.31100   28.43600  
@O    21.51300   17.33100   26.42700  
C    20.67800   28.12300   27.65700  
H    21.49600   28.39500   28.32900  
H    20.76900   28.56300   26.66000  
H    19.76400   28.55500   28.07200  
S    20.45900   26.33400   27.53700  
C    19.51000   26.43800   26.00300  
H    19.06700   25.45800   25.80600  
H    18.72000   27.15300   26.24600  
H    20.19500   26.71600   25.19800  
O    19.36300   26.15800   28.54200  
C    21.87600   18.42200   23.27600  
H    21.23400   17.77800   23.88200  
H    22.21100   19.26800   23.88300  
H    21.25900   18.66500   22.40700  
S    23.32300   17.55400   22.63000  
C    23.77700   18.83100   21.43500  
H    24.77900   18.65800   21.03300  
H    23.06500   18.91700   20.61000  
H    23.84400   19.81000   21.91800  
O    22.81600   16.45300   21.75300  
C    23.54900   20.19000   34.25500  
H    22.75200   19.50700   34.56300  
H    23.86100   19.93900   33.23800  
H    24.44400   20.06700   34.87000  
S    22.91800   21.88000   34.35100  
C    21.22900   21.61300   33.76900  
H    20.96300   22.63100   33.47400  
H    21.33300   21.02400   32.85400  
H    20.53800   21.23600   34.52800  
O    23.64600   22.52700   33.21400  
C    28.09600   16.98000   22.10200  
H    28.75500   17.84800   22.02000  
H    27.65600   16.68900   21.14400  
H    27.25000   17.32700   22.70200  
S    29.11800   15.77500   22.97700  
C    27.71600   14.63500   23.00800  
H    27.06000   14.85200   23.85400  
H    27.32500   14.58300   21.98900  
H    28.23100   13.70400   23.26100  
O    29.04000   16.30300   24.37600  
C    29.36500   17.81200   31.67600  
H    29.30600   17.22300   30.75700  
H    29.46200   17.06300   32.46700  
H    28.44600   18.35900   31.90300  
S    30.76700   18.95100   31.64100  
C    30.34400   19.77800   30.09200  
H    29.53200   20.49900   30.21400  
H    31.30500   20.20400   29.79300  
H    30.11400   18.98100   29.37900  
O    31.85900   17.96800   31.35100  
C    29.83800   22.18700   34.36600  
H    29.89900   23.15400   34.87200  
H    29.75500   21.27300   34.96000  
H    30.72400   22.08700   33.73500  
S    28.51600   22.33600   33.14300  
C    27.20200   22.23700   34.38000  
H    27.02600   23.21600   34.83400  
H    26.31700   21.83200   33.88400  
H    27.53100   21.53000   35.14600  
O    28.43100   20.97200   32.53200  
C    19.74400   21.90200   22.23300  
H    18.88600   21.79600   22.90200  
H    19.55800   22.29500   21.23000  
H    20.33400   20.98400   22.16200  
S    20.55600   23.28400   23.06700  
C    21.27900   22.25500   24.36500  
H    22.18100   21.76100   23.99600  
H    21.70300   22.88200   25.15300  
H    20.60700   21.43200   24.62200  
O    19.39500   23.82000   23.84400  
C    26.26400   16.74800   33.10500  
H    27.29800   17.07800   32.97100  
H    26.03400   15.83000   32.55700  
H    25.61200   17.60600   32.92300  
S    26.04000   16.26800   34.83200  
C    25.88000   14.49000   34.55500  
H    26.87200   14.07900   34.35300  
H    25.35200   14.06300   35.41200  
H    25.28100   14.21400   33.68300  
O    24.61800   16.70900   34.99300  
C    18.40300   13.06200   21.01400  
H    17.41400   12.81000   21.40700  
H    18.38600   12.99200   19.92300  
H    19.19400   12.51100   21.52800  
S    18.85200   14.79500   21.26100  
C    18.80900   14.83400   23.06700  
H    18.85900   15.88200   23.37400  
H    17.87100   14.41500   23.44000  
H    19.65600   14.29200   23.49500  
O    17.61000   15.49700   20.80700  
C    29.94500   15.09300   27.82400  
H    30.52800   14.35500   28.38100  
H    29.98000   15.06600   26.73200  
H    30.16000   16.09400   28.20800  
S    28.22800   14.69800   28.22500  
C    27.32700   15.97800   27.32200  
H    26.30100   15.85300   27.67600  
H    27.75000   16.96100   27.54200  
H    27.37700   15.66400   26.27600  
O    28.10400   15.18200   29.63600  
C    26.43000   21.61000   22.21200  
H    26.23300   20.54600   22.36100  
H    27.28700   21.93300   21.61600  
H    26.43300   22.01700   23.22700  
S    25.16900   22.47500   21.24900  
C    25.90100   24.12600   21.30100  
H    26.43700   24.48300   20.41800  
H    25.03400   24.76400   21.49400  
H    26.51300   24.11800   22.20600  
O    24.12900   22.39200   22.32200  
C    15.72900   13.31700   29.32800  
H    15.90700   13.12000   30.38800  
H    14.69400   13.65100   29.21700  
H    15.99100   12.56500   28.57900  
S    16.69800   14.77100   28.86800  
C    15.88400   16.10100   29.78100  
H    16.00500   15.79000   30.82100  
H    16.46000   17.00400   29.56100  
H    14.82200   16.08400   29.52500  
O    16.63400   14.90900   27.37900  
C    18.97100   18.59200   25.60900  
H    18.39300   19.22800   24.93300  
H    19.74600   19.25900   25.99400  
H    19.37500   17.71900   25.08900  
S    18.01200   17.92100   26.98600  
C    16.69100   17.54100   25.81300  
H    15.77800   17.30300   26.36400  
H    16.53200   18.49300   25.30000  
H    17.03600   16.76600   25.12400  
O    17.52400   19.13400   27.71400  
C    17.97200   18.98900   31.21300  
H    17.97100   18.35800   30.32000  
H    16.97700   19.38600   31.43300  
H    18.71900   19.78400   31.27300  
S    18.32700   17.85900   32.57800  
C    20.02800   17.54400   32.05800  
H    20.33200   16.52200   32.29900  
H    19.97600   17.72700   30.98200  
H    20.69300   18.23000   32.59000  
O    17.58400   16.63300   32.14700  
C    24.70100   15.78500   30.11800  
H    25.71600   15.40500   30.25700  
H    24.43500   15.64400   29.06700  
H    24.62800   16.84700   30.36600  
S    23.50200   14.90000   31.14100  
C    23.52500   13.34200   30.22600  
H    24.55300   12.97000   30.21600  
H    22.84100   12.69200   30.77800  
H    23.21900   13.57500   29.20300  
O    22.21000   15.52900   30.72000  
C    24.96500   22.00700   30.14700  
H    25.19900   21.98400   29.08000  
H    24.05400   22.55200   30.40600  
H    25.84500   22.52700   30.53400  
S    24.92900   20.36700   30.90700  
C    26.38300   19.67700   30.08600  
H    27.19000   20.27100   30.52100  
H    26.47100   18.64000   30.42100  
H    26.28100   19.80700   29.00500  
O    23.83200   19.50500   30.36300  
C    29.62600   18.82800   26.61800  
H    28.70300   18.91300   27.19700  
H    29.99100   17.79900   26.57500  
H    30.36000   19.42700   27.16400  
S    29.46800   19.45900   24.93300  
C    30.97600   18.64500   24.36000  
H    30.97700   18.81800   23.28100  
H    31.88700   19.18600   24.63100  
H    31.14100   17.62500   24.71700  
O    30.05100   20.83200   25.05400  
C    20.91300   12.22100   32.37300  
H    21.33800   13.22000   32.25000  
H    21.18300   11.81100   33.35000  
H    21.35100   11.49900   31.67900  
S    19.10700   12.16700   32.34200  
C    18.80700   13.80100   31.63200  
H    19.42600   14.59100   32.06600  
H    19.10900   13.76300   30.58300  
H    17.76000   14.09900   31.73300  
O    19.03600   12.47300   33.80500  
C    27.43200   19.25700   17.02600  
H    26.57300   18.93100   16.43300  
H    27.93300   20.15800   16.66500  
H    28.17900   18.46000   17.04700  
S    27.01900   19.45200   18.77400  
C    28.60600   20.09300   19.35200  
H    29.41600   19.41400   19.07200  
H    28.73200   21.12200   19.00600  
H    28.40400   20.05300   20.42500  
O    26.98000   18.03000   19.24100  
C    23.70000   25.62700   24.52500  
H    23.66200   26.66800   24.85800  
H    23.55600   25.49000   23.45100  
H    22.77200   25.25500   24.96600  
S    25.09800   24.75100   25.26100  
C    25.14900   25.56000   26.87600  
H    26.16600   25.90300   27.08500  
H    24.40700   26.35300   26.75500  
H    24.85700   24.81100   27.61600  
O    26.27900   25.18400   24.45000  
C    19.83200   11.44500   26.64000  
H    19.94900   10.35900   26.68400  
H    18.84700   11.61800   26.19900  
H    20.66300   11.94100   26.13300  
S    19.71700   12.10700   28.31800  
C    20.04300   13.81300   27.81900  
H    20.43600   14.39900   28.65300  
H    20.91700   13.81600   27.16100  
H    19.12600   14.22900   27.39400  
O    20.96200   11.57900   28.96100  
C    21.48900   23.46000   30.79800  
H    20.56200   23.36900   31.37000  
H    22.30200   22.82200   31.15400  
H    21.91000   24.46500   30.70800  
S    21.10400   23.11100   29.06700  
C    20.80900   21.35000   29.34200  
H    19.85700   21.26700   29.87300  
H    20.74400   20.88300   28.35600  
H    21.64500   20.94900   29.92000  
O    22.37300   23.18400   28.27500  
C    17.70500   22.66000   26.92500  
H    17.78000   21.77500   27.56300  
H    18.65400   22.87100   26.42500  
H    17.42400   23.52100   27.53500  
S    16.24200   22.29900   25.92800  
C    16.35200   23.59100   24.66800  
H    16.71100   24.49900   25.16000  
H    17.10900   23.23200   23.96600  
H    15.36700   23.49700   24.20400  
O    15.13400   22.48600   26.91700  
C    30.26700   23.57900   28.01600  
H    31.09500   23.30200   27.35800  
H    29.98800   24.63600   27.98100  
H    30.36900   23.25300   29.05400  
S    28.80100   22.72800   27.39000  
C    28.61700   23.68100   25.86600  
H    28.10700   23.18100   25.03900  
H    28.03800   24.54600   26.19800  
H    29.58500   24.01300   25.48100  
O    27.75100   23.40800   28.21300  
C    23.13500   12.73800   25.64700  
H    22.64300   12.48000   26.58800  
H    22.64500   12.44600   24.71500  
H    24.04200   12.13800   25.53500  
S    23.45900   14.51300   25.74300  
C    24.28200   14.63500   24.13900  
H    23.46600   14.58800   23.41400  
H    24.77500   15.59700   23.98000  
H    24.94400   13.79200   23.92600  
O    24.55600   14.48100   26.76100  
C    31.32900   24.69800   22.11500  
H    31.91800   24.38200   22.98000  
H    31.68400   24.42300   21.11900  
H    31.15500   25.77700   22.12700  
S    29.65400   24.07500   22.38000  
C    30.24000   22.36700   22.30900  
H    29.35600   21.72500   22.32500  
H    30.95600   22.30400   21.48600  
H    30.73900   22.16000   23.25800  
O    28.95000   23.94100   21.06600  
$end

$rem
JOBTYPE  SP
METHOD  B3LYP
BASIS  6-31+G(D)
SYMMETRY  FALSE
SYM_IGNORE  TRUE
MEM_TOTAL  12000
MEM_STATIC  4000
BASIS_LIN_DEP_THRESH  6
THRESH  14
SCF_CONVERGENCE  8
FD_MAT_VEC_PROD  FALSE
XC_GRID  000075000302
NL_GRID  1
MAX_SCF_CYCLES  200
SCF_GUESS  READ
GEN_SCFMAN  FALSE
SKIP_SCFMAN  TRUE
ESP_GRID  0
ESP_EFIELD  1
$end
