$molecule
0 1
--
0 1
C    29.52300   28.14300   25.79000  
C    28.21400   28.92300   26.00100  
C    26.97900   28.23800   25.39400  
C    26.85900   26.73600   25.70200  
C    28.16200   25.94900   25.49000  
C    29.38700   26.64500   26.10600  
H    26.15900   28.94600   25.56400  
H    28.07800   29.03600   27.08300  
H    29.91300   28.17900   24.76500  
H    30.33500   28.56000   26.39700  
H    26.62800   26.66400   26.77200  
H    26.11300   26.29800   25.02800  
H    28.03400   24.91800   25.84200  
H    28.37200   25.90400   24.41400  
H    29.35500   26.51900   27.19500  
H    30.28600   26.16000   25.70400  
H    27.14200   28.28000   24.31000  
N    28.40500   30.30400   25.56200  
H    28.84100   30.41000   24.65400  
C    28.30800   31.46400   26.30200  
H    28.72900   32.33800   25.77200  
O    27.72800   31.48000   27.37300  
--
0 1
C    26.73700   31.89600   21.18600  
H    26.15800   31.64400   20.29300  
H    26.08800   31.89200   22.06500  
H    27.30700   32.80600   20.98500  
S    27.79500   30.45500   21.44600  
C    26.48400   29.23900   21.70700  
H    25.92800   29.16800   20.76900  
H    26.90500   28.27800   22.01600  
H    25.75200   29.54800   22.45700  
O    28.29600   30.69900   22.83600  
C    33.29000   30.02500   23.56000  
H    32.93800   29.33500   22.78800  
H    32.35100   30.35200   24.01400  
H    33.79100   30.86600   23.07500  
S    34.33800   29.16400   24.75400  
C    35.54300   28.62600   23.51900  
H    34.97000   28.09600   22.75400  
H    35.99300   29.53300   23.10600  
H    36.34100   28.06800   24.01600  
O    33.54100   27.92500   25.01600  
C    28.76700   35.10400   24.55800  
H    28.57800   36.18000   24.59200  
H    28.48300   34.58500   25.47700  
H    29.79400   34.88700   24.25400  
S    27.60400   34.54200   23.29400  
C    27.49800   35.99900   22.23100  
H    27.05400   36.66800   22.97200  
H    28.44800   36.35400   21.82300  
H    26.71300   35.87700   21.48100  
O    26.31200   34.53500   24.05100  
C    31.26400   31.97200   21.74600  
H    31.94300   32.20100   22.57100  
H    30.66700   32.87200   21.57900  
H    30.64600   31.11300   22.02000  
S    32.07500   31.80900   20.13900  
C    30.80600   30.74700   19.41400  
H    30.88300   29.84000   20.01900  
H    29.90100   31.35400   19.50300  
H    31.09000   30.47900   18.39300  
O    33.09400   30.82900   20.63200  
C    32.73800   23.88400   30.89200  
H    33.73400   23.55500   31.19900  
H    31.96200   23.38600   31.47800  
H    32.54400   23.66800   29.83800  
S    32.64900   25.67300   31.13700  
C    33.19800   25.63900   32.85800  
H    33.06800   26.64600   33.26300  
H    32.62300   24.88700   33.40300  
H    34.26600   25.40600   32.84800  
O    31.19700   25.76600   31.49000  
C    32.16900   31.22400   27.15200  
H    33.08600   31.09500   27.73200  
H    31.31300   31.51600   27.76600  
H    31.84900   30.41600   26.48900  
S    32.35800   32.62200   26.02200  
C    32.16000   33.98300   27.19300  
H    33.03400   33.97700   27.84900  
H    32.02900   34.95100   26.70300  
H    31.20700   33.85300   27.71400  
O    31.10100   32.58200   25.21000  
C    29.99900   21.44400   28.55500  
H    30.60300   20.98000   27.77100  
H    30.75300   21.63700   29.32200  
H    29.25800   20.68900   28.82900  
S    29.00700   22.80700   27.90500  
C    28.55200   23.34400   29.57000  
H    27.70300   24.03100   29.57300  
H    28.27400   22.46200   30.15400  
H    29.47500   23.72400   30.01600  
O    27.71600   22.28400   27.35900  
C    24.26100   25.37500   30.77900  
H    23.95000   24.94300   31.73400  
H    25.10300   26.02800   31.02300  
H    23.50500   26.00200   30.29900  
S    24.83700   24.02500   29.72500  
C    25.45000   24.98300   28.32000  
H    24.59500   25.59500   28.02100  
H    26.21200   25.62500   28.76900  
H    25.72000   24.11100   27.72000  
O    23.61200   23.32200   29.22900  
C    28.20800   21.46900   23.36000  
H    27.87000   20.63300   22.74200  
H    27.71000   21.57300   24.32700  
H    28.07200   22.35700   22.73800  
S    29.98400   21.21100   23.56500  
C    30.47300   22.94400   23.71200  
H    31.56000   23.05900   23.74600  
H    29.94700   23.48700   22.92400  
H    30.16700   23.21900   24.72500  
O    30.21500   20.94700   22.11000  
C    22.05200   20.61400   27.10500  
H    21.96700   20.57900   26.01600  
H    21.31200   19.97600   27.59500  
H    21.85600   21.67900   27.25300  
S    23.65300   20.33400   27.89400  
C    24.77600   21.18800   26.76600  
H    25.75900   21.17400   27.24400  
H    24.76900   20.60700   25.84000  
H    24.40800   22.20700   26.61900  
O    24.12500   18.94100   27.61200  
C    29.83400   36.07500   30.09600  
H    30.75600   36.44700   30.55100  
H    29.11300   36.19000   30.91000  
H    29.93200   35.07600   29.66600  
S    29.25200   37.13200   28.75100  
C    27.98900   35.95200   28.22300  
H    28.42100   35.05000   27.78400  
H    27.44000   35.71200   29.13700  
H    27.40700   36.58900   27.55200  
O    30.31600   36.78500   27.75700  
C    22.68900   26.33700   25.37200  
H    22.14200   26.81700   24.55600  
H    22.47500   27.02800   26.19100  
H    23.75400   26.19900   25.17200  
S    21.91400   24.74600   25.74100  
C    22.23700   24.04000   24.11000  
H    23.30500   24.25600   24.03000  
H    22.10000   22.95800   24.03800  
H    21.62600   24.60400   23.40000  
O    20.46000   25.09500   25.81500  
C    25.19300   26.36600   20.23600  
H    24.55900   27.08200   19.70600  
H    26.02400   26.90000   20.70400  
H    25.51300   25.62300   19.50200  
S    24.12600   25.64200   21.50200  
C    23.46200   24.43600   20.33200  
H    22.65100   23.84800   20.77000  
H    23.07600   24.96100   19.45400  
H    24.23100   23.74200   19.98500  
O    23.08200   26.70900   21.62200  
C    25.31200   29.72700   28.98400  
H    26.33500   29.97200   28.68600  
H    25.25400   29.39000   30.02200  
H    24.99300   28.88100   28.37000  
S    24.31300   31.14600   28.48000  
C    24.87300   32.18000   29.85200  
H    25.96500   32.18200   29.82600  
H    24.65100   33.18100   29.47400  
H    24.33900   31.92500   30.77100  
O    22.88400   30.78000   28.73700  
C    30.68700   26.39600   19.85300  
H    31.12300   25.41000   20.03200  
H    29.82100   26.24000   19.20500  
H    31.41500   27.08000   19.40900  
S    30.21500   27.17700   21.41300  
C    31.68600   26.61500   22.29900  
H    31.56900   26.84700   23.36100  
H    31.76500   25.54700   22.08000  
H    32.59300   27.15500   22.01500  
O    29.22300   26.26800   22.06800  
C    34.79700   24.85600   25.74600  
H    35.15100   24.03400   25.11800  
H    34.68300   25.75400   25.13300  
H    35.49900   24.94200   26.58000  
S    33.11800   24.57600   26.35300  
C    33.17200   25.84700   27.63800  
H    33.33700   26.85700   27.25500  
H    32.17000   25.72500   28.05700  
H    33.90100   25.56400   28.40200  
O    33.06700   23.27900   27.09900  
C    25.12300   31.56600   24.75200  
H    25.72900   32.26100   24.16600  
H    25.30400   31.66800   25.82500  
H    25.44300   30.56200   24.46300  
S    23.36800   31.62300   24.32300  
C    22.88700   30.19000   25.31300  
H    23.79900   29.72800   25.70000  
H    22.21800   30.41700   26.14600  
H    22.32800   29.48100   24.69700  
O    23.31400   31.09800   22.92100  
C    24.81300   34.58300   26.81400  
H    24.73600   35.10100   27.77300  
H    24.44800   33.56200   26.94300  
H    25.87100   34.53200   26.54300  
S    23.83400   35.35000   25.50300  
C    24.36300   37.06400   25.72400  
H    23.73800   37.69300   25.08600  
H    24.18700   37.28900   26.77900  
H    25.43300   37.05500   25.50000  
O    22.41300   35.32400   25.97100  
C    33.33700   35.77300   21.40600  
H    33.08500   34.71300   21.49500  
H    32.94900   36.20400   20.48000  
H    34.40100   35.99500   21.52600  
S    32.49000   36.78100   22.64400  
C    32.57800   35.52300   23.93900  
H    33.56500   35.31100   24.35700  
H    31.90300   35.88700   24.71700  
H    32.12500   34.63100   23.49900  
O    31.08000   36.68000   22.15300  
C    28.34800   31.72900   31.10100  
H    27.90900   32.65700   31.47800  
H    28.49700   31.89700   30.03200  
H    27.66800   30.88900   31.26200  
S    29.97600   31.52600   31.85800  
C    29.36900   31.69100   33.55200  
H    29.02900   32.71900   33.70200  
H    28.53000   30.99700   33.64200  
H    30.15700   31.29700   34.19900  
O    30.80400   32.76500   31.71500  
C    23.12700   20.40700   21.17200  
H    23.30300   19.48100   20.61800  
H    22.15800   20.32800   21.67100  
H    23.14100   21.23900   20.46300  
S    24.56900   20.74600   22.20700  
C    24.15100   19.41300   23.35300  
H    25.00000   19.25400   24.02300  
H    23.22400   19.58100   23.90600  
H    24.02800   18.47000   22.81400  
O    24.11000   21.95800   22.95600  
C    28.30200   27.74600   31.77200  
H    27.92000   28.74700   31.55600  
H    27.46800   27.16300   32.17300  
H    29.25200   27.80000   32.31000  
S    28.72700   27.17000   30.11300  
C    29.82700   28.55400   29.74100  
H    30.74000   28.49600   30.33800  
H    30.08700   28.36900   28.69600  
H    29.36000   29.53700   29.84700  
O    27.56800   27.58400   29.26100  
C    28.27800   23.46700   20.07300  
H    27.93100   24.33400   20.64100  
H    29.16900   23.02300   20.52400  
H    28.39700   23.76200   19.02700  
S    27.05400   22.13900   20.04000  
C    27.96100   20.85200   19.15200  
H    28.80300   20.60000   19.80100  
H    27.29600   19.98500   19.10900  
H    28.33800   21.16300   18.17500  
O    26.12000   22.64400   18.98400  
C    34.00600   31.31500   30.75200  
H    33.10800   31.93600   30.78700  
H    34.76200   31.65200   31.46600  
H    34.35900   31.09200   29.74200  
S    33.44700   29.77400   31.51300  
C    33.28600   30.47500   33.17000  
H    32.46400   31.19500   33.19400  
H    32.93500   29.63500   33.77600  
H    34.24300   30.85800   33.53400  
O    34.75100   29.05400   31.66700  
C    24.75000   34.97200   31.97700  
H    23.91500   35.01900   32.68100  
H    24.46200   35.52700   31.08000  
H    25.04100   33.95800   31.69200  
S    26.24800   35.62900   32.74600  
C    26.19500   37.28300   32.02000  
H    25.91000   37.22400   30.96700  
H    25.43500   37.82400   32.58900  
H    27.19200   37.71800   32.12500  
O    27.22200   34.95300   31.83200  
$end

$rem
JOBTYPE  SP
METHOD  B3LYP
BASIS  6-31+G(D)
SYMMETRY  FALSE
SYM_IGNORE  TRUE
MEM_TOTAL  16000
MEM_STATIC  8000
MAX_SUB_FILE_NUM  16000
BASIS_LIN_DEP_THRESH  6
THRESH  14
SCF_CONVERGENCE  8
GEN_SCFMAN  TRUE
SCF_GUESS  SAD
FD_MAT_VEC_PROD  FALSE
XC_GRID  000075000302
NL_GRID  1
MAX_SCF_CYCLES  200
ENV_METHOD  B3LYP
GEN_SCFMAN_EMBED  TRUE
SPADE_PARTITION  TRUE
$end

$development
embedding_early_stop  1
$end

@@@

$molecule
0 1
@C    29.52300   28.14300   25.79000  
@C    28.21400   28.92300   26.00100  
@C    26.97900   28.23800   25.39400  
@C    26.85900   26.73600   25.70200  
@C    28.16200   25.94900   25.49000  
@C    29.38700   26.64500   26.10600  
@H    26.15900   28.94600   25.56400  
@H    28.07800   29.03600   27.08300  
@H    29.91300   28.17900   24.76500  
@H    30.33500   28.56000   26.39700  
@H    26.62800   26.66400   26.77200  
@H    26.11300   26.29800   25.02800  
@H    28.03400   24.91800   25.84200  
@H    28.37200   25.90400   24.41400  
@H    29.35500   26.51900   27.19500  
@H    30.28600   26.16000   25.70400  
@H    27.14200   28.28000   24.31000  
@N    28.40500   30.30400   25.56200  
@H    28.84100   30.41000   24.65400  
@C    28.30800   31.46400   26.30200  
@H    28.72900   32.33800   25.77200  
@O    27.72800   31.48000   27.37300  
C    26.73700   31.89600   21.18600  
H    26.15800   31.64400   20.29300  
H    26.08800   31.89200   22.06500  
H    27.30700   32.80600   20.98500  
S    27.79500   30.45500   21.44600  
C    26.48400   29.23900   21.70700  
H    25.92800   29.16800   20.76900  
H    26.90500   28.27800   22.01600  
H    25.75200   29.54800   22.45700  
O    28.29600   30.69900   22.83600  
C    33.29000   30.02500   23.56000  
H    32.93800   29.33500   22.78800  
H    32.35100   30.35200   24.01400  
H    33.79100   30.86600   23.07500  
S    34.33800   29.16400   24.75400  
C    35.54300   28.62600   23.51900  
H    34.97000   28.09600   22.75400  
H    35.99300   29.53300   23.10600  
H    36.34100   28.06800   24.01600  
O    33.54100   27.92500   25.01600  
C    28.76700   35.10400   24.55800  
H    28.57800   36.18000   24.59200  
H    28.48300   34.58500   25.47700  
H    29.79400   34.88700   24.25400  
S    27.60400   34.54200   23.29400  
C    27.49800   35.99900   22.23100  
H    27.05400   36.66800   22.97200  
H    28.44800   36.35400   21.82300  
H    26.71300   35.87700   21.48100  
O    26.31200   34.53500   24.05100  
C    31.26400   31.97200   21.74600  
H    31.94300   32.20100   22.57100  
H    30.66700   32.87200   21.57900  
H    30.64600   31.11300   22.02000  
S    32.07500   31.80900   20.13900  
C    30.80600   30.74700   19.41400  
H    30.88300   29.84000   20.01900  
H    29.90100   31.35400   19.50300  
H    31.09000   30.47900   18.39300  
O    33.09400   30.82900   20.63200  
C    32.73800   23.88400   30.89200  
H    33.73400   23.55500   31.19900  
H    31.96200   23.38600   31.47800  
H    32.54400   23.66800   29.83800  
S    32.64900   25.67300   31.13700  
C    33.19800   25.63900   32.85800  
H    33.06800   26.64600   33.26300  
H    32.62300   24.88700   33.40300  
H    34.26600   25.40600   32.84800  
O    31.19700   25.76600   31.49000  
C    32.16900   31.22400   27.15200  
H    33.08600   31.09500   27.73200  
H    31.31300   31.51600   27.76600  
H    31.84900   30.41600   26.48900  
S    32.35800   32.62200   26.02200  
C    32.16000   33.98300   27.19300  
H    33.03400   33.97700   27.84900  
H    32.02900   34.95100   26.70300  
H    31.20700   33.85300   27.71400  
O    31.10100   32.58200   25.21000  
C    29.99900   21.44400   28.55500  
H    30.60300   20.98000   27.77100  
H    30.75300   21.63700   29.32200  
H    29.25800   20.68900   28.82900  
S    29.00700   22.80700   27.90500  
C    28.55200   23.34400   29.57000  
H    27.70300   24.03100   29.57300  
H    28.27400   22.46200   30.15400  
H    29.47500   23.72400   30.01600  
O    27.71600   22.28400   27.35900  
C    24.26100   25.37500   30.77900  
H    23.95000   24.94300   31.73400  
H    25.10300   26.02800   31.02300  
H    23.50500   26.00200   30.29900  
S    24.83700   24.02500   29.72500  
C    25.45000   24.98300   28.32000  
H    24.59500   25.59500   28.02100  
H    26.21200   25.62500   28.76900  
H    25.72000   24.11100   27.72000  
O    23.61200   23.32200   29.22900  
C    28.20800   21.46900   23.36000  
H    27.87000   20.63300   22.74200  
H    27.71000   21.57300   24.32700  
H    28.07200   22.35700   22.73800  
S    29.98400   21.21100   23.56500  
C    30.47300   22.94400   23.71200  
H    31.56000   23.05900   23.74600  
H    29.94700   23.48700   22.92400  
H    30.16700   23.21900   24.72500  
O    30.21500   20.94700   22.11000  
C    22.05200   20.61400   27.10500  
H    21.96700   20.57900   26.01600  
H    21.31200   19.97600   27.59500  
H    21.85600   21.67900   27.25300  
S    23.65300   20.33400   27.89400  
C    24.77600   21.18800   26.76600  
H    25.75900   21.17400   27.24400  
H    24.76900   20.60700   25.84000  
H    24.40800   22.20700   26.61900  
O    24.12500   18.94100   27.61200  
C    29.83400   36.07500   30.09600  
H    30.75600   36.44700   30.55100  
H    29.11300   36.19000   30.91000  
H    29.93200   35.07600   29.66600  
S    29.25200   37.13200   28.75100  
C    27.98900   35.95200   28.22300  
H    28.42100   35.05000   27.78400  
H    27.44000   35.71200   29.13700  
H    27.40700   36.58900   27.55200  
O    30.31600   36.78500   27.75700  
C    22.68900   26.33700   25.37200  
H    22.14200   26.81700   24.55600  
H    22.47500   27.02800   26.19100  
H    23.75400   26.19900   25.17200  
S    21.91400   24.74600   25.74100  
C    22.23700   24.04000   24.11000  
H    23.30500   24.25600   24.03000  
H    22.10000   22.95800   24.03800  
H    21.62600   24.60400   23.40000  
O    20.46000   25.09500   25.81500  
C    25.19300   26.36600   20.23600  
H    24.55900   27.08200   19.70600  
H    26.02400   26.90000   20.70400  
H    25.51300   25.62300   19.50200  
S    24.12600   25.64200   21.50200  
C    23.46200   24.43600   20.33200  
H    22.65100   23.84800   20.77000  
H    23.07600   24.96100   19.45400  
H    24.23100   23.74200   19.98500  
O    23.08200   26.70900   21.62200  
C    25.31200   29.72700   28.98400  
H    26.33500   29.97200   28.68600  
H    25.25400   29.39000   30.02200  
H    24.99300   28.88100   28.37000  
S    24.31300   31.14600   28.48000  
C    24.87300   32.18000   29.85200  
H    25.96500   32.18200   29.82600  
H    24.65100   33.18100   29.47400  
H    24.33900   31.92500   30.77100  
O    22.88400   30.78000   28.73700  
C    30.68700   26.39600   19.85300  
H    31.12300   25.41000   20.03200  
H    29.82100   26.24000   19.20500  
H    31.41500   27.08000   19.40900  
S    30.21500   27.17700   21.41300  
C    31.68600   26.61500   22.29900  
H    31.56900   26.84700   23.36100  
H    31.76500   25.54700   22.08000  
H    32.59300   27.15500   22.01500  
O    29.22300   26.26800   22.06800  
C    34.79700   24.85600   25.74600  
H    35.15100   24.03400   25.11800  
H    34.68300   25.75400   25.13300  
H    35.49900   24.94200   26.58000  
S    33.11800   24.57600   26.35300  
C    33.17200   25.84700   27.63800  
H    33.33700   26.85700   27.25500  
H    32.17000   25.72500   28.05700  
H    33.90100   25.56400   28.40200  
O    33.06700   23.27900   27.09900  
C    25.12300   31.56600   24.75200  
H    25.72900   32.26100   24.16600  
H    25.30400   31.66800   25.82500  
H    25.44300   30.56200   24.46300  
S    23.36800   31.62300   24.32300  
C    22.88700   30.19000   25.31300  
H    23.79900   29.72800   25.70000  
H    22.21800   30.41700   26.14600  
H    22.32800   29.48100   24.69700  
O    23.31400   31.09800   22.92100  
C    24.81300   34.58300   26.81400  
H    24.73600   35.10100   27.77300  
H    24.44800   33.56200   26.94300  
H    25.87100   34.53200   26.54300  
S    23.83400   35.35000   25.50300  
C    24.36300   37.06400   25.72400  
H    23.73800   37.69300   25.08600  
H    24.18700   37.28900   26.77900  
H    25.43300   37.05500   25.50000  
O    22.41300   35.32400   25.97100  
C    33.33700   35.77300   21.40600  
H    33.08500   34.71300   21.49500  
H    32.94900   36.20400   20.48000  
H    34.40100   35.99500   21.52600  
S    32.49000   36.78100   22.64400  
C    32.57800   35.52300   23.93900  
H    33.56500   35.31100   24.35700  
H    31.90300   35.88700   24.71700  
H    32.12500   34.63100   23.49900  
O    31.08000   36.68000   22.15300  
C    28.34800   31.72900   31.10100  
H    27.90900   32.65700   31.47800  
H    28.49700   31.89700   30.03200  
H    27.66800   30.88900   31.26200  
S    29.97600   31.52600   31.85800  
C    29.36900   31.69100   33.55200  
H    29.02900   32.71900   33.70200  
H    28.53000   30.99700   33.64200  
H    30.15700   31.29700   34.19900  
O    30.80400   32.76500   31.71500  
C    23.12700   20.40700   21.17200  
H    23.30300   19.48100   20.61800  
H    22.15800   20.32800   21.67100  
H    23.14100   21.23900   20.46300  
S    24.56900   20.74600   22.20700  
C    24.15100   19.41300   23.35300  
H    25.00000   19.25400   24.02300  
H    23.22400   19.58100   23.90600  
H    24.02800   18.47000   22.81400  
O    24.11000   21.95800   22.95600  
C    28.30200   27.74600   31.77200  
H    27.92000   28.74700   31.55600  
H    27.46800   27.16300   32.17300  
H    29.25200   27.80000   32.31000  
S    28.72700   27.17000   30.11300  
C    29.82700   28.55400   29.74100  
H    30.74000   28.49600   30.33800  
H    30.08700   28.36900   28.69600  
H    29.36000   29.53700   29.84700  
O    27.56800   27.58400   29.26100  
C    28.27800   23.46700   20.07300  
H    27.93100   24.33400   20.64100  
H    29.16900   23.02300   20.52400  
H    28.39700   23.76200   19.02700  
S    27.05400   22.13900   20.04000  
C    27.96100   20.85200   19.15200  
H    28.80300   20.60000   19.80100  
H    27.29600   19.98500   19.10900  
H    28.33800   21.16300   18.17500  
O    26.12000   22.64400   18.98400  
C    34.00600   31.31500   30.75200  
H    33.10800   31.93600   30.78700  
H    34.76200   31.65200   31.46600  
H    34.35900   31.09200   29.74200  
S    33.44700   29.77400   31.51300  
C    33.28600   30.47500   33.17000  
H    32.46400   31.19500   33.19400  
H    32.93500   29.63500   33.77600  
H    34.24300   30.85800   33.53400  
O    34.75100   29.05400   31.66700  
C    24.75000   34.97200   31.97700  
H    23.91500   35.01900   32.68100  
H    24.46200   35.52700   31.08000  
H    25.04100   33.95800   31.69200  
S    26.24800   35.62900   32.74600  
C    26.19500   37.28300   32.02000  
H    25.91000   37.22400   30.96700  
H    25.43500   37.82400   32.58900  
H    27.19200   37.71800   32.12500  
O    27.22200   34.95300   31.83200  
$end

$rem
JOBTYPE  SP
METHOD  B3LYP
BASIS  6-31+G(D)
SYMMETRY  FALSE
SYM_IGNORE  TRUE
MEM_TOTAL  16000
MEM_STATIC  8000
MAX_SUB_FILE_NUM  16000
BASIS_LIN_DEP_THRESH  6
THRESH  14
SCF_CONVERGENCE  8
GEN_SCFMAN  FALSE
SCF_GUESS  READ
FD_MAT_VEC_PROD  FALSE
XC_GRID  000075000302
NL_GRID  1
MAX_SCF_CYCLES  200
SKIP_SCFMAN  TRUE
ESP_GRID  0
ESP_EFIELD  1
$end
