$molecule
0 1
--
0 1
C    19.82700   20.34100   28.08000  
C    20.42600   18.95500   27.78900  
C    20.63000   18.50800   26.33300  
C    21.32200   19.62600   25.53500  
C    20.58500   20.95800   25.75100  
C    20.58000   21.37700   27.23000  
H    21.20900   17.57800   26.27400  
H    21.43400   19.00700   28.22100  
H    18.74900   20.30800   27.88100  
H    19.98500   20.54900   29.14500  
H    22.38300   19.71200   25.80000  
H    21.39300   19.33400   24.48000  
H    21.11500   21.79100   25.27300  
H    19.56700   20.87100   25.35000  
H    21.62000   21.56300   27.52700  
H    20.02600   22.32000   27.30700  
H    19.63800   18.26800   25.93000  
N    19.70800   17.83800   28.40000  
H    19.05200   17.28100   27.86600  
C    19.83700   17.51900   29.73500  
H    19.09300   16.74900   30.01200  
O    20.71100   18.00200   30.43200  
--
0 1
C    17.21600   20.10700   19.45500  
H    18.10200   20.26300   18.83500  
H    17.53000   19.61600   20.38000  
H    16.35500   19.63900   18.97000  
S    16.88400   21.85000   19.79600  
C    16.53100   22.41800   18.11800  
H    16.74900   23.48600   18.03600  
H    17.07000   21.89200   17.32600  
H    15.44400   22.34000   18.02300  
O    18.18700   22.51400   20.11800  
C    18.09800   29.22900   31.69800  
H    17.06500   29.43000   31.99500  
H    18.59300   28.88700   32.61100  
H    18.46400   30.24000   31.50100  
S    18.20400   28.15700   30.24700  
C    18.59700   26.65100   31.16500  
H    17.81400   26.44000   31.89800  
H    18.59500   25.79700   30.48300  
H    19.56500   26.66200   31.67200  
O    19.47500   28.60700   29.59600  
C    26.12500   19.53100   26.41400  
H    25.49500   19.74400   25.54700  
H    26.22800   18.44800   26.51800  
H    25.74300   19.96100   27.34300  
S    27.76000   20.25000   26.13900  
C    28.46800   20.04300   27.78900  
H    27.65100   20.13500   28.50900  
H    28.93600   19.06400   27.91100  
H    29.15300   20.87500   27.97100  
O    27.64000   21.74000   26.22000  
C    21.22100   15.15600   31.68500  
H    20.54800   15.90600   32.10900  
H    21.74200   14.69200   32.52700  
H    21.93100   15.69700   31.05400  
S    20.38000   13.99900   30.58200  
C    19.84500   12.79400   31.81700  
H    20.63500   12.64900   32.55900  
H    18.99400   13.19200   32.37600  
H    19.59400   11.88500   31.26400  
O    21.59000   13.45500   29.88700  
C    17.81100   19.66100   31.99600  
H    17.59600   18.69000   32.45000  
H    17.99300   19.62800   30.91900  
H    18.66400   20.08000   32.53700  
S    16.37600   20.70900   32.32200  
C    16.52100   20.74200   34.12300  
H    15.50300   20.97700   34.44200  
H    16.83100   19.74800   34.45900  
H    17.25600   21.50300   34.39800  
O    15.22600   19.76700   32.14100  
C    13.84100   16.01600   26.43900  
H    13.86200   15.70800   25.39100  
H    12.79300   16.19900   26.68900  
H    14.38300   16.95000   26.60800  
S    14.49600   14.63600   27.40500  
C    13.23200   13.44800   26.89900  
H    13.38500   12.49100   27.40500  
H    12.22000   13.85400   26.98000  
H    13.51800   13.27400   25.85900  
O    14.11900   15.04200   28.79600  
C    15.95600   18.14200   29.10300  
H    16.94400   18.60300   29.02700  
H    16.06200   17.72500   30.10800  
H    15.87000   17.42200   28.28600  
S    14.63700   19.35800   28.88300  
C    13.29400   18.44400   29.67300  
H    12.29500   18.88700   29.65300  
H    13.21600   17.40900   29.32900  
H    13.67400   18.43800   30.69700  
O    14.46400   19.31400   27.39700  
C    21.65700   15.33600   21.88500  
H    22.33000   15.82900   22.59200  
H    21.96300   14.32900   21.58900  
H    21.67900   15.88000   20.93700  
S    20.07200   15.10700   22.72200  
C    20.29400   16.62800   23.67200  
H    20.41200   17.38400   22.89100  
H    19.36400   16.68000   24.24400  
H    21.11200   16.61700   24.39700  
O    20.21900   13.93600   23.64400  
C    23.34400   23.11600   28.95600  
H    23.45800   23.32600   27.89000  
H    23.17000   22.04100   29.04700  
H    22.57400   23.70600   29.46200  
S    24.92200   23.59600   29.69400  
C    25.94200   22.30900   28.94100  
H    25.74700   22.52200   27.88700  
H    26.98800   22.53200   29.16600  
H    25.61500   21.31000   29.24300  
O    24.76900   23.17400   31.12200  
C    25.34500   15.00500   30.43800  
H    25.58700   16.07100   30.45400  
H    25.97600   14.50400   29.69900  
H    24.30100   14.85300   30.15300  
S    25.39800   14.47300   32.16300  
C    24.79900   12.79700   31.84700  
H    25.60900   12.09000   31.65300  
H    24.30800   12.55100   32.79200  
H    24.19800   12.87400   30.93800  
O    24.27800   15.15300   32.88800  
C    21.60700   22.71500   34.91000  
H    21.24300   22.18000   35.79000  
H    22.53400   22.23500   34.58600  
H    21.81700   23.76300   35.14100  
S    20.47300   22.79100   33.50500  
C    21.36700   24.03600   32.54600  
H    22.36800   23.64600   32.34500  
H    20.81000   24.16200   31.61400  
H    21.42200   25.02000   33.01900  
O    19.28600   23.48800   34.09400  
C    20.76100   25.77700   27.02400  
H    20.72800   26.16600   26.00300  
H    20.83700   24.68700   27.03000  
H    19.81000   26.01300   27.50900  
S    22.11900   26.48600   27.98200  
C    22.09100   28.14300   27.26100  
H    22.03000   28.08600   26.17200  
H    21.22200   28.65500   27.68300  
H    22.97500   28.66600   27.63400  
O    23.38800   26.02400   27.33800  
C    16.01200   14.71600   31.07900  
H    16.12800   15.62500   30.48400  
H    16.87000   14.15300   30.70200  
H    15.05500   14.21300   30.91500  
S    16.48300   14.98400   32.80300  
C    15.21000   16.23500   33.08900  
H    15.38600   17.01600   32.34500  
H    14.18500   15.85700   33.09000  
H    15.41300   16.52800   34.12200  
O    17.68000   15.87600   32.69600  
C    24.08600   20.27800   31.38300  
H    24.91700   20.82400   31.83700  
H    23.75500   20.73000   30.44500  
H    23.28500   20.22400   32.12500  
S    24.65600   18.57000   31.23100  
C    25.37800   18.44400   32.88300  
H    24.58300   18.30200   33.61900  
H    25.95900   17.52900   33.02700  
H    26.03600   19.30400   33.03500  
O    25.86100   18.81800   30.37800  
C    15.31500   15.69800   22.88600  
H    15.60000   15.97400   23.90500  
H    15.77700   16.31800   22.11300  
H    14.23200   15.65700   22.75000  
S    16.01500   14.03900   22.73900  
C    15.16900   13.62900   21.19600  
H    15.05600   12.54200   21.21100  
H    14.18800   14.10900   21.14900  
H    15.85500   13.98900   20.42500  
O    15.23500   13.12500   23.63200  
C    19.72400   18.77900   35.09200  
H    19.13800   19.67600   34.88000  
H    18.99800   17.96900   35.20200  
H    20.24000   18.99300   36.03100  
S    21.03700   18.50800   33.88100  
C    21.62500   16.94800   34.57900  
H    20.97800   16.11700   34.28500  
H    22.69200   16.85000   34.36500  
H    21.60000   17.00500   35.67000  
O    22.13000   19.46800   34.23100  
C    23.39900   26.25100   22.11500  
H    23.78400   26.87500   22.92500  
H    22.95800   25.32500   22.49300  
H    24.08900   26.11500   21.27800  
S    21.91100   27.01700   21.43400  
C    20.73800   26.69500   22.77100  
H    19.79100   26.96500   22.29800  
H    20.87000   25.67800   23.14900  
H    20.75300   27.50400   23.50500  
O    21.41300   26.05100   20.40500  
C    24.05900   18.75600   21.38000  
H    24.35600   19.62700   21.97000  
H    23.69000   18.99400   20.37900  
H    23.22500   18.18700   21.80000  
S    25.44100   17.60100   21.23100  
C    25.59300   17.13300   22.97000  
H    24.56600   16.90900   23.27000  
H    26.21100   16.24500   23.12500  
H    25.86400   18.05100   23.49700  
O    26.62600   18.42800   20.84200  
C    20.94500   20.82800   20.23600  
H    20.95000   19.74100   20.13000  
H    20.10500   21.22200   19.65700  
H    21.87600   21.29300   19.90300  
S    20.76400   21.14700   22.00500  
C    21.09100   22.92300   21.93000  
H    21.87200   23.23600   21.23300  
H    20.18800   23.53300   21.84900  
H    21.51200   23.16400   22.90900  
O    22.12700   20.78700   22.51100  
C    24.56000   22.49500   24.50400  
H    24.73200   21.87200   25.38600  
H    23.76100   23.24000   24.51200  
H    24.24300   21.75200   23.76700  
S    26.05800   23.24200   23.82500  
C    26.03600   24.45500   25.16500  
H    26.41200   23.93400   26.04900  
H    26.67400   25.29600   24.88200  
H    25.03500   24.81200   25.42100  
O    25.64500   24.01100   22.60900  
C    23.65100   17.00400   27.96700  
H    23.32100   17.98500   27.61700  
H    23.01600   16.70400   28.80500  
H    24.66800   17.03800   28.36700  
S    23.46100   15.69600   26.73500  
C    25.22900   15.36700   26.55000  
H    25.67200   14.91500   27.44100  
H    25.32500   14.71200   25.68000  
H    25.77400   16.30000   26.39200  
O    23.24600   16.50100   25.49200  
C    17.08400   23.75600   22.61800  
H    17.78700   24.40100   22.08500  
H    17.51200   22.75100   22.56600  
H    16.15400   23.81900   22.04700  
S    16.60700   24.25100   24.28900  
C    18.10800   23.86300   25.21700  
H    18.83500   24.56400   24.79900  
H    17.98200   24.27400   26.22200  
H    18.34400   22.79700   25.25600  
O    15.65800   23.14700   24.63900  
C    20.17400   14.24200   26.99700  
H    20.02600   14.45800   25.93600  
H    20.74700   14.98100   27.56300  
H    20.61800   13.27900   27.26000  
S    18.53900   14.15100   27.76300  
C    17.71400   13.52100   26.28400  
H    16.75400   13.02200   26.44200  
H    17.69600   14.25800   25.47700  
H    18.38000   12.70600   25.99000  
O    18.07900   15.56900   27.62600  
C    16.36900   22.63000   28.24500  
H    15.49400   22.04600   28.54200  
H    16.00000   23.59800   27.89500  
H    16.89400   22.13700   27.42300  
S    17.53800   22.88800   29.59800  
C    16.42900   23.68600   30.78200  
H    15.48400   23.16700   30.95800  
H    16.81200   23.95000   31.77100  
H    16.21400   24.66300   30.34300  
O    18.47300   23.92900   29.06700  
C    16.98100   18.17000   25.55800  
H    16.02800   17.64800   25.43700  
H    17.73200   17.39500   25.73100  
H    16.86000   18.88600   26.37600  
S    17.17200   18.99500   23.96100  
C    15.51700   19.64100   23.63100  
H    15.45900   20.60900   24.13600  
H    15.52000   19.77700   22.54700  
H    14.69700   18.99500   23.95300  
O    17.26600   17.87000   22.97800  
$end

$rem
JOBTYPE  SP
METHOD  B3LYP
BASIS  6-31+G(D)
SYMMETRY  FALSE
SYM_IGNORE  TRUE
MEM_TOTAL  12000
MEM_STATIC  4000
BASIS_LIN_DEP_THRESH  6
THRESH  14
SCF_CONVERGENCE  8
FD_MAT_VEC_PROD  FALSE
XC_GRID  000075000302
NL_GRID  1
MAX_SCF_CYCLES  200
ENV_METHOD  B3LYP
GEN_SCFMAN_EMBED  TRUE
SPADE_PARTITION  TRUE
EMBEDDING_EARLY_STOP  TRUE
$end

@@@

$molecule
0 1
@C    19.82700   20.34100   28.08000  
@C    20.42600   18.95500   27.78900  
@C    20.63000   18.50800   26.33300  
@C    21.32200   19.62600   25.53500  
@C    20.58500   20.95800   25.75100  
@C    20.58000   21.37700   27.23000  
@H    21.20900   17.57800   26.27400  
@H    21.43400   19.00700   28.22100  
@H    18.74900   20.30800   27.88100  
@H    19.98500   20.54900   29.14500  
@H    22.38300   19.71200   25.80000  
@H    21.39300   19.33400   24.48000  
@H    21.11500   21.79100   25.27300  
@H    19.56700   20.87100   25.35000  
@H    21.62000   21.56300   27.52700  
@H    20.02600   22.32000   27.30700  
@H    19.63800   18.26800   25.93000  
@N    19.70800   17.83800   28.40000  
@H    19.05200   17.28100   27.86600  
@C    19.83700   17.51900   29.73500  
@H    19.09300   16.74900   30.01200  
@O    20.71100   18.00200   30.43200  
C    17.21600   20.10700   19.45500  
H    18.10200   20.26300   18.83500  
H    17.53000   19.61600   20.38000  
H    16.35500   19.63900   18.97000  
S    16.88400   21.85000   19.79600  
C    16.53100   22.41800   18.11800  
H    16.74900   23.48600   18.03600  
H    17.07000   21.89200   17.32600  
H    15.44400   22.34000   18.02300  
O    18.18700   22.51400   20.11800  
C    18.09800   29.22900   31.69800  
H    17.06500   29.43000   31.99500  
H    18.59300   28.88700   32.61100  
H    18.46400   30.24000   31.50100  
S    18.20400   28.15700   30.24700  
C    18.59700   26.65100   31.16500  
H    17.81400   26.44000   31.89800  
H    18.59500   25.79700   30.48300  
H    19.56500   26.66200   31.67200  
O    19.47500   28.60700   29.59600  
C    26.12500   19.53100   26.41400  
H    25.49500   19.74400   25.54700  
H    26.22800   18.44800   26.51800  
H    25.74300   19.96100   27.34300  
S    27.76000   20.25000   26.13900  
C    28.46800   20.04300   27.78900  
H    27.65100   20.13500   28.50900  
H    28.93600   19.06400   27.91100  
H    29.15300   20.87500   27.97100  
O    27.64000   21.74000   26.22000  
C    21.22100   15.15600   31.68500  
H    20.54800   15.90600   32.10900  
H    21.74200   14.69200   32.52700  
H    21.93100   15.69700   31.05400  
S    20.38000   13.99900   30.58200  
C    19.84500   12.79400   31.81700  
H    20.63500   12.64900   32.55900  
H    18.99400   13.19200   32.37600  
H    19.59400   11.88500   31.26400  
O    21.59000   13.45500   29.88700  
C    17.81100   19.66100   31.99600  
H    17.59600   18.69000   32.45000  
H    17.99300   19.62800   30.91900  
H    18.66400   20.08000   32.53700  
S    16.37600   20.70900   32.32200  
C    16.52100   20.74200   34.12300  
H    15.50300   20.97700   34.44200  
H    16.83100   19.74800   34.45900  
H    17.25600   21.50300   34.39800  
O    15.22600   19.76700   32.14100  
C    13.84100   16.01600   26.43900  
H    13.86200   15.70800   25.39100  
H    12.79300   16.19900   26.68900  
H    14.38300   16.95000   26.60800  
S    14.49600   14.63600   27.40500  
C    13.23200   13.44800   26.89900  
H    13.38500   12.49100   27.40500  
H    12.22000   13.85400   26.98000  
H    13.51800   13.27400   25.85900  
O    14.11900   15.04200   28.79600  
C    15.95600   18.14200   29.10300  
H    16.94400   18.60300   29.02700  
H    16.06200   17.72500   30.10800  
H    15.87000   17.42200   28.28600  
S    14.63700   19.35800   28.88300  
C    13.29400   18.44400   29.67300  
H    12.29500   18.88700   29.65300  
H    13.21600   17.40900   29.32900  
H    13.67400   18.43800   30.69700  
O    14.46400   19.31400   27.39700  
C    21.65700   15.33600   21.88500  
H    22.33000   15.82900   22.59200  
H    21.96300   14.32900   21.58900  
H    21.67900   15.88000   20.93700  
S    20.07200   15.10700   22.72200  
C    20.29400   16.62800   23.67200  
H    20.41200   17.38400   22.89100  
H    19.36400   16.68000   24.24400  
H    21.11200   16.61700   24.39700  
O    20.21900   13.93600   23.64400  
C    23.34400   23.11600   28.95600  
H    23.45800   23.32600   27.89000  
H    23.17000   22.04100   29.04700  
H    22.57400   23.70600   29.46200  
S    24.92200   23.59600   29.69400  
C    25.94200   22.30900   28.94100  
H    25.74700   22.52200   27.88700  
H    26.98800   22.53200   29.16600  
H    25.61500   21.31000   29.24300  
O    24.76900   23.17400   31.12200  
C    25.34500   15.00500   30.43800  
H    25.58700   16.07100   30.45400  
H    25.97600   14.50400   29.69900  
H    24.30100   14.85300   30.15300  
S    25.39800   14.47300   32.16300  
C    24.79900   12.79700   31.84700  
H    25.60900   12.09000   31.65300  
H    24.30800   12.55100   32.79200  
H    24.19800   12.87400   30.93800  
O    24.27800   15.15300   32.88800  
C    21.60700   22.71500   34.91000  
H    21.24300   22.18000   35.79000  
H    22.53400   22.23500   34.58600  
H    21.81700   23.76300   35.14100  
S    20.47300   22.79100   33.50500  
C    21.36700   24.03600   32.54600  
H    22.36800   23.64600   32.34500  
H    20.81000   24.16200   31.61400  
H    21.42200   25.02000   33.01900  
O    19.28600   23.48800   34.09400  
C    20.76100   25.77700   27.02400  
H    20.72800   26.16600   26.00300  
H    20.83700   24.68700   27.03000  
H    19.81000   26.01300   27.50900  
S    22.11900   26.48600   27.98200  
C    22.09100   28.14300   27.26100  
H    22.03000   28.08600   26.17200  
H    21.22200   28.65500   27.68300  
H    22.97500   28.66600   27.63400  
O    23.38800   26.02400   27.33800  
C    16.01200   14.71600   31.07900  
H    16.12800   15.62500   30.48400  
H    16.87000   14.15300   30.70200  
H    15.05500   14.21300   30.91500  
S    16.48300   14.98400   32.80300  
C    15.21000   16.23500   33.08900  
H    15.38600   17.01600   32.34500  
H    14.18500   15.85700   33.09000  
H    15.41300   16.52800   34.12200  
O    17.68000   15.87600   32.69600  
C    24.08600   20.27800   31.38300  
H    24.91700   20.82400   31.83700  
H    23.75500   20.73000   30.44500  
H    23.28500   20.22400   32.12500  
S    24.65600   18.57000   31.23100  
C    25.37800   18.44400   32.88300  
H    24.58300   18.30200   33.61900  
H    25.95900   17.52900   33.02700  
H    26.03600   19.30400   33.03500  
O    25.86100   18.81800   30.37800  
C    15.31500   15.69800   22.88600  
H    15.60000   15.97400   23.90500  
H    15.77700   16.31800   22.11300  
H    14.23200   15.65700   22.75000  
S    16.01500   14.03900   22.73900  
C    15.16900   13.62900   21.19600  
H    15.05600   12.54200   21.21100  
H    14.18800   14.10900   21.14900  
H    15.85500   13.98900   20.42500  
O    15.23500   13.12500   23.63200  
C    19.72400   18.77900   35.09200  
H    19.13800   19.67600   34.88000  
H    18.99800   17.96900   35.20200  
H    20.24000   18.99300   36.03100  
S    21.03700   18.50800   33.88100  
C    21.62500   16.94800   34.57900  
H    20.97800   16.11700   34.28500  
H    22.69200   16.85000   34.36500  
H    21.60000   17.00500   35.67000  
O    22.13000   19.46800   34.23100  
C    23.39900   26.25100   22.11500  
H    23.78400   26.87500   22.92500  
H    22.95800   25.32500   22.49300  
H    24.08900   26.11500   21.27800  
S    21.91100   27.01700   21.43400  
C    20.73800   26.69500   22.77100  
H    19.79100   26.96500   22.29800  
H    20.87000   25.67800   23.14900  
H    20.75300   27.50400   23.50500  
O    21.41300   26.05100   20.40500  
C    24.05900   18.75600   21.38000  
H    24.35600   19.62700   21.97000  
H    23.69000   18.99400   20.37900  
H    23.22500   18.18700   21.80000  
S    25.44100   17.60100   21.23100  
C    25.59300   17.13300   22.97000  
H    24.56600   16.90900   23.27000  
H    26.21100   16.24500   23.12500  
H    25.86400   18.05100   23.49700  
O    26.62600   18.42800   20.84200  
C    20.94500   20.82800   20.23600  
H    20.95000   19.74100   20.13000  
H    20.10500   21.22200   19.65700  
H    21.87600   21.29300   19.90300  
S    20.76400   21.14700   22.00500  
C    21.09100   22.92300   21.93000  
H    21.87200   23.23600   21.23300  
H    20.18800   23.53300   21.84900  
H    21.51200   23.16400   22.90900  
O    22.12700   20.78700   22.51100  
C    24.56000   22.49500   24.50400  
H    24.73200   21.87200   25.38600  
H    23.76100   23.24000   24.51200  
H    24.24300   21.75200   23.76700  
S    26.05800   23.24200   23.82500  
C    26.03600   24.45500   25.16500  
H    26.41200   23.93400   26.04900  
H    26.67400   25.29600   24.88200  
H    25.03500   24.81200   25.42100  
O    25.64500   24.01100   22.60900  
C    23.65100   17.00400   27.96700  
H    23.32100   17.98500   27.61700  
H    23.01600   16.70400   28.80500  
H    24.66800   17.03800   28.36700  
S    23.46100   15.69600   26.73500  
C    25.22900   15.36700   26.55000  
H    25.67200   14.91500   27.44100  
H    25.32500   14.71200   25.68000  
H    25.77400   16.30000   26.39200  
O    23.24600   16.50100   25.49200  
C    17.08400   23.75600   22.61800  
H    17.78700   24.40100   22.08500  
H    17.51200   22.75100   22.56600  
H    16.15400   23.81900   22.04700  
S    16.60700   24.25100   24.28900  
C    18.10800   23.86300   25.21700  
H    18.83500   24.56400   24.79900  
H    17.98200   24.27400   26.22200  
H    18.34400   22.79700   25.25600  
O    15.65800   23.14700   24.63900  
C    20.17400   14.24200   26.99700  
H    20.02600   14.45800   25.93600  
H    20.74700   14.98100   27.56300  
H    20.61800   13.27900   27.26000  
S    18.53900   14.15100   27.76300  
C    17.71400   13.52100   26.28400  
H    16.75400   13.02200   26.44200  
H    17.69600   14.25800   25.47700  
H    18.38000   12.70600   25.99000  
O    18.07900   15.56900   27.62600  
C    16.36900   22.63000   28.24500  
H    15.49400   22.04600   28.54200  
H    16.00000   23.59800   27.89500  
H    16.89400   22.13700   27.42300  
S    17.53800   22.88800   29.59800  
C    16.42900   23.68600   30.78200  
H    15.48400   23.16700   30.95800  
H    16.81200   23.95000   31.77100  
H    16.21400   24.66300   30.34300  
O    18.47300   23.92900   29.06700  
C    16.98100   18.17000   25.55800  
H    16.02800   17.64800   25.43700  
H    17.73200   17.39500   25.73100  
H    16.86000   18.88600   26.37600  
S    17.17200   18.99500   23.96100  
C    15.51700   19.64100   23.63100  
H    15.45900   20.60900   24.13600  
H    15.52000   19.77700   22.54700  
H    14.69700   18.99500   23.95300  
O    17.26600   17.87000   22.97800  
$end

$rem
JOBTYPE  SP
METHOD  B3LYP
BASIS  6-31+G(D)
SYMMETRY  FALSE
SYM_IGNORE  TRUE
MEM_TOTAL  12000
MEM_STATIC  4000
BASIS_LIN_DEP_THRESH  6
THRESH  14
SCF_CONVERGENCE  8
FD_MAT_VEC_PROD  FALSE
XC_GRID  000075000302
NL_GRID  1
MAX_SCF_CYCLES  200
SCF_GUESS  READ
GEN_SCFMAN  FALSE
SKIP_SCFMAN  TRUE
ESP_GRID  0
ESP_EFIELD  1
$end
