$molecule
0 1
--
0 1
C    20.74500   15.87300   29.72100  
C    21.50300   15.27500   28.52500  
C    21.72300   16.32200   27.42100  
C    22.43300   17.60700   27.87800  
C    21.70300   18.21600   29.08600  
C    21.34600   17.20800   30.19100  
H    22.36300   15.82800   26.67900  
H    22.52500   15.01700   28.82800  
H    19.70600   16.12300   29.47200  
H    20.54400   15.19000   30.55600  
H    23.47700   17.39900   28.14200  
H    22.60100   18.28200   27.03000  
H    22.46000   18.92300   29.44800  
H    20.87600   18.81200   28.68200  
H    22.16300   16.95500   30.87700  
H    20.53600   17.67200   30.76700  
H    20.79400   16.61300   26.91600  
N    20.76000   14.13200   27.99700  
H    19.80100   14.30700   27.72300  
C    21.34200   12.88300   27.93800  
H    20.78600   12.13700   27.34200  
O    22.39200   12.66600   28.51700  
--
0 1
C    22.37000   21.68700   23.70100  
H    21.39600   22.17000   23.81500  
H    23.22500   22.34400   23.87700  
H    22.52700   21.09800   22.79400  
S    22.49800   20.52200   25.07600  
C    21.10500   19.47600   24.59700  
H    21.28200   18.97100   23.64400  
H    21.02400   18.66800   25.32900  
H    20.13900   19.98800   24.60200  
O    21.99600   21.32800   26.23300  
C    20.63700   23.50800   28.88400  
H    21.17100   23.48700   27.93000  
H    19.60200   23.84100   28.78100  
H    21.20900   24.15400   29.55500  
S    20.49100   21.86700   29.62800  
C    19.27300   20.99900   28.61400  
H    18.32300   21.53300   28.70100  
H    19.60100   20.89700   27.57600  
H    19.24700   20.02000   29.09800  
O    19.82300   22.14200   30.94000  
C    16.47400   20.07800   20.79100  
H    17.06100   20.09500   19.86900  
H    15.78500   19.23100   20.82400  
H    15.96100   21.00400   21.06000  
S    17.62500   19.77300   22.15000  
C    18.70900   21.19200   21.87500  
H    18.90900   21.26100   20.80300  
H    18.24100   22.11600   22.22300  
H    19.66100   21.09300   22.40300  
O    18.21800   18.47100   21.71100  
C    24.42700   22.73300   31.45200  
H    24.96800   22.51600   30.52700  
H    23.88800   21.83500   31.76400  
H    23.72700   23.54600   31.24200  
S    25.54300   23.07000   32.83200  
C    26.86300   22.01900   32.18600  
H    26.84200   21.93900   31.09600  
H    27.88300   22.15900   32.55200  
H    26.68400   21.00400   32.54900  
O    24.97900   22.22000   33.92700  
C    21.00900   10.55100   19.97000  
H    21.92200   10.19700   20.45500  
H    20.64700   9.79200    19.27200  
H    21.18800   11.45000   19.37400  
S    19.90100   11.00200   21.32500  
C    18.40500   10.21000   20.69000  
H    18.07100   10.84300   19.86400  
H    18.62300   9.17300    20.42400  
H    17.55800   10.35200   21.36600  
O    19.58100   12.46400   21.29800  
C    17.18400   10.20900   32.04900  
H    17.86700   10.79900   31.43200  
H    17.66600   10.06700   33.02000  
H    16.98600   9.29300    31.48700  
S    15.54700   10.96600   32.16100  
C    15.02900   9.63400    33.26700  
H    15.71400   9.69600    34.11600  
H    14.01800   9.74900    33.66700  
H    15.15500   8.66600    32.77600  
O    14.84500   10.70300   30.86500  
C    25.56000   10.15700   32.72100  
H    26.62200   10.06900   32.47800  
H    25.48800   11.12500   33.22300  
H    25.24000   9.32400    33.35300  
S    24.51700   10.04900   31.24900  
C    24.89800   11.74600   30.75800  
H    25.88200   11.80000   30.28500  
H    24.04300   12.12800   30.19400  
H    24.87200   12.28200   31.71000  
O    23.11600   9.90200    31.75600  
C    18.11100   17.87100   27.20100  
H    17.66300   18.58000   27.90100  
H    18.53400   16.98400   27.68100  
H    18.89900   18.42600   26.68600  
S    16.88100   17.32200   25.99700  
C    18.09000   16.66700   24.82500  
H    17.59800   16.09100   24.03600  
H    18.46500   17.52300   24.25700  
H    18.89900   16.08200   25.27000  
O    16.52400   18.60300   25.30900  
C    24.16700   9.86100    27.73600  
H    24.02700   10.32800   26.75800  
H    23.22800   9.45900    28.12600  
H    24.78200   10.52800   28.34600  
S    25.13400   8.36800    27.41500  
C    23.81600   7.45900    26.57600  
H    23.02600   7.32600    27.32000  
H    23.51100   7.87400    25.61200  
H    24.24400   6.47300    26.37900  
O    25.25900   7.53200    28.65000  
C    29.48900   18.66200   31.39500  
H    30.47400   18.23000   31.20100  
H    29.51400   19.58500   31.97900  
H    28.96700   17.92700   32.01500  
S    28.54800   18.99600   29.89000  
C    29.27600   20.57300   29.39000  
H    28.49000   21.07000   28.81600  
H    29.49200   21.17600   30.27600  
H    30.19700   20.38000   28.83400  
O    27.23000   19.32600   30.51900  
C    15.38200   14.23200   27.66300  
H    14.38400   14.17600   28.10500  
H    15.78100   15.22300   27.89200  
H    15.38300   14.11600   26.57600  
S    16.43400   12.98700   28.44500  
C    16.49300   13.56700   30.15500  
H    15.63500   13.29400   30.77400  
H    17.38600   13.27600   30.71400  
H    16.51800   14.65100   30.02200  
O    17.77700   13.40800   27.93400  
C    21.90000   13.16600   32.63000  
H    21.00100   13.76600   32.79400  
H    22.81100   13.74700   32.79400  
H    22.03400   12.82700   31.59900  
S    21.76600   11.78500   33.78800  
C    20.08900   11.29400   33.33100  
H    20.29100   10.60800   32.50500  
H    19.69100   10.65000   34.12000  
H    19.42900   12.12200   33.06000  
O    21.39100   12.57200   35.00500  
C    17.24600   21.95500   25.26200  
H    17.40200   21.00100   24.75300  
H    16.76400   21.74500   26.22100  
H    16.56300   22.60500   24.71000  
S    18.88000   22.68900   25.50200  
C    18.20900   24.20100   26.23000  
H    17.96100   24.14600   27.29300  
H    19.00600   24.93700   26.09600  
H    17.33000   24.51900   25.66400  
O    19.17700   23.01400   24.07200  
C    24.44600   18.83100   31.93200  
H    25.27800   18.15100   31.73200  
H    23.63400   18.47600   31.29200  
H    24.72000   19.86800   31.71900  
S    23.80600   18.72900   33.61900  
C    25.40400   18.73700   34.46100  
H    25.91900   19.69500   34.35500  
H    25.20000   18.52500   35.51300  
H    26.00300   17.97700   33.95200  
O    23.37900   17.30300   33.78100  
C    20.46400   15.87500   33.99400  
H    20.93800   15.06700   34.55700  
H    20.92300   15.87800   33.00300  
H    20.55700   16.84000   34.49900  
S    18.70600   15.54500   33.73700  
C    18.33900   14.46000   35.13500  
H    17.37200   13.95300   35.17000  
H    19.08500   13.66100   35.09900  
H    18.52500   15.09400   36.00600  
O    18.43600   14.72300   32.51600  
C    26.06400   19.54700   23.35500  
H    26.49700   19.41000   22.36100  
H    25.01700   19.85700   23.31800  
H    26.74300   20.21000   23.89800  
S    26.15400   17.90200   24.09800  
C    24.75300   17.25600   23.15700  
H    24.53000   16.26700   23.56300  
H    23.91000   17.93000   23.32500  
H    24.96800   17.30200   22.08600  
O    25.65800   18.14400   25.49000  
C    16.22000   12.99400   23.58700  
H    16.98500   13.02900   22.80700  
H    15.23800   12.79600   23.15100  
H    16.25700   13.89500   24.20500  
S    16.52600   11.48000   24.52500  
C    18.22800   11.84200   25.01200  
H    18.23700   12.79900   25.54000  
H    18.75100   11.06700   25.57800  
H    18.76000   11.91500   24.06000  
O    16.45500   10.32900   23.57000  
C    22.48200   8.55200    22.66000  
H    22.37000   8.52100    21.57300  
H    23.38200   7.99900    22.94300  
H    21.68700   7.95800    23.11800  
S    22.65200   10.30600   23.05800  
C    24.34300   10.41200   22.42800  
H    25.04900   10.11500   23.20700  
H    24.38600   9.93900    21.44400  
H    24.59300   11.44800   22.18400  
O    22.78700   10.50500   24.53500  
C    20.53400   9.63800    29.42700  
H    19.67600   10.28200   29.63700  
H    21.45800   10.01100   29.87700  
H    20.63600   9.66000    28.33900  
S    19.96200   8.02300    30.00100  
C    21.35200   7.00900    29.44900  
H    22.27100   7.48800    29.79800  
H    21.24900   5.96500    29.75300  
H    21.41600   7.00300    28.35800  
O    18.83200   7.77100    29.05200  
C    14.83000   19.18900   30.89200  
H    14.53800   18.88500   29.88400  
H    14.28300   18.78100   31.74600  
H    14.68400   20.27000   30.96000  
S    16.59900   18.91900   31.14400  
C    16.57900   17.15600   30.74500  
H    15.69900   16.64300   31.14200  
H    16.55700   16.99000   29.66500  
H    17.50700   16.78200   31.18500  
O    16.82000   18.96400   32.62300  
C    27.21200   14.78600   34.93700  
H    27.38300   15.76500   35.39300  
H    27.14100   13.95500   35.64300  
H    28.01700   14.62100   34.21600  
S    25.62000   14.76900   34.08400  
C    24.58300   15.15600   35.51300  
H    24.84500   14.51600   36.36000  
H    24.80700   16.19500   35.76800  
H    23.56000   15.02700   35.15000  
O    25.48700   13.33000   33.69200  
C    24.27300   23.57000   27.17000  
H    24.24100   24.63400   27.41900  
H    24.02900   23.25100   26.15300  
H    23.61900   23.03400   27.86100  
S    25.98000   23.00500   27.35000  
C    25.60800   21.24500   27.52200  
H    24.77500   21.08800   28.21200  
H    25.37100   20.85400   26.52900  
H    26.48700   20.74700   27.93800  
O    26.16700   23.58200   28.71800  
C    19.24100   20.91200   35.15200  
H    19.35100   21.97600   34.93100  
H    18.50100   20.37400   34.55400  
H    19.03100   20.76400   36.21500  
S    20.86200   20.17700   34.84000  
C    20.28700   19.75800   33.17900  
H    19.81600   20.60600   32.67500  
H    21.18900   19.39600   32.67900  
H    19.64000   18.88900   33.32400  
O    20.66600   18.89900   35.59500  
C    26.14900   16.46600   28.23600  
H    25.61400   17.36700   28.54700  
H    27.17200   16.56200   28.60900  
H    26.06400   16.55300   27.15000  
S    25.23700   15.02500   28.83400  
C    25.62500   15.26100   30.58300  
H    25.68300   14.32000   31.13700  
H    26.64500   15.65300   30.56600  
H    24.90200   15.97900   30.97900  
O    26.21900   13.89900   28.73200  
C    26.26200   12.12700   25.73000  
H    25.71000   11.42600   25.09800  
H    27.33300   11.93100   25.63100  
H    25.98900   12.13400   26.78900  
S    25.94100   13.83900   25.25000  
C    24.18300   13.75800   25.66200  
H    24.12100   13.53900   26.73100  
H    23.66700   14.68300   25.39500  
H    23.86700   12.84400   25.15200  
O    26.17000   13.84800   23.77100  
C    22.05700   13.75300   22.91400  
H    22.96900   14.35600   22.91200  
H    21.86600   13.08300   23.75500  
H    21.98500   13.28100   21.93100  
S    20.78400   15.02100   23.11100  
C    20.95600   15.57800   21.40100  
H    20.44500   14.93000   20.68300  
H    20.50300   16.56900   21.49000  
H    22.02500   15.73200   21.23700  
O    21.46700   16.07000   23.93200  
$end

$rem
JOBTYPE  SP
METHOD  B3LYP
BASIS  6-31+G(D)
SYMMETRY  FALSE
SYM_IGNORE  TRUE
MEM_TOTAL  12000
MEM_STATIC  4000
BASIS_LIN_DEP_THRESH  6
THRESH  14
SCF_CONVERGENCE  8
FD_MAT_VEC_PROD  FALSE
XC_GRID  000075000302
NL_GRID  1
MAX_SCF_CYCLES  200
ENV_METHOD  B3LYP
GEN_SCFMAN_EMBED  TRUE
SPADE_PARTITION  TRUE
EMBEDDING_EARLY_STOP  TRUE
$end

@@@

$molecule
0 1
@C    20.74500   15.87300   29.72100  
@C    21.50300   15.27500   28.52500  
@C    21.72300   16.32200   27.42100  
@C    22.43300   17.60700   27.87800  
@C    21.70300   18.21600   29.08600  
@C    21.34600   17.20800   30.19100  
@H    22.36300   15.82800   26.67900  
@H    22.52500   15.01700   28.82800  
@H    19.70600   16.12300   29.47200  
@H    20.54400   15.19000   30.55600  
@H    23.47700   17.39900   28.14200  
@H    22.60100   18.28200   27.03000  
@H    22.46000   18.92300   29.44800  
@H    20.87600   18.81200   28.68200  
@H    22.16300   16.95500   30.87700  
@H    20.53600   17.67200   30.76700  
@H    20.79400   16.61300   26.91600  
@N    20.76000   14.13200   27.99700  
@H    19.80100   14.30700   27.72300  
@C    21.34200   12.88300   27.93800  
@H    20.78600   12.13700   27.34200  
@O    22.39200   12.66600   28.51700  
C    22.37000   21.68700   23.70100  
H    21.39600   22.17000   23.81500  
H    23.22500   22.34400   23.87700  
H    22.52700   21.09800   22.79400  
S    22.49800   20.52200   25.07600  
C    21.10500   19.47600   24.59700  
H    21.28200   18.97100   23.64400  
H    21.02400   18.66800   25.32900  
H    20.13900   19.98800   24.60200  
O    21.99600   21.32800   26.23300  
C    20.63700   23.50800   28.88400  
H    21.17100   23.48700   27.93000  
H    19.60200   23.84100   28.78100  
H    21.20900   24.15400   29.55500  
S    20.49100   21.86700   29.62800  
C    19.27300   20.99900   28.61400  
H    18.32300   21.53300   28.70100  
H    19.60100   20.89700   27.57600  
H    19.24700   20.02000   29.09800  
O    19.82300   22.14200   30.94000  
C    16.47400   20.07800   20.79100  
H    17.06100   20.09500   19.86900  
H    15.78500   19.23100   20.82400  
H    15.96100   21.00400   21.06000  
S    17.62500   19.77300   22.15000  
C    18.70900   21.19200   21.87500  
H    18.90900   21.26100   20.80300  
H    18.24100   22.11600   22.22300  
H    19.66100   21.09300   22.40300  
O    18.21800   18.47100   21.71100  
C    24.42700   22.73300   31.45200  
H    24.96800   22.51600   30.52700  
H    23.88800   21.83500   31.76400  
H    23.72700   23.54600   31.24200  
S    25.54300   23.07000   32.83200  
C    26.86300   22.01900   32.18600  
H    26.84200   21.93900   31.09600  
H    27.88300   22.15900   32.55200  
H    26.68400   21.00400   32.54900  
O    24.97900   22.22000   33.92700  
C    21.00900   10.55100   19.97000  
H    21.92200   10.19700   20.45500  
H    20.64700   9.79200    19.27200  
H    21.18800   11.45000   19.37400  
S    19.90100   11.00200   21.32500  
C    18.40500   10.21000   20.69000  
H    18.07100   10.84300   19.86400  
H    18.62300   9.17300    20.42400  
H    17.55800   10.35200   21.36600  
O    19.58100   12.46400   21.29800  
C    17.18400   10.20900   32.04900  
H    17.86700   10.79900   31.43200  
H    17.66600   10.06700   33.02000  
H    16.98600   9.29300    31.48700  
S    15.54700   10.96600   32.16100  
C    15.02900   9.63400    33.26700  
H    15.71400   9.69600    34.11600  
H    14.01800   9.74900    33.66700  
H    15.15500   8.66600    32.77600  
O    14.84500   10.70300   30.86500  
C    25.56000   10.15700   32.72100  
H    26.62200   10.06900   32.47800  
H    25.48800   11.12500   33.22300  
H    25.24000   9.32400    33.35300  
S    24.51700   10.04900   31.24900  
C    24.89800   11.74600   30.75800  
H    25.88200   11.80000   30.28500  
H    24.04300   12.12800   30.19400  
H    24.87200   12.28200   31.71000  
O    23.11600   9.90200    31.75600  
C    18.11100   17.87100   27.20100  
H    17.66300   18.58000   27.90100  
H    18.53400   16.98400   27.68100  
H    18.89900   18.42600   26.68600  
S    16.88100   17.32200   25.99700  
C    18.09000   16.66700   24.82500  
H    17.59800   16.09100   24.03600  
H    18.46500   17.52300   24.25700  
H    18.89900   16.08200   25.27000  
O    16.52400   18.60300   25.30900  
C    24.16700   9.86100    27.73600  
H    24.02700   10.32800   26.75800  
H    23.22800   9.45900    28.12600  
H    24.78200   10.52800   28.34600  
S    25.13400   8.36800    27.41500  
C    23.81600   7.45900    26.57600  
H    23.02600   7.32600    27.32000  
H    23.51100   7.87400    25.61200  
H    24.24400   6.47300    26.37900  
O    25.25900   7.53200    28.65000  
C    29.48900   18.66200   31.39500  
H    30.47400   18.23000   31.20100  
H    29.51400   19.58500   31.97900  
H    28.96700   17.92700   32.01500  
S    28.54800   18.99600   29.89000  
C    29.27600   20.57300   29.39000  
H    28.49000   21.07000   28.81600  
H    29.49200   21.17600   30.27600  
H    30.19700   20.38000   28.83400  
O    27.23000   19.32600   30.51900  
C    15.38200   14.23200   27.66300  
H    14.38400   14.17600   28.10500  
H    15.78100   15.22300   27.89200  
H    15.38300   14.11600   26.57600  
S    16.43400   12.98700   28.44500  
C    16.49300   13.56700   30.15500  
H    15.63500   13.29400   30.77400  
H    17.38600   13.27600   30.71400  
H    16.51800   14.65100   30.02200  
O    17.77700   13.40800   27.93400  
C    21.90000   13.16600   32.63000  
H    21.00100   13.76600   32.79400  
H    22.81100   13.74700   32.79400  
H    22.03400   12.82700   31.59900  
S    21.76600   11.78500   33.78800  
C    20.08900   11.29400   33.33100  
H    20.29100   10.60800   32.50500  
H    19.69100   10.65000   34.12000  
H    19.42900   12.12200   33.06000  
O    21.39100   12.57200   35.00500  
C    17.24600   21.95500   25.26200  
H    17.40200   21.00100   24.75300  
H    16.76400   21.74500   26.22100  
H    16.56300   22.60500   24.71000  
S    18.88000   22.68900   25.50200  
C    18.20900   24.20100   26.23000  
H    17.96100   24.14600   27.29300  
H    19.00600   24.93700   26.09600  
H    17.33000   24.51900   25.66400  
O    19.17700   23.01400   24.07200  
C    24.44600   18.83100   31.93200  
H    25.27800   18.15100   31.73200  
H    23.63400   18.47600   31.29200  
H    24.72000   19.86800   31.71900  
S    23.80600   18.72900   33.61900  
C    25.40400   18.73700   34.46100  
H    25.91900   19.69500   34.35500  
H    25.20000   18.52500   35.51300  
H    26.00300   17.97700   33.95200  
O    23.37900   17.30300   33.78100  
C    20.46400   15.87500   33.99400  
H    20.93800   15.06700   34.55700  
H    20.92300   15.87800   33.00300  
H    20.55700   16.84000   34.49900  
S    18.70600   15.54500   33.73700  
C    18.33900   14.46000   35.13500  
H    17.37200   13.95300   35.17000  
H    19.08500   13.66100   35.09900  
H    18.52500   15.09400   36.00600  
O    18.43600   14.72300   32.51600  
C    26.06400   19.54700   23.35500  
H    26.49700   19.41000   22.36100  
H    25.01700   19.85700   23.31800  
H    26.74300   20.21000   23.89800  
S    26.15400   17.90200   24.09800  
C    24.75300   17.25600   23.15700  
H    24.53000   16.26700   23.56300  
H    23.91000   17.93000   23.32500  
H    24.96800   17.30200   22.08600  
O    25.65800   18.14400   25.49000  
C    16.22000   12.99400   23.58700  
H    16.98500   13.02900   22.80700  
H    15.23800   12.79600   23.15100  
H    16.25700   13.89500   24.20500  
S    16.52600   11.48000   24.52500  
C    18.22800   11.84200   25.01200  
H    18.23700   12.79900   25.54000  
H    18.75100   11.06700   25.57800  
H    18.76000   11.91500   24.06000  
O    16.45500   10.32900   23.57000  
C    22.48200   8.55200    22.66000  
H    22.37000   8.52100    21.57300  
H    23.38200   7.99900    22.94300  
H    21.68700   7.95800    23.11800  
S    22.65200   10.30600   23.05800  
C    24.34300   10.41200   22.42800  
H    25.04900   10.11500   23.20700  
H    24.38600   9.93900    21.44400  
H    24.59300   11.44800   22.18400  
O    22.78700   10.50500   24.53500  
C    20.53400   9.63800    29.42700  
H    19.67600   10.28200   29.63700  
H    21.45800   10.01100   29.87700  
H    20.63600   9.66000    28.33900  
S    19.96200   8.02300    30.00100  
C    21.35200   7.00900    29.44900  
H    22.27100   7.48800    29.79800  
H    21.24900   5.96500    29.75300  
H    21.41600   7.00300    28.35800  
O    18.83200   7.77100    29.05200  
C    14.83000   19.18900   30.89200  
H    14.53800   18.88500   29.88400  
H    14.28300   18.78100   31.74600  
H    14.68400   20.27000   30.96000  
S    16.59900   18.91900   31.14400  
C    16.57900   17.15600   30.74500  
H    15.69900   16.64300   31.14200  
H    16.55700   16.99000   29.66500  
H    17.50700   16.78200   31.18500  
O    16.82000   18.96400   32.62300  
C    27.21200   14.78600   34.93700  
H    27.38300   15.76500   35.39300  
H    27.14100   13.95500   35.64300  
H    28.01700   14.62100   34.21600  
S    25.62000   14.76900   34.08400  
C    24.58300   15.15600   35.51300  
H    24.84500   14.51600   36.36000  
H    24.80700   16.19500   35.76800  
H    23.56000   15.02700   35.15000  
O    25.48700   13.33000   33.69200  
C    24.27300   23.57000   27.17000  
H    24.24100   24.63400   27.41900  
H    24.02900   23.25100   26.15300  
H    23.61900   23.03400   27.86100  
S    25.98000   23.00500   27.35000  
C    25.60800   21.24500   27.52200  
H    24.77500   21.08800   28.21200  
H    25.37100   20.85400   26.52900  
H    26.48700   20.74700   27.93800  
O    26.16700   23.58200   28.71800  
C    19.24100   20.91200   35.15200  
H    19.35100   21.97600   34.93100  
H    18.50100   20.37400   34.55400  
H    19.03100   20.76400   36.21500  
S    20.86200   20.17700   34.84000  
C    20.28700   19.75800   33.17900  
H    19.81600   20.60600   32.67500  
H    21.18900   19.39600   32.67900  
H    19.64000   18.88900   33.32400  
O    20.66600   18.89900   35.59500  
C    26.14900   16.46600   28.23600  
H    25.61400   17.36700   28.54700  
H    27.17200   16.56200   28.60900  
H    26.06400   16.55300   27.15000  
S    25.23700   15.02500   28.83400  
C    25.62500   15.26100   30.58300  
H    25.68300   14.32000   31.13700  
H    26.64500   15.65300   30.56600  
H    24.90200   15.97900   30.97900  
O    26.21900   13.89900   28.73200  
C    26.26200   12.12700   25.73000  
H    25.71000   11.42600   25.09800  
H    27.33300   11.93100   25.63100  
H    25.98900   12.13400   26.78900  
S    25.94100   13.83900   25.25000  
C    24.18300   13.75800   25.66200  
H    24.12100   13.53900   26.73100  
H    23.66700   14.68300   25.39500  
H    23.86700   12.84400   25.15200  
O    26.17000   13.84800   23.77100  
C    22.05700   13.75300   22.91400  
H    22.96900   14.35600   22.91200  
H    21.86600   13.08300   23.75500  
H    21.98500   13.28100   21.93100  
S    20.78400   15.02100   23.11100  
C    20.95600   15.57800   21.40100  
H    20.44500   14.93000   20.68300  
H    20.50300   16.56900   21.49000  
H    22.02500   15.73200   21.23700  
O    21.46700   16.07000   23.93200  
$end

$rem
JOBTYPE  SP
METHOD  B3LYP
BASIS  6-31+G(D)
SYMMETRY  FALSE
SYM_IGNORE  TRUE
MEM_TOTAL  12000
MEM_STATIC  4000
BASIS_LIN_DEP_THRESH  6
THRESH  14
SCF_CONVERGENCE  8
FD_MAT_VEC_PROD  FALSE
XC_GRID  000075000302
NL_GRID  1
MAX_SCF_CYCLES  200
SCF_GUESS  READ
GEN_SCFMAN  FALSE
SKIP_SCFMAN  TRUE
ESP_GRID  0
ESP_EFIELD  1
$end
