$molecule
0 1
--
0 1
C    27.77600   30.19900   24.80900  
C    28.09100   30.04300   26.30600  
C    27.63200   28.66300   26.80400  
C    28.16400   27.53200   25.90900  
C    27.80300   27.68500   24.42200  
C    28.33100   29.05000   23.95100  
H    28.07500   28.58100   27.80300  
H    29.17600   30.10800   26.45500  
H    26.68500   30.27500   24.72000  
H    28.09100   31.12500   24.31300  
H    29.24800   27.44200   26.04900  
H    27.73500   26.55000   26.14400  
H    28.04700   26.79400   23.83000  
H    26.71600   27.73100   24.28500  
H    29.42000   28.98100   24.05700  
H    28.09200   29.23500   22.89600  
H    26.54100   28.64100   26.91500  
N    27.43400   31.16300   26.97700  
H    26.43500   31.21900   27.13800  
C    28.22400   32.14000   27.54600  
H    27.66300   33.02000   27.90900  
O    29.43300   31.99400   27.49800  
--
0 1
C    26.54800   31.95200   19.01200  
H    27.17300   31.51600   18.22900  
H    25.52900   31.55800   19.03900  
H    26.53300   33.04000   19.12300  
S    27.22500   31.35700   20.57800  
C    27.29100   29.62200   20.07800  
H    27.98700   29.45500   19.25200  
H    27.47300   28.87400   20.85400  
H    26.27700   29.38900   19.74300  
O    26.05300   31.47800   21.50200  
C    32.10400   29.35300   26.23900  
H    32.08200   30.12800   25.46800  
H    31.41500   28.55800   25.94200  
H    31.71700   29.68100   27.20700  
S    33.79100   28.78600   26.55100  
C    34.35400   28.63600   24.84000  
H    33.72100   27.91600   24.31500  
H    34.28500   29.61900   24.36700  
H    35.38700   28.29700   24.73400  
O    33.62800   27.37800   27.03500  
C    25.96200   26.04400   18.36000  
H    26.49600   26.88100   17.90400  
H    26.14700   26.11700   19.43400  
H    26.22400   25.08200   17.91100  
S    24.21000   26.48500   18.30700  
C    24.04400   26.01500   16.57000  
H    23.01400   26.19400   16.25100  
H    24.73700   26.64600   16.00700  
H    24.29700   24.99200   16.28300  
O    24.33600   27.97600   18.32900  
C    28.95400   35.78200   22.89600  
H    29.81200   36.32500   23.30000  
H    29.33900   35.23400   22.03300  
H    28.13400   36.40300   22.52500  
S    28.35800   34.73500   24.24300  
C    27.23500   33.77700   23.20100  
H    26.51800   33.20400   23.79300  
H    26.59200   34.46600   22.64800  
H    27.72900   33.12300   22.47700  
O    27.40800   35.66500   24.93200  
C    31.76500   30.54400   22.18000  
H    31.02300   29.99700   22.76800  
H    32.64200   29.96700   21.87500  
H    32.15600   31.34200   22.81700  
S    30.96600   30.92300   20.60500  
C    32.54100   31.48900   19.92300  
H    33.21900   30.63200   19.88100  
H    32.30400   31.95100   18.96100  
H    32.98400   32.34500   20.43900  
O    30.17200   32.17500   20.80900  
C    33.24800   34.94400   26.49300  
H    33.83000   35.23400   27.37200  
H    33.95300   34.82000   25.66700  
H    32.52300   35.68000   26.13800  
S    32.44300   33.34400   26.73500  
C    33.68900   32.64200   27.83900  
H    33.84900   33.30200   28.69500  
H    33.47900   31.61400   28.14500  
H    34.61700   32.57400   27.26600  
O    32.90500   32.51600   25.57600  
C    29.35600   23.05600   28.37200  
H    29.38600   23.86600   29.10500  
H    30.09900   23.25400   27.59500  
H    28.31100   23.17700   28.07400  
S    29.67800   21.46300   29.16300  
C    29.34200   20.47100   27.69100  
H    30.29600   20.31800   27.18100  
H    28.95900   19.52100   28.07300  
H    28.60100   20.88300   27.00200  
O    28.39700   21.34700   29.93000  
C    25.79900   24.83900   30.24200  
H    25.47700   24.36400   31.17200  
H    26.61000   24.34100   29.70500  
H    26.24500   25.79000   30.54400  
S    24.34900   25.42700   29.33700  
C    25.24100   26.33500   28.05500  
H    26.04100   26.97400   28.43800  
H    25.59500   25.57100   27.35900  
H    24.60700   27.07300   27.55800  
O    23.75500   26.50700   30.18600  
C    28.23000   23.00000   24.73600  
H    27.46400   22.94200   25.51300  
H    29.22800   22.79500   25.13100  
H    28.17500   23.88700   24.10000  
S    27.81200   21.66300   23.59400  
C    29.45200   21.71200   22.83600  
H    29.53600   22.61300   22.22300  
H    30.30600   21.67600   23.51700  
H    29.47900   20.86900   22.14100  
O    26.92100   22.20900   22.52200  
C    30.98400   27.47600   16.02800  
H    30.51700   27.61400   15.05000  
H    32.07400   27.40400   16.00100  
H    30.56700   26.51900   16.35400  
S    30.33100   28.76200   17.11600  
C    31.15500   30.28900   16.61100  
H    31.01300   31.10000   17.32900  
H    32.20600   29.99300   16.55600  
H    30.73600   30.63700   15.66300  
O    30.98800   28.41200   18.41500  
C    24.04700   33.70200   21.60200  
H    23.55100   32.77500   21.30300  
H    24.86600   34.01800   20.95000  
H    24.44000   33.49600   22.60000  
S    22.97600   35.13800   21.84100  
C    24.17700   36.24500   22.61300  
H    25.06600   36.39100   21.99400  
H    23.58000   37.14700   22.76800  
H    24.37500   35.83500   23.60700  
O    22.21300   34.61400   23.01900  
C    23.76800   27.58600   33.49400  
H    23.69400   28.59800   33.90100  
H    23.68200   27.60600   32.40500  
H    23.19300   26.77500   33.94800  
S    25.47000   27.16400   33.93100  
C    25.32800   27.44600   35.71000  
H    24.92700   28.45700   35.82000  
H    24.54700   26.76800   36.06200  
H    26.19200   27.20700   36.33400  
O    26.25100   28.36600   33.49900  
C    24.71100   20.85900   26.33000  
H    24.89200   21.02100   25.26500  
H    24.67100   19.80300   26.60800  
H    23.76100   21.30400   26.63700  
S    25.89600   21.79500   27.32200  
C    25.43300   21.21200   28.96800  
H    26.10300   21.68400   29.69200  
H    24.38500   21.50400   29.07600  
H    25.56300   20.12700   28.96400  
O    25.40100   23.20400   27.21100  
C    30.33600   34.61100   28.96300  
H    29.71300   33.94700   29.56900  
H    30.08000   34.41500   27.91800  
H    31.41000   34.51300   29.13900  
S    29.90500   36.35800   29.12900  
C    28.35300   36.09900   28.23900  
H    28.47800   35.65700   27.24700  
H    27.69000   35.51500   28.88200  
H    27.90800   37.08500   28.08500  
O    30.77400   36.81100   27.99700  
C    20.39400   25.94800   25.53900  
H    20.23000   25.01100   25.00000  
H    19.40700   26.34400   25.79100  
H    20.99100   26.54900   24.84800  
S    21.49800   25.79200   26.96100  
C    22.82700   24.92600   26.09600  
H    22.51600   23.93900   25.74400  
H    23.07900   25.57000   25.24900  
H    23.72100   24.70400   26.68300  
O    20.96100   24.63200   27.74000  
C    23.78500   23.10000   23.34000  
H    24.07900   23.43800   24.33700  
H    22.79200   22.64900   23.26600  
H    24.52300   22.44000   22.87800  
S    23.90200   24.58100   22.31200  
C    25.52400   25.24400   22.75300  
H    26.24600   24.60400   22.24000  
H    25.64600   26.20400   22.24500  
H    25.74900   25.29100   23.82200  
O    22.92800   25.54500   22.91500  
C    23.62000   29.60300   29.82400  
H    22.86900   30.39400   29.76200  
H    23.36400   28.65500   29.34300  
H    23.74700   29.44600   30.89900  
S    25.14200   30.22300   29.07300  
C    25.36200   31.53300   30.29800  
H    25.01700   31.14600   31.26100  
H    26.39700   31.86500   30.41400  
H    24.65300   32.32100   30.03100  
O    24.73800   30.89200   27.79600  
C    30.82900   26.35300   20.89100  
H    31.17500   26.31200   21.92700  
H    31.64500   26.02100   20.24300  
H    30.65000   27.39600   20.61500  
S    29.30600   25.38200   20.85000  
C    29.26100   25.17400   19.05500  
H    28.29300   24.79300   18.71900  
H    29.36700   26.16600   18.60900  
H    30.08700   24.54100   18.72100  
O    28.29100   26.44900   21.11700  
C    32.73100   24.64500   25.24900  
H    31.80500   24.30100   24.78200  
H    32.76100   25.73700   25.19900  
H    33.66100   24.33300   24.76600  
S    32.77600   24.08300   26.96500  
C    34.58100   24.17500   26.97400  
H    34.84100   23.28700   26.39200  
H    34.94400   25.11000   26.53800  
H    34.95200   24.22400   28.00100  
O    32.48400   22.61800   26.87300  
C    23.54600   29.12100   24.68000  
H    22.85100   29.14800   25.52400  
H    24.39800   28.46600   24.87900  
H    23.97400   30.10500   24.47600  
S    22.67000   28.59100   23.19200  
C    24.04800   28.98600   22.09300  
H    24.82300   28.21700   22.03600  
H    23.59600   29.14900   21.11100  
H    24.51100   29.91000   22.44700  
O    21.63900   29.66600   23.04100  
C    25.20900   34.28700   27.33100  
H    25.56300   34.66300   28.29400  
H    24.57700   33.39900   27.41400  
H    26.08100   34.20800   26.67600  
S    24.15400   35.63100   26.74300  
C    25.24500   36.97200   27.27000  
H    24.76800   37.90900   26.97200  
H    25.36500   36.85200   28.35000  
H    26.17000   36.74800   26.73300  
O    23.07300   35.68000   27.77800  
C    21.39300   32.54500   27.68600  
H    22.33000   32.40700   28.23000  
H    21.38600   33.48700   27.13200  
H    20.64400   32.59400   28.48000  
S    21.11600   31.16000   26.55800  
C    20.69600   32.13800   25.09800  
H    20.31300   31.40000   24.38900  
H    19.92800   32.89100   25.29300  
H    21.58900   32.63500   24.71000  
O    19.78200   30.60700   26.95600  
C    29.95000   34.16900   32.49600  
H    30.07900   34.96500   33.23400  
H    30.63300   34.42200   31.68000  
H    28.88800   34.07600   32.25200  
S    30.63700   32.60700   33.09000  
C    29.39000   31.50400   32.38700  
H    28.43300   32.03200   32.42800  
H    29.51000   31.25300   31.33000  
H    29.44200   30.60300   33.00400  
O    30.16800   32.71000   34.50800  
C    28.46700   27.83600   30.77000  
H    28.03200   28.37300   29.92300  
H    27.64900   27.43200   31.37200  
H    29.09400   28.48600   31.38500  
S    29.52500   26.53200   30.10300  
C    30.64200   27.53600   29.09800  
H    31.09500   28.29200   29.74600  
H    31.30700   26.81100   28.62400  
H    30.02800   28.03100   28.34100  
O    28.58500   26.09900   29.02100  
C    27.16200   21.39700   19.44000  
H    26.84700   20.35100   19.49000  
H    27.73200   21.62500   18.53600  
H    27.79100   21.53400   20.32300  
S    25.70100   22.46000   19.45900  
C    24.59300   21.21800   20.16300  
H    23.52400   21.37700   20.00200  
H    24.77300   20.28200   19.63000  
H    24.87500   21.11400   21.21400  
O    25.44700   22.50700   17.98500  
C    24.17900   35.10600   31.29100  
H    23.43000   35.45500   32.00600  
H    24.31200   35.78300   30.44300  
H    23.80700   34.13600   30.95100  
S    25.71900   34.82400   32.19300  
C    26.13200   36.58300   32.16600  
H    25.40600   37.19700   32.70500  
H    27.07900   36.76300   32.68100  
H    26.08400   37.04000   31.17400  
O    26.65400   34.37700   31.11200  
$end

$rem
JOBTYPE  SP
METHOD  B3LYP
BASIS  6-31+G(D)
SYMMETRY  FALSE
SYM_IGNORE  TRUE
MEM_TOTAL  16000
MEM_STATIC  8000
MAX_SUB_FILE_NUM  16000
BASIS_LIN_DEP_THRESH  6
THRESH  14
SCF_CONVERGENCE  8
GEN_SCFMAN  TRUE
SCF_GUESS  SAD
FD_MAT_VEC_PROD  FALSE
XC_GRID  000075000302
NL_GRID  1
MAX_SCF_CYCLES  200
ENV_METHOD  B3LYP
GEN_SCFMAN_EMBED  TRUE
SPADE_PARTITION  TRUE
$end

$development
embedding_early_stop  1
$end

@@@

$molecule
0 1
@C    27.77600   30.19900   24.80900  
@C    28.09100   30.04300   26.30600  
@C    27.63200   28.66300   26.80400  
@C    28.16400   27.53200   25.90900  
@C    27.80300   27.68500   24.42200  
@C    28.33100   29.05000   23.95100  
@H    28.07500   28.58100   27.80300  
@H    29.17600   30.10800   26.45500  
@H    26.68500   30.27500   24.72000  
@H    28.09100   31.12500   24.31300  
@H    29.24800   27.44200   26.04900  
@H    27.73500   26.55000   26.14400  
@H    28.04700   26.79400   23.83000  
@H    26.71600   27.73100   24.28500  
@H    29.42000   28.98100   24.05700  
@H    28.09200   29.23500   22.89600  
@H    26.54100   28.64100   26.91500  
@N    27.43400   31.16300   26.97700  
@H    26.43500   31.21900   27.13800  
@C    28.22400   32.14000   27.54600  
@H    27.66300   33.02000   27.90900  
@O    29.43300   31.99400   27.49800  
C    26.54800   31.95200   19.01200  
H    27.17300   31.51600   18.22900  
H    25.52900   31.55800   19.03900  
H    26.53300   33.04000   19.12300  
S    27.22500   31.35700   20.57800  
C    27.29100   29.62200   20.07800  
H    27.98700   29.45500   19.25200  
H    27.47300   28.87400   20.85400  
H    26.27700   29.38900   19.74300  
O    26.05300   31.47800   21.50200  
C    32.10400   29.35300   26.23900  
H    32.08200   30.12800   25.46800  
H    31.41500   28.55800   25.94200  
H    31.71700   29.68100   27.20700  
S    33.79100   28.78600   26.55100  
C    34.35400   28.63600   24.84000  
H    33.72100   27.91600   24.31500  
H    34.28500   29.61900   24.36700  
H    35.38700   28.29700   24.73400  
O    33.62800   27.37800   27.03500  
C    25.96200   26.04400   18.36000  
H    26.49600   26.88100   17.90400  
H    26.14700   26.11700   19.43400  
H    26.22400   25.08200   17.91100  
S    24.21000   26.48500   18.30700  
C    24.04400   26.01500   16.57000  
H    23.01400   26.19400   16.25100  
H    24.73700   26.64600   16.00700  
H    24.29700   24.99200   16.28300  
O    24.33600   27.97600   18.32900  
C    28.95400   35.78200   22.89600  
H    29.81200   36.32500   23.30000  
H    29.33900   35.23400   22.03300  
H    28.13400   36.40300   22.52500  
S    28.35800   34.73500   24.24300  
C    27.23500   33.77700   23.20100  
H    26.51800   33.20400   23.79300  
H    26.59200   34.46600   22.64800  
H    27.72900   33.12300   22.47700  
O    27.40800   35.66500   24.93200  
C    31.76500   30.54400   22.18000  
H    31.02300   29.99700   22.76800  
H    32.64200   29.96700   21.87500  
H    32.15600   31.34200   22.81700  
S    30.96600   30.92300   20.60500  
C    32.54100   31.48900   19.92300  
H    33.21900   30.63200   19.88100  
H    32.30400   31.95100   18.96100  
H    32.98400   32.34500   20.43900  
O    30.17200   32.17500   20.80900  
C    33.24800   34.94400   26.49300  
H    33.83000   35.23400   27.37200  
H    33.95300   34.82000   25.66700  
H    32.52300   35.68000   26.13800  
S    32.44300   33.34400   26.73500  
C    33.68900   32.64200   27.83900  
H    33.84900   33.30200   28.69500  
H    33.47900   31.61400   28.14500  
H    34.61700   32.57400   27.26600  
O    32.90500   32.51600   25.57600  
C    29.35600   23.05600   28.37200  
H    29.38600   23.86600   29.10500  
H    30.09900   23.25400   27.59500  
H    28.31100   23.17700   28.07400  
S    29.67800   21.46300   29.16300  
C    29.34200   20.47100   27.69100  
H    30.29600   20.31800   27.18100  
H    28.95900   19.52100   28.07300  
H    28.60100   20.88300   27.00200  
O    28.39700   21.34700   29.93000  
C    25.79900   24.83900   30.24200  
H    25.47700   24.36400   31.17200  
H    26.61000   24.34100   29.70500  
H    26.24500   25.79000   30.54400  
S    24.34900   25.42700   29.33700  
C    25.24100   26.33500   28.05500  
H    26.04100   26.97400   28.43800  
H    25.59500   25.57100   27.35900  
H    24.60700   27.07300   27.55800  
O    23.75500   26.50700   30.18600  
C    28.23000   23.00000   24.73600  
H    27.46400   22.94200   25.51300  
H    29.22800   22.79500   25.13100  
H    28.17500   23.88700   24.10000  
S    27.81200   21.66300   23.59400  
C    29.45200   21.71200   22.83600  
H    29.53600   22.61300   22.22300  
H    30.30600   21.67600   23.51700  
H    29.47900   20.86900   22.14100  
O    26.92100   22.20900   22.52200  
C    30.98400   27.47600   16.02800  
H    30.51700   27.61400   15.05000  
H    32.07400   27.40400   16.00100  
H    30.56700   26.51900   16.35400  
S    30.33100   28.76200   17.11600  
C    31.15500   30.28900   16.61100  
H    31.01300   31.10000   17.32900  
H    32.20600   29.99300   16.55600  
H    30.73600   30.63700   15.66300  
O    30.98800   28.41200   18.41500  
C    24.04700   33.70200   21.60200  
H    23.55100   32.77500   21.30300  
H    24.86600   34.01800   20.95000  
H    24.44000   33.49600   22.60000  
S    22.97600   35.13800   21.84100  
C    24.17700   36.24500   22.61300  
H    25.06600   36.39100   21.99400  
H    23.58000   37.14700   22.76800  
H    24.37500   35.83500   23.60700  
O    22.21300   34.61400   23.01900  
C    23.76800   27.58600   33.49400  
H    23.69400   28.59800   33.90100  
H    23.68200   27.60600   32.40500  
H    23.19300   26.77500   33.94800  
S    25.47000   27.16400   33.93100  
C    25.32800   27.44600   35.71000  
H    24.92700   28.45700   35.82000  
H    24.54700   26.76800   36.06200  
H    26.19200   27.20700   36.33400  
O    26.25100   28.36600   33.49900  
C    24.71100   20.85900   26.33000  
H    24.89200   21.02100   25.26500  
H    24.67100   19.80300   26.60800  
H    23.76100   21.30400   26.63700  
S    25.89600   21.79500   27.32200  
C    25.43300   21.21200   28.96800  
H    26.10300   21.68400   29.69200  
H    24.38500   21.50400   29.07600  
H    25.56300   20.12700   28.96400  
O    25.40100   23.20400   27.21100  
C    30.33600   34.61100   28.96300  
H    29.71300   33.94700   29.56900  
H    30.08000   34.41500   27.91800  
H    31.41000   34.51300   29.13900  
S    29.90500   36.35800   29.12900  
C    28.35300   36.09900   28.23900  
H    28.47800   35.65700   27.24700  
H    27.69000   35.51500   28.88200  
H    27.90800   37.08500   28.08500  
O    30.77400   36.81100   27.99700  
C    20.39400   25.94800   25.53900  
H    20.23000   25.01100   25.00000  
H    19.40700   26.34400   25.79100  
H    20.99100   26.54900   24.84800  
S    21.49800   25.79200   26.96100  
C    22.82700   24.92600   26.09600  
H    22.51600   23.93900   25.74400  
H    23.07900   25.57000   25.24900  
H    23.72100   24.70400   26.68300  
O    20.96100   24.63200   27.74000  
C    23.78500   23.10000   23.34000  
H    24.07900   23.43800   24.33700  
H    22.79200   22.64900   23.26600  
H    24.52300   22.44000   22.87800  
S    23.90200   24.58100   22.31200  
C    25.52400   25.24400   22.75300  
H    26.24600   24.60400   22.24000  
H    25.64600   26.20400   22.24500  
H    25.74900   25.29100   23.82200  
O    22.92800   25.54500   22.91500  
C    23.62000   29.60300   29.82400  
H    22.86900   30.39400   29.76200  
H    23.36400   28.65500   29.34300  
H    23.74700   29.44600   30.89900  
S    25.14200   30.22300   29.07300  
C    25.36200   31.53300   30.29800  
H    25.01700   31.14600   31.26100  
H    26.39700   31.86500   30.41400  
H    24.65300   32.32100   30.03100  
O    24.73800   30.89200   27.79600  
C    30.82900   26.35300   20.89100  
H    31.17500   26.31200   21.92700  
H    31.64500   26.02100   20.24300  
H    30.65000   27.39600   20.61500  
S    29.30600   25.38200   20.85000  
C    29.26100   25.17400   19.05500  
H    28.29300   24.79300   18.71900  
H    29.36700   26.16600   18.60900  
H    30.08700   24.54100   18.72100  
O    28.29100   26.44900   21.11700  
C    32.73100   24.64500   25.24900  
H    31.80500   24.30100   24.78200  
H    32.76100   25.73700   25.19900  
H    33.66100   24.33300   24.76600  
S    32.77600   24.08300   26.96500  
C    34.58100   24.17500   26.97400  
H    34.84100   23.28700   26.39200  
H    34.94400   25.11000   26.53800  
H    34.95200   24.22400   28.00100  
O    32.48400   22.61800   26.87300  
C    23.54600   29.12100   24.68000  
H    22.85100   29.14800   25.52400  
H    24.39800   28.46600   24.87900  
H    23.97400   30.10500   24.47600  
S    22.67000   28.59100   23.19200  
C    24.04800   28.98600   22.09300  
H    24.82300   28.21700   22.03600  
H    23.59600   29.14900   21.11100  
H    24.51100   29.91000   22.44700  
O    21.63900   29.66600   23.04100  
C    25.20900   34.28700   27.33100  
H    25.56300   34.66300   28.29400  
H    24.57700   33.39900   27.41400  
H    26.08100   34.20800   26.67600  
S    24.15400   35.63100   26.74300  
C    25.24500   36.97200   27.27000  
H    24.76800   37.90900   26.97200  
H    25.36500   36.85200   28.35000  
H    26.17000   36.74800   26.73300  
O    23.07300   35.68000   27.77800  
C    21.39300   32.54500   27.68600  
H    22.33000   32.40700   28.23000  
H    21.38600   33.48700   27.13200  
H    20.64400   32.59400   28.48000  
S    21.11600   31.16000   26.55800  
C    20.69600   32.13800   25.09800  
H    20.31300   31.40000   24.38900  
H    19.92800   32.89100   25.29300  
H    21.58900   32.63500   24.71000  
O    19.78200   30.60700   26.95600  
C    29.95000   34.16900   32.49600  
H    30.07900   34.96500   33.23400  
H    30.63300   34.42200   31.68000  
H    28.88800   34.07600   32.25200  
S    30.63700   32.60700   33.09000  
C    29.39000   31.50400   32.38700  
H    28.43300   32.03200   32.42800  
H    29.51000   31.25300   31.33000  
H    29.44200   30.60300   33.00400  
O    30.16800   32.71000   34.50800  
C    28.46700   27.83600   30.77000  
H    28.03200   28.37300   29.92300  
H    27.64900   27.43200   31.37200  
H    29.09400   28.48600   31.38500  
S    29.52500   26.53200   30.10300  
C    30.64200   27.53600   29.09800  
H    31.09500   28.29200   29.74600  
H    31.30700   26.81100   28.62400  
H    30.02800   28.03100   28.34100  
O    28.58500   26.09900   29.02100  
C    27.16200   21.39700   19.44000  
H    26.84700   20.35100   19.49000  
H    27.73200   21.62500   18.53600  
H    27.79100   21.53400   20.32300  
S    25.70100   22.46000   19.45900  
C    24.59300   21.21800   20.16300  
H    23.52400   21.37700   20.00200  
H    24.77300   20.28200   19.63000  
H    24.87500   21.11400   21.21400  
O    25.44700   22.50700   17.98500  
C    24.17900   35.10600   31.29100  
H    23.43000   35.45500   32.00600  
H    24.31200   35.78300   30.44300  
H    23.80700   34.13600   30.95100  
S    25.71900   34.82400   32.19300  
C    26.13200   36.58300   32.16600  
H    25.40600   37.19700   32.70500  
H    27.07900   36.76300   32.68100  
H    26.08400   37.04000   31.17400  
O    26.65400   34.37700   31.11200  
$end

$rem
JOBTYPE  SP
METHOD  B3LYP
BASIS  6-31+G(D)
SYMMETRY  FALSE
SYM_IGNORE  TRUE
MEM_TOTAL  16000
MEM_STATIC  8000
MAX_SUB_FILE_NUM  16000
BASIS_LIN_DEP_THRESH  6
THRESH  14
SCF_CONVERGENCE  8
GEN_SCFMAN  FALSE
SCF_GUESS  READ
FD_MAT_VEC_PROD  FALSE
XC_GRID  000075000302
NL_GRID  1
MAX_SCF_CYCLES  200
SKIP_SCFMAN  TRUE
ESP_GRID  0
ESP_EFIELD  1
$end
