$molecule
0 1
--
0 1
C    27.11700   24.85400   26.27800  
C    26.78700   26.30000   26.68300  
C    25.27600   26.56000   26.57300  
C    24.46200   25.42700   27.21900  
C    24.78300   24.01700   26.69700  
C    26.28000   23.71500   26.88100  
H    25.00400   27.43900   27.17000  
H    27.04000   26.27500   27.75000  
H    27.07100   24.74900   25.18700  
H    28.18200   24.71300   26.50000  
H    24.72500   25.37400   28.28200  
H    23.38300   25.62600   27.23300  
H    24.14100   23.40900   27.34500  
H    24.50400   23.91100   25.64100  
H    26.54100   23.63400   27.94300  
H    26.46300   22.72100   26.45500  
H    24.95800   26.60200   25.52400  
N    27.54700   27.24500   25.86600  
H    27.51600   27.11500   24.86200  
C    27.94100   28.50900   26.24800  
H    28.59400   28.94600   25.47100  
O    27.66100   28.99100   27.33200  
--
0 1
C    24.85200   30.59900   25.84700  
H    23.94500   30.24500   26.34500  
H    25.27200   29.81000   25.21800  
H    25.60700   30.92800   26.56500  
S    24.43200   31.96000   24.73500  
C    23.26900   31.01800   23.72100  
H    22.73400   31.56600   22.94200  
H    23.86800   30.18500   23.34500  
H    22.48700   30.77700   24.44600  
O    25.58900   32.10500   23.79600  
C    31.63900   29.40800   29.12800  
H    32.04100   28.97600   28.20800  
H    30.81500   28.87700   29.61000  
H    31.31300   30.43500   28.94200  
S    32.95600   29.52200   30.36000  
C    32.94400   27.75400   30.73100  
H    31.93000   27.35200   30.65200  
H    33.51500   27.20300   29.97900  
H    33.35000   27.54000   31.72300  
O    32.19800   30.21600   31.44900  
C    24.47400   28.84500   32.28500  
H    24.36200   28.78600   33.37000  
H    25.19300   29.65000   32.11200  
H    23.53000   28.99200   31.75400  
S    25.13600   27.32300   31.57100  
C    25.43500   27.99900   29.92300  
H    26.22700   28.71300   30.16600  
H    25.88400   27.19900   29.32800  
H    24.51200   28.45100   29.55200  
O    23.92200   26.44800   31.50700  
C    19.97800   26.64000   31.43500  
H    20.84900   26.40000   30.82000  
H    19.21500   25.86300   31.33500  
H    19.56700   27.57100   31.03800  
S    20.63600   26.93800   33.09100  
C    20.82800   25.18700   33.49300  
H    21.36400   24.55300   32.78200  
H    21.38600   25.02600   34.41900  
H    19.81200   24.84400   33.70800  
O    19.41300   27.29300   33.87700  
C    31.53400   17.05700   25.25700  
H    31.80100   16.01300   25.07800  
H    32.23000   17.85800   24.99500  
H    31.35900   17.13900   26.33300  
S    29.90000   17.31800   24.53000  
C    30.67500   17.77600   22.96400  
H    31.31000   16.97000   22.58700  
H    30.00500   18.11200   22.16800  
H    31.33300   18.61500   23.20600  
O    29.49400   18.63700   25.11200  
C    29.55400   21.50900   27.83500  
H    29.19100   20.91900   26.99000  
H    28.72800   22.16700   28.11700  
H    30.42000   22.10700   27.54100  
S    30.10400   20.46200   29.20200  
C    30.79100   19.15800   28.15700  
H    29.97400   18.47100   27.92400  
H    31.22600   19.63200   27.27400  
H    31.54600   18.67200   28.78100  
O    28.78600   19.88100   29.61100  
C    24.87000   23.13500   30.40700  
H    23.91400   23.01200   29.89000  
H    25.31000   24.11800   30.22500  
H    25.49600   22.28900   30.11100  
S    24.55300   23.05800   32.18400  
C    26.16400   23.68400   32.71100  
H    26.17300   24.73900   32.42400  
H    26.20200   23.54600   33.79500  
H    26.93300   23.09000   32.21100  
O    24.48700   21.59200   32.48100  
C    19.78700   22.88700   27.26400  
H    19.21500   22.76200   28.18700  
H    19.15400   23.01600   26.38200  
H    20.50500   22.07800   27.10500  
S    20.77600   24.38800   27.45100  
C    21.33400   24.01800   29.13000  
H    21.65500   22.97500   29.17000  
H    22.27600   24.56600   29.21300  
H    20.55200   24.19800   29.87200  
O    19.96400   25.64500   27.48900  
C    34.29200   24.07600   27.07500  
H    34.28600   24.09700   25.98200  
H    35.18100   24.50200   27.54700  
H    34.17600   23.04200   27.40700  
S    32.76600   24.88900   27.60000  
C    32.74900   24.06500   29.20700  
H    33.62400   24.28000   29.82600  
H    31.88500   24.33200   29.82100  
H    32.67800   23.02200   28.88800  
O    31.72700   24.14300   26.82200  
C    30.40300   25.48000   23.75100  
H    30.25400   26.51900   23.44400  
H    29.50000   25.22400   24.31100  
H    31.28000   25.33700   24.38800  
S    30.58700   24.47000   22.26400  
C    32.24900   24.93200   21.72400  
H    32.97700   24.77100   22.52400  
H    32.56000   24.31500   20.87700  
H    32.35600   25.99700   21.50100  
O    29.63400   25.16600   21.34300  
C    20.39400   27.64200   21.74100  
H    21.29000   27.17100   21.32800  
H    19.73200   26.85200   22.10600  
H    19.88600   28.30200   21.03400  
S    20.98500   28.62900   23.13400  
C    21.29400   27.31600   24.33700  
H    21.96000   26.57300   23.89100  
H    21.76600   27.77900   25.20700  
H    20.32700   26.91600   24.65400  
O    19.78400   29.49200   23.36400  
C    29.58100   32.12300   26.10400  
H    29.50000   32.21600   25.01800  
H    28.90400   31.40600   26.57500  
H    29.48000   33.03500   26.69700  
S    31.23800   31.47700   26.42600  
C    32.10900   32.63300   25.34500  
H    32.08300   33.65000   25.74600  
H    33.13200   32.37800   25.05700  
H    31.52400   32.66100   24.42200  
O    31.44500   30.12700   25.81300  
C    29.89400   29.22600   22.16000  
H    29.52400   29.97400   22.86600  
H    30.52400   28.61600   22.81300  
H    30.48600   29.62400   21.33200  
S    28.50000   28.18300   21.67400  
C    27.28600   29.46400   21.28900  
H    27.34500   30.24800   22.04900  
H    27.45000   29.74300   20.24500  
H    26.31900   28.98600   21.46400  
O    27.99200   27.69900   22.99600  
C    20.29300   19.41600   25.42200  
H    21.09500   20.15800   25.39200  
H    19.52000   19.66200   26.15500  
H    20.73000   18.43700   25.63600  
S    19.68400   19.55300   23.72700  
C    18.62700   18.11000   23.98300  
H    19.05200   17.21500   24.44300  
H    17.79500   18.51900   24.56200  
H    18.33000   17.69500   23.01700  
O    20.85000   19.13000   22.88900  
C    26.72500   33.51400   28.31300  
H    26.90500   32.80900   27.49800  
H    27.35800   34.38500   28.12500  
H    26.93800   33.14100   29.31800  
S    24.96700   33.90400   28.46100  
C    24.47100   32.27700   29.07100  
H    25.05900   31.56200   28.49000  
H    24.72000   32.15900   30.12800  
H    23.40800   32.07400   28.91400  
O    24.34300   33.86000   27.10100  
C    20.43100   22.87200   21.47100  
H    20.56600   21.81200   21.70400  
H    19.48600   23.04900   20.95200  
H    21.27700   23.17900   20.85200  
S    20.41600   23.64000   23.10600  
C    21.94000   22.92400   23.76100  
H    22.70900   23.09500   23.00300  
H    22.14500   23.34500   24.74900  
H    21.77800   21.84700   23.85400  
O    19.21800   22.98200   23.71700  
C    26.06800   18.95800   31.07900  
H    27.00100   18.57900   30.65400  
H    25.23700   18.33800   30.73200  
H    25.78100   19.91000   30.62500  
S    26.15300   18.95600   32.88400  
C    27.65400   19.96100   32.92200  
H    27.80400   20.00700   34.00400  
H    28.47100   19.56800   32.31100  
H    27.43700   20.92700   32.45900  
O    26.67200   17.62800   33.33900  
C    20.90400   29.23500   28.83500  
H    21.74100   29.61400   29.42700  
H    20.00600   28.90500   29.36300  
H    21.26000   28.43200   28.18400  
S    20.43400   30.44500   27.57700  
C    19.28600   29.38100   26.67500  
H    18.43200   29.27200   27.34800  
H    19.00100   29.98900   25.81300  
H    19.79800   28.49300   26.29500  
O    21.62200   30.59700   26.68000  
C    30.57600   32.50400   20.43700  
H    31.31600   33.30000   20.32200  
H    30.60200   32.21900   21.49200  
H    30.78200   31.64500   19.79400  
S    28.98900   33.28200   20.05800  
C    28.18400   33.41600   21.67000  
H    27.65100   34.36900   21.62300  
H    27.50800   32.56500   21.78800  
H    28.89400   33.58400   22.48300  
O    28.25600   32.12900   19.44600  
C    34.16300   27.57600   25.11500  
H    34.16000   26.52500   25.41600  
H    33.17200   28.03200   25.18300  
H    34.68100   27.77900   24.17500  
S    35.12600   28.36600   26.42400  
C    36.49300   27.22500   26.11800  
H    37.08000   27.55100   25.25600  
H    37.22100   27.20200   26.93300  
H    36.10000   26.22200   25.93600  
O    34.37800   27.84400   27.61100  
C    24.08300   20.29700   24.99900  
H    23.48400   21.09000   24.54400  
H    23.58200   19.45900   25.49200  
H    24.98400   20.52100   25.57600  
S    24.70900   19.48600   23.51100  
C    26.16400   18.67700   24.21300  
H    25.81800   18.18800   25.12700  
H    26.49900   18.00700   23.41700  
H    26.92000   19.43500   24.43400  
O    25.32800   20.56800   22.68200  
C    22.25700   18.38600   28.29300  
H    22.21200   17.80600   29.21800  
H    21.27800   18.71700   27.93700  
H    22.89800   17.86500   27.57800  
S    23.07700   19.84400   28.97800  
C    22.07700   20.05900   30.46700  
H    22.44700   19.38500   31.24400  
H    22.34800   21.04600   30.84900  
H    20.99400   19.96400   30.34800  
O    22.69200   21.00500   28.11500  
C    26.10300   24.02600   22.09800  
H    26.78400   23.44600   21.47000  
H    26.63000   24.23900   23.03100  
H    25.23800   23.43000   22.40000  
S    25.40800   25.48700   21.29200  
C    24.88500   26.28500   22.82700  
H    24.15100   27.06300   22.60500  
H    24.48200   25.60200   23.57900  
H    25.71900   26.86100   23.23600  
O    24.06600   25.03000   20.81100  
C    28.82000   21.19100   21.87100  
H    28.40800   22.06000   22.39000  
H    28.05600   20.62000   21.33800  
H    29.32200   20.57600   22.62200  
S    30.15700   21.63400   20.73900  
C    29.20700   22.36900   19.38900  
H    29.47300   21.95800   18.41200  
H    28.12800   22.31900   19.55200  
H    29.56000   23.40300   19.42700  
O    30.51800   20.25200   20.29200  
C    27.29300   17.47200   27.72400  
H    27.51100   18.06600   26.83300  
H    26.71400   18.05400   28.44600  
H    28.20400   17.17700   28.25100  
S    26.18900   16.10300   27.30700  
C    27.09600   15.60200   25.82700  
H    27.49400   16.39400   25.18700  
H    27.95700   14.98800   26.10200  
H    26.44500   14.95500   25.23400  
O    24.94500   16.74500   26.77800  
C    29.03900   31.01600   30.63400  
H    30.04900   30.68400   30.88900  
H    28.48900   30.18500   30.18400  
H    28.97600   31.87800   29.96500  
S    28.23200   31.62300   32.13200  
C    28.81100   30.19200   33.07100  
H    29.60600   29.55500   32.67300  
H    28.97800   30.51200   34.10300  
H    27.97700   29.48600   33.07900  
O    26.77800   31.48400   31.80400  
C    28.79200   27.06000   31.10100  
H    28.32800   27.78400   30.42600  
H    28.27700   26.92500   32.05600  
H    29.79100   27.44400   31.32100  
S    28.96500   25.43700   30.32700  
C    29.53600   26.25100   28.81800  
H    29.34200   25.62300   27.94400  
H    29.07900   27.23100   28.66000  
H    30.61700   26.41000   28.82500  
O    27.54100   25.09900   30.01200  
$end

$rem
JOBTYPE  SP
METHOD  B3LYP
BASIS  6-31+G(D)
SYMMETRY  FALSE
SYM_IGNORE  TRUE
MEM_TOTAL  12000
MEM_STATIC  4000
BASIS_LIN_DEP_THRESH  6
THRESH  14
SCF_CONVERGENCE  8
FD_MAT_VEC_PROD  FALSE
XC_GRID  000075000302
NL_GRID  1
MAX_SCF_CYCLES  200
ENV_METHOD  B3LYP
GEN_SCFMAN_EMBED  TRUE
SPADE_PARTITION  TRUE
EMBEDDING_EARLY_STOP  TRUE
$end

@@@

$molecule
0 1
@C    27.11700   24.85400   26.27800  
@C    26.78700   26.30000   26.68300  
@C    25.27600   26.56000   26.57300  
@C    24.46200   25.42700   27.21900  
@C    24.78300   24.01700   26.69700  
@C    26.28000   23.71500   26.88100  
@H    25.00400   27.43900   27.17000  
@H    27.04000   26.27500   27.75000  
@H    27.07100   24.74900   25.18700  
@H    28.18200   24.71300   26.50000  
@H    24.72500   25.37400   28.28200  
@H    23.38300   25.62600   27.23300  
@H    24.14100   23.40900   27.34500  
@H    24.50400   23.91100   25.64100  
@H    26.54100   23.63400   27.94300  
@H    26.46300   22.72100   26.45500  
@H    24.95800   26.60200   25.52400  
@N    27.54700   27.24500   25.86600  
@H    27.51600   27.11500   24.86200  
@C    27.94100   28.50900   26.24800  
@H    28.59400   28.94600   25.47100  
@O    27.66100   28.99100   27.33200  
C    24.85200   30.59900   25.84700  
H    23.94500   30.24500   26.34500  
H    25.27200   29.81000   25.21800  
H    25.60700   30.92800   26.56500  
S    24.43200   31.96000   24.73500  
C    23.26900   31.01800   23.72100  
H    22.73400   31.56600   22.94200  
H    23.86800   30.18500   23.34500  
H    22.48700   30.77700   24.44600  
O    25.58900   32.10500   23.79600  
C    31.63900   29.40800   29.12800  
H    32.04100   28.97600   28.20800  
H    30.81500   28.87700   29.61000  
H    31.31300   30.43500   28.94200  
S    32.95600   29.52200   30.36000  
C    32.94400   27.75400   30.73100  
H    31.93000   27.35200   30.65200  
H    33.51500   27.20300   29.97900  
H    33.35000   27.54000   31.72300  
O    32.19800   30.21600   31.44900  
C    24.47400   28.84500   32.28500  
H    24.36200   28.78600   33.37000  
H    25.19300   29.65000   32.11200  
H    23.53000   28.99200   31.75400  
S    25.13600   27.32300   31.57100  
C    25.43500   27.99900   29.92300  
H    26.22700   28.71300   30.16600  
H    25.88400   27.19900   29.32800  
H    24.51200   28.45100   29.55200  
O    23.92200   26.44800   31.50700  
C    19.97800   26.64000   31.43500  
H    20.84900   26.40000   30.82000  
H    19.21500   25.86300   31.33500  
H    19.56700   27.57100   31.03800  
S    20.63600   26.93800   33.09100  
C    20.82800   25.18700   33.49300  
H    21.36400   24.55300   32.78200  
H    21.38600   25.02600   34.41900  
H    19.81200   24.84400   33.70800  
O    19.41300   27.29300   33.87700  
C    31.53400   17.05700   25.25700  
H    31.80100   16.01300   25.07800  
H    32.23000   17.85800   24.99500  
H    31.35900   17.13900   26.33300  
S    29.90000   17.31800   24.53000  
C    30.67500   17.77600   22.96400  
H    31.31000   16.97000   22.58700  
H    30.00500   18.11200   22.16800  
H    31.33300   18.61500   23.20600  
O    29.49400   18.63700   25.11200  
C    29.55400   21.50900   27.83500  
H    29.19100   20.91900   26.99000  
H    28.72800   22.16700   28.11700  
H    30.42000   22.10700   27.54100  
S    30.10400   20.46200   29.20200  
C    30.79100   19.15800   28.15700  
H    29.97400   18.47100   27.92400  
H    31.22600   19.63200   27.27400  
H    31.54600   18.67200   28.78100  
O    28.78600   19.88100   29.61100  
C    24.87000   23.13500   30.40700  
H    23.91400   23.01200   29.89000  
H    25.31000   24.11800   30.22500  
H    25.49600   22.28900   30.11100  
S    24.55300   23.05800   32.18400  
C    26.16400   23.68400   32.71100  
H    26.17300   24.73900   32.42400  
H    26.20200   23.54600   33.79500  
H    26.93300   23.09000   32.21100  
O    24.48700   21.59200   32.48100  
C    19.78700   22.88700   27.26400  
H    19.21500   22.76200   28.18700  
H    19.15400   23.01600   26.38200  
H    20.50500   22.07800   27.10500  
S    20.77600   24.38800   27.45100  
C    21.33400   24.01800   29.13000  
H    21.65500   22.97500   29.17000  
H    22.27600   24.56600   29.21300  
H    20.55200   24.19800   29.87200  
O    19.96400   25.64500   27.48900  
C    34.29200   24.07600   27.07500  
H    34.28600   24.09700   25.98200  
H    35.18100   24.50200   27.54700  
H    34.17600   23.04200   27.40700  
S    32.76600   24.88900   27.60000  
C    32.74900   24.06500   29.20700  
H    33.62400   24.28000   29.82600  
H    31.88500   24.33200   29.82100  
H    32.67800   23.02200   28.88800  
O    31.72700   24.14300   26.82200  
C    30.40300   25.48000   23.75100  
H    30.25400   26.51900   23.44400  
H    29.50000   25.22400   24.31100  
H    31.28000   25.33700   24.38800  
S    30.58700   24.47000   22.26400  
C    32.24900   24.93200   21.72400  
H    32.97700   24.77100   22.52400  
H    32.56000   24.31500   20.87700  
H    32.35600   25.99700   21.50100  
O    29.63400   25.16600   21.34300  
C    20.39400   27.64200   21.74100  
H    21.29000   27.17100   21.32800  
H    19.73200   26.85200   22.10600  
H    19.88600   28.30200   21.03400  
S    20.98500   28.62900   23.13400  
C    21.29400   27.31600   24.33700  
H    21.96000   26.57300   23.89100  
H    21.76600   27.77900   25.20700  
H    20.32700   26.91600   24.65400  
O    19.78400   29.49200   23.36400  
C    29.58100   32.12300   26.10400  
H    29.50000   32.21600   25.01800  
H    28.90400   31.40600   26.57500  
H    29.48000   33.03500   26.69700  
S    31.23800   31.47700   26.42600  
C    32.10900   32.63300   25.34500  
H    32.08300   33.65000   25.74600  
H    33.13200   32.37800   25.05700  
H    31.52400   32.66100   24.42200  
O    31.44500   30.12700   25.81300  
C    29.89400   29.22600   22.16000  
H    29.52400   29.97400   22.86600  
H    30.52400   28.61600   22.81300  
H    30.48600   29.62400   21.33200  
S    28.50000   28.18300   21.67400  
C    27.28600   29.46400   21.28900  
H    27.34500   30.24800   22.04900  
H    27.45000   29.74300   20.24500  
H    26.31900   28.98600   21.46400  
O    27.99200   27.69900   22.99600  
C    20.29300   19.41600   25.42200  
H    21.09500   20.15800   25.39200  
H    19.52000   19.66200   26.15500  
H    20.73000   18.43700   25.63600  
S    19.68400   19.55300   23.72700  
C    18.62700   18.11000   23.98300  
H    19.05200   17.21500   24.44300  
H    17.79500   18.51900   24.56200  
H    18.33000   17.69500   23.01700  
O    20.85000   19.13000   22.88900  
C    26.72500   33.51400   28.31300  
H    26.90500   32.80900   27.49800  
H    27.35800   34.38500   28.12500  
H    26.93800   33.14100   29.31800  
S    24.96700   33.90400   28.46100  
C    24.47100   32.27700   29.07100  
H    25.05900   31.56200   28.49000  
H    24.72000   32.15900   30.12800  
H    23.40800   32.07400   28.91400  
O    24.34300   33.86000   27.10100  
C    20.43100   22.87200   21.47100  
H    20.56600   21.81200   21.70400  
H    19.48600   23.04900   20.95200  
H    21.27700   23.17900   20.85200  
S    20.41600   23.64000   23.10600  
C    21.94000   22.92400   23.76100  
H    22.70900   23.09500   23.00300  
H    22.14500   23.34500   24.74900  
H    21.77800   21.84700   23.85400  
O    19.21800   22.98200   23.71700  
C    26.06800   18.95800   31.07900  
H    27.00100   18.57900   30.65400  
H    25.23700   18.33800   30.73200  
H    25.78100   19.91000   30.62500  
S    26.15300   18.95600   32.88400  
C    27.65400   19.96100   32.92200  
H    27.80400   20.00700   34.00400  
H    28.47100   19.56800   32.31100  
H    27.43700   20.92700   32.45900  
O    26.67200   17.62800   33.33900  
C    20.90400   29.23500   28.83500  
H    21.74100   29.61400   29.42700  
H    20.00600   28.90500   29.36300  
H    21.26000   28.43200   28.18400  
S    20.43400   30.44500   27.57700  
C    19.28600   29.38100   26.67500  
H    18.43200   29.27200   27.34800  
H    19.00100   29.98900   25.81300  
H    19.79800   28.49300   26.29500  
O    21.62200   30.59700   26.68000  
C    30.57600   32.50400   20.43700  
H    31.31600   33.30000   20.32200  
H    30.60200   32.21900   21.49200  
H    30.78200   31.64500   19.79400  
S    28.98900   33.28200   20.05800  
C    28.18400   33.41600   21.67000  
H    27.65100   34.36900   21.62300  
H    27.50800   32.56500   21.78800  
H    28.89400   33.58400   22.48300  
O    28.25600   32.12900   19.44600  
C    34.16300   27.57600   25.11500  
H    34.16000   26.52500   25.41600  
H    33.17200   28.03200   25.18300  
H    34.68100   27.77900   24.17500  
S    35.12600   28.36600   26.42400  
C    36.49300   27.22500   26.11800  
H    37.08000   27.55100   25.25600  
H    37.22100   27.20200   26.93300  
H    36.10000   26.22200   25.93600  
O    34.37800   27.84400   27.61100  
C    24.08300   20.29700   24.99900  
H    23.48400   21.09000   24.54400  
H    23.58200   19.45900   25.49200  
H    24.98400   20.52100   25.57600  
S    24.70900   19.48600   23.51100  
C    26.16400   18.67700   24.21300  
H    25.81800   18.18800   25.12700  
H    26.49900   18.00700   23.41700  
H    26.92000   19.43500   24.43400  
O    25.32800   20.56800   22.68200  
C    22.25700   18.38600   28.29300  
H    22.21200   17.80600   29.21800  
H    21.27800   18.71700   27.93700  
H    22.89800   17.86500   27.57800  
S    23.07700   19.84400   28.97800  
C    22.07700   20.05900   30.46700  
H    22.44700   19.38500   31.24400  
H    22.34800   21.04600   30.84900  
H    20.99400   19.96400   30.34800  
O    22.69200   21.00500   28.11500  
C    26.10300   24.02600   22.09800  
H    26.78400   23.44600   21.47000  
H    26.63000   24.23900   23.03100  
H    25.23800   23.43000   22.40000  
S    25.40800   25.48700   21.29200  
C    24.88500   26.28500   22.82700  
H    24.15100   27.06300   22.60500  
H    24.48200   25.60200   23.57900  
H    25.71900   26.86100   23.23600  
O    24.06600   25.03000   20.81100  
C    28.82000   21.19100   21.87100  
H    28.40800   22.06000   22.39000  
H    28.05600   20.62000   21.33800  
H    29.32200   20.57600   22.62200  
S    30.15700   21.63400   20.73900  
C    29.20700   22.36900   19.38900  
H    29.47300   21.95800   18.41200  
H    28.12800   22.31900   19.55200  
H    29.56000   23.40300   19.42700  
O    30.51800   20.25200   20.29200  
C    27.29300   17.47200   27.72400  
H    27.51100   18.06600   26.83300  
H    26.71400   18.05400   28.44600  
H    28.20400   17.17700   28.25100  
S    26.18900   16.10300   27.30700  
C    27.09600   15.60200   25.82700  
H    27.49400   16.39400   25.18700  
H    27.95700   14.98800   26.10200  
H    26.44500   14.95500   25.23400  
O    24.94500   16.74500   26.77800  
C    29.03900   31.01600   30.63400  
H    30.04900   30.68400   30.88900  
H    28.48900   30.18500   30.18400  
H    28.97600   31.87800   29.96500  
S    28.23200   31.62300   32.13200  
C    28.81100   30.19200   33.07100  
H    29.60600   29.55500   32.67300  
H    28.97800   30.51200   34.10300  
H    27.97700   29.48600   33.07900  
O    26.77800   31.48400   31.80400  
C    28.79200   27.06000   31.10100  
H    28.32800   27.78400   30.42600  
H    28.27700   26.92500   32.05600  
H    29.79100   27.44400   31.32100  
S    28.96500   25.43700   30.32700  
C    29.53600   26.25100   28.81800  
H    29.34200   25.62300   27.94400  
H    29.07900   27.23100   28.66000  
H    30.61700   26.41000   28.82500  
O    27.54100   25.09900   30.01200  
$end

$rem
JOBTYPE  SP
METHOD  B3LYP
BASIS  6-31+G(D)
SYMMETRY  FALSE
SYM_IGNORE  TRUE
MEM_TOTAL  12000
MEM_STATIC  4000
BASIS_LIN_DEP_THRESH  6
THRESH  14
SCF_CONVERGENCE  8
FD_MAT_VEC_PROD  FALSE
XC_GRID  000075000302
NL_GRID  1
MAX_SCF_CYCLES  200
SCF_GUESS  READ
GEN_SCFMAN  FALSE
SKIP_SCFMAN  TRUE
ESP_GRID  0
ESP_EFIELD  1
$end
