$molecule
0 1
--
0 1
C    23.51300   15.45400   26.01900  
C    22.88400   15.47600   27.42100  
C    23.76400   16.06300   28.53700  
C    24.37600   17.41800   28.14400  
C    25.03600   17.42500   26.75500  
C    24.03400   16.87200   25.72900  
H    23.17000   16.17300   29.45200  
H    22.00900   16.13700   27.37500  
H    24.33700   14.76200   25.80700  
H    22.75300   15.14800   25.29000  
H    23.64300   18.23500   28.15400  
H    25.05900   17.77100   28.92500  
H    25.36500   18.44500   26.51800  
H    25.92900   16.78900   26.74300  
H    23.16500   17.52100   25.56800  
H    24.32100   16.82100   24.67100  
H    24.61300   15.37400   28.62800  
N    22.42000   14.11600   27.68800  
H    22.91800   13.29300   27.36800  
C    21.29800   13.76800   28.41000  
H    20.96700   12.71500   28.35600  
O    20.70600   14.62200   29.04700  
--
0 1
C    22.45900   23.40700   21.69500  
H    21.62200   23.88300   21.17600  
H    22.11500   23.37900   22.73200  
H    23.39900   23.94300   21.54200  
S    22.48300   21.61300   21.48400  
C    23.11700   21.67700   19.79300  
H    23.66100   20.75800   19.56000  
H    22.26700   21.67900   19.10600  
H    23.80000   22.50900   19.60400  
O    21.00900   21.36300   21.39700  
C    20.28400   17.66200   24.09300  
H    20.63000   18.67500   24.31200  
H    19.42300   17.62700   23.42100  
H    20.12000   17.05200   24.98500  
S    21.58400   16.90600   23.09100  
C    22.25700   18.36700   22.26800  
H    22.98000   18.09900   21.49300  
H    21.42100   18.86400   21.76900  
H    22.61000   19.12700   22.96900  
O    20.79200   16.13000   22.08500  
C    25.21000   20.43600   30.79400  
H    24.73100   19.45800   30.89100  
H    26.30300   20.40700   30.76500  
H    24.94400   20.96400   31.71300  
S    24.55800   21.41300   29.42100  
C    25.75200   22.76200   29.56700  
H    25.65500   23.23900   30.54600  
H    26.76400   22.38500   29.39800  
H    25.49300   23.39200   28.71300  
O    23.33700   22.12400   29.91500  
C    27.73200   12.96300   24.22200  
H    27.93800   13.34600   23.21900  
H    27.07700   12.10400   24.06100  
H    27.27500   13.73000   24.85300  
S    29.32000   12.55200   24.98200  
C    29.28900   10.96400   24.12100  
H    28.67000   10.30400   24.73400  
H    28.97200   11.06500   23.08000  
H    30.30500   10.57200   24.02600  
O    29.09500   12.27600   26.43600  
C    30.13600   20.95100   31.93700  
H    29.90500   20.36000   32.82800  
H    30.82100   21.79100   32.07500  
H    29.19600   21.33200   31.53000  
S    30.94100   19.76200   30.84000  
C    29.61000   18.55000   30.99700  
H    28.70200   18.94700   30.53600  
H    29.98300   17.70400   30.41500  
H    29.40600   18.23100   32.02200  
O    32.05800   19.10300   31.58800  
C    25.74400   15.74500   33.42000  
H    24.81200   15.36100   32.99800  
H    26.60500   15.17300   33.06600  
H    25.66300   15.63500   34.50400  
S    25.97600   17.45900   32.89500  
C    26.35700   16.95800   31.20100  
H    27.16500   16.22300   31.22700  
H    25.53200   16.40300   30.74700  
H    26.57600   17.77900   30.51300  
O    27.35100   17.64800   33.45500  
C    25.23400   22.16600   34.65600  
H    24.50600   21.98200   33.86200  
H    24.85200   21.90300   35.64600  
H    25.43300   23.23600   34.56300  
S    26.64500   21.16700   34.12900  
C    27.62600   21.49800   35.60900  
H    27.62000   22.57200   35.81100  
H    27.27200   20.82100   36.39100  
H    28.68400   21.24100   35.51100  
O    27.27900   21.99400   33.05400  
C    22.39800   18.89900   35.35700  
H    23.31000   18.48500   35.79400  
H    21.99100   19.76300   35.88800  
H    21.63900   18.11300   35.30800  
S    22.86000   19.41900   33.68900  
C    21.19600   20.09200   33.47800  
H    21.01000   20.76900   34.31600  
H    21.00200   20.50500   32.48500  
H    20.48100   19.27400   33.59600  
O    22.91300   18.18000   32.85000  
C    22.11300   7.31100    29.46700  
H    22.49900   8.33300    29.48100  
H    22.77500   6.59700    29.96400  
H    21.99200   7.01500    28.42200  
S    20.49000   7.38800    30.25800  
C    21.01900   8.09500    31.83400  
H    22.04800   8.44600    31.72500  
H    20.32700   8.84300    32.22800  
H    20.93100   7.29300    32.57200  
O    20.15200   5.95400    30.52000  
C    15.29100   13.98200   24.16600  
H    14.27500   13.81600   23.80000  
H    15.67400   14.87700   23.66800  
H    15.95700   13.14400   23.94500  
S    15.34400   14.29600   25.94500  
C    15.71500   12.62600   26.52700  
H    16.62200   12.26000   26.03900  
H    15.85500   12.73100   27.60600  
H    14.75300   12.14400   26.33600  
O    13.92400   14.43500   26.40000  
C    20.41600   11.37900   24.28500  
H    21.37700   11.82200   24.01300  
H    20.39000   11.28700   25.37300  
H    20.22000   10.45400   23.73600  
S    19.23800   12.59500   23.65200  
C    19.38600   13.86400   24.93000  
H    18.76400   14.74900   24.77600  
H    19.03800   13.36000   25.83600  
H    20.44700   14.12500   24.93500  
O    17.93400   11.95300   24.01000  
C    28.94200   15.23100   27.64400  
H    28.42700   14.87400   26.74900  
H    28.45200   16.16800   27.92000  
H    29.97500   15.51600   27.42600  
S    28.94600   14.06400   29.02300  
C    27.15100   13.86900   28.95100  
H    26.86700   13.42300   29.90700  
H    26.67100   14.84200   28.81700  
H    26.98900   13.08100   28.21100  
O    29.21100   15.02800   30.13700  
C    27.13200   18.74600   23.13500  
H    27.93000   19.07000   23.80800  
H    26.36700   18.24800   23.73700  
H    27.66200   18.09900   22.43200  
S    26.36900   19.98300   22.06100  
C    25.62900   20.88300   23.44200  
H    26.37000   21.40500   24.05200  
H    24.97500   21.60700   22.94800  
H    25.05600   20.18000   24.05100  
O    25.26600   19.22500   21.39000  
C    17.61700   15.53300   28.94600  
H    17.25800   16.56000   28.83700  
H    18.67700   15.57700   28.68400  
H    17.12500   14.88700   28.21400  
S    17.30800   15.20000   30.69500  
C    17.44900   13.40500   30.54700  
H    18.40800   13.26600   30.04100  
H    17.54600   13.07200   31.58400  
H    16.51200   13.06100   30.10200  
O    15.83500   15.44900   30.78200  
C    21.14000   14.88700   32.03800  
H    21.57800   13.88800   31.96900  
H    20.25100   14.94800   31.40600  
H    21.85700   15.64800   31.71800  
S    20.63200   15.25400   33.73300  
C    22.29200   15.20800   34.44400  
H    22.79100   14.26500   34.20500  
H    22.81200   16.09100   34.06300  
H    22.32200   15.27200   35.53500  
O    19.98400   14.00600   34.24800  
C    28.17100   18.55500   17.84700  
H    29.03200   19.04400   17.38400  
H    27.49800   18.16300   17.08000  
H    27.66600   19.31900   18.44300  
S    28.68500   17.25300   18.99000  
C    27.01800   16.98100   19.63100  
H    27.08400   16.25900   20.44900  
H    26.77400   17.93300   20.11000  
H    26.34100   16.71500   18.81500  
O    29.45800   17.92400   20.08300  
C    17.76000   19.87100   25.97700  
H    17.78100   19.67500   27.05200  
H    18.77700   19.89000   25.57800  
H    17.25700   20.83900   25.90200  
S    16.78800   18.53000   25.25400  
C    15.28900   18.66100   26.25500  
H    14.90900   19.62300   25.90200  
H    14.57000   17.90400   25.93000  
H    15.38500   18.65900   27.34400  
O    17.41200   17.28100   25.79400  
C    20.25800   19.36600   28.26000  
H    20.00400   20.33100   27.81200  
H    21.23600   19.03800   27.89800  
H    19.50600   18.58700   28.10600  
S    20.26600   19.63900   30.04600  
C    20.91300   17.97900   30.34800  
H    21.97600   18.13300   30.54900  
H    20.50300   17.70200   31.32300  
H    20.63700   17.32100   29.52000  
O    18.84800   19.52400   30.50900  
C    27.27200   20.82500   26.43400  
H    26.81700   21.72300   26.86000  
H    27.84500   20.97500   25.51600  
H    26.44900   20.14900   26.18900  
S    28.31100   20.00300   27.66300  
C    29.07000   18.72400   26.63700  
H    29.76300   18.14000   27.24900  
H    28.25800   18.09200   26.26900  
H    29.58300   19.04500   25.72700  
O    27.31000   19.28900   28.51700  
C    22.68100   11.52200   32.66300  
H    22.70900   10.55700   33.17700  
H    22.19000   12.26600   33.29500  
H    22.11400   11.43900   31.73200  
S    24.39800   11.88400   32.23100  
C    24.80000   12.18100   33.96800  
H    24.19100   12.98200   34.39500  
H    24.66000   11.22900   34.48700  
H    25.87200   12.38800   34.00800  
O    24.41600   13.14600   31.42700  
C    31.81900   17.83300   23.56100  
H    31.62000   18.70000   24.19700  
H    32.88200   17.65100   23.38100  
H    31.29700   17.89200   22.60300  
S    31.39500   16.35800   24.51500  
C    29.70100   16.33900   23.88800  
H    29.55700   16.06600   22.83900  
H    29.12800   15.63800   24.50100  
H    29.22600   17.30400   24.08100  
O    31.19700   16.79100   25.93400  
C    23.43700   14.81000   20.67700  
H    23.78400   14.94300   19.64800  
H    22.45100   14.34300   20.62400  
H    23.46200   15.83400   21.06000  
S    24.58200   13.69600   21.52100  
C    23.43900   13.45700   22.90000  
H    23.88600   12.93800   23.75100  
H    22.98200   14.39500   23.22800  
H    22.68900   12.73700   22.56400  
O    25.73700   14.55400   21.93200  
C    25.13300   24.82400   24.08400  
H    25.08900   25.79400   23.58300  
H    25.89700   24.24800   23.55700  
H    24.08300   24.52400   24.14000  
S    25.66900   25.04500   25.79500  
C    27.17000   26.01800   25.53300  
H    26.95400   27.07900   25.38800  
H    27.76300   25.85200   26.43600  
H    27.80900   25.59700   24.75200  
O    26.11300   23.68100   26.22300  
C    17.77600   9.93200    28.59000  
H    18.05700   10.38000   29.54600  
H    16.73800   10.19400   28.36900  
H    17.96000   8.86100    28.70100  
S    18.89800   10.42100   27.26000  
C    18.81300   8.83300    26.40100  
H    19.06500   8.00900    27.07400  
H    17.79500   8.67100    26.03900  
H    19.43800   8.96500    25.51400  
O    20.24000   10.46100   27.92100  
C    22.38500   22.28300   26.73300  
H    23.38300   22.25700   27.17800  
H    22.02800   23.27400   26.44300  
H    21.69600   21.73500   27.38200  
S    22.46000   21.41200   25.15200  
C    20.70000   21.66500   24.82800  
H    20.32200   21.04400   24.01200  
H    20.15100   21.38400   25.73100  
H    20.45200   22.70100   24.58700  
O    22.31200   20.02300   25.69000  
C    25.81200   10.24200   26.30800  
H    25.38000   9.49200    26.97400  
H    25.56100   10.02900   25.26500  
H    26.90300   10.26700   26.37000  
S    25.01900   11.82400   26.67600  
C    24.55700   11.39300   28.36900  
H    23.76500   10.64000   28.34400  
H    25.42400   10.91500   28.83200  
H    24.35100   12.25400   29.01100  
O    23.83000   11.69300   25.77700  
C    31.41300   21.13600   21.71900  
H    31.56500   20.95200   20.65200  
H    31.64800   22.17300   21.97200  
H    31.98100   20.45300   22.35700  
S    29.67400   20.79700   22.07300  
C    28.89900   22.14500   21.15100  
H    28.46700   21.85700   20.18900  
H    28.06800   22.53300   21.74400  
H    29.61000   22.96900   21.04700  
O    29.58300   21.30300   23.47900  
C    22.70900   6.37200    23.92300  
H    22.02600   6.02400    24.70200  
H    22.36600   5.85300    23.02300  
H    23.74700   6.21100    24.22500  
S    22.24800   8.11900    23.90600  
C    22.37200   8.30400    25.69900  
H    21.55700   8.98200    25.96400  
H    22.28100   7.37700    26.27100  
H    23.37000   8.71500    25.87500  
O    20.75700   8.05800    23.78400  
$end

$rem
JOBTYPE  SP
METHOD  B3LYP
BASIS  6-31+G(D)
SYMMETRY  FALSE
SYM_IGNORE  TRUE
MEM_TOTAL  16000
MEM_STATIC  8000
MAX_SUB_FILE_NUM  16000
BASIS_LIN_DEP_THRESH  6
THRESH  14
SCF_CONVERGENCE  8
GEN_SCFMAN  TRUE
SCF_GUESS  SAD
FD_MAT_VEC_PROD  FALSE
XC_GRID  000075000302
NL_GRID  1
MAX_SCF_CYCLES  200
ENV_METHOD  B3LYP
GEN_SCFMAN_EMBED  TRUE
SPADE_PARTITION  TRUE
$end

$development
embedding_early_stop  1
$end

@@@

$molecule
0 1
@C    23.51300   15.45400   26.01900  
@C    22.88400   15.47600   27.42100  
@C    23.76400   16.06300   28.53700  
@C    24.37600   17.41800   28.14400  
@C    25.03600   17.42500   26.75500  
@C    24.03400   16.87200   25.72900  
@H    23.17000   16.17300   29.45200  
@H    22.00900   16.13700   27.37500  
@H    24.33700   14.76200   25.80700  
@H    22.75300   15.14800   25.29000  
@H    23.64300   18.23500   28.15400  
@H    25.05900   17.77100   28.92500  
@H    25.36500   18.44500   26.51800  
@H    25.92900   16.78900   26.74300  
@H    23.16500   17.52100   25.56800  
@H    24.32100   16.82100   24.67100  
@H    24.61300   15.37400   28.62800  
@N    22.42000   14.11600   27.68800  
@H    22.91800   13.29300   27.36800  
@C    21.29800   13.76800   28.41000  
@H    20.96700   12.71500   28.35600  
@O    20.70600   14.62200   29.04700  
C    22.45900   23.40700   21.69500  
H    21.62200   23.88300   21.17600  
H    22.11500   23.37900   22.73200  
H    23.39900   23.94300   21.54200  
S    22.48300   21.61300   21.48400  
C    23.11700   21.67700   19.79300  
H    23.66100   20.75800   19.56000  
H    22.26700   21.67900   19.10600  
H    23.80000   22.50900   19.60400  
O    21.00900   21.36300   21.39700  
C    20.28400   17.66200   24.09300  
H    20.63000   18.67500   24.31200  
H    19.42300   17.62700   23.42100  
H    20.12000   17.05200   24.98500  
S    21.58400   16.90600   23.09100  
C    22.25700   18.36700   22.26800  
H    22.98000   18.09900   21.49300  
H    21.42100   18.86400   21.76900  
H    22.61000   19.12700   22.96900  
O    20.79200   16.13000   22.08500  
C    25.21000   20.43600   30.79400  
H    24.73100   19.45800   30.89100  
H    26.30300   20.40700   30.76500  
H    24.94400   20.96400   31.71300  
S    24.55800   21.41300   29.42100  
C    25.75200   22.76200   29.56700  
H    25.65500   23.23900   30.54600  
H    26.76400   22.38500   29.39800  
H    25.49300   23.39200   28.71300  
O    23.33700   22.12400   29.91500  
C    27.73200   12.96300   24.22200  
H    27.93800   13.34600   23.21900  
H    27.07700   12.10400   24.06100  
H    27.27500   13.73000   24.85300  
S    29.32000   12.55200   24.98200  
C    29.28900   10.96400   24.12100  
H    28.67000   10.30400   24.73400  
H    28.97200   11.06500   23.08000  
H    30.30500   10.57200   24.02600  
O    29.09500   12.27600   26.43600  
C    30.13600   20.95100   31.93700  
H    29.90500   20.36000   32.82800  
H    30.82100   21.79100   32.07500  
H    29.19600   21.33200   31.53000  
S    30.94100   19.76200   30.84000  
C    29.61000   18.55000   30.99700  
H    28.70200   18.94700   30.53600  
H    29.98300   17.70400   30.41500  
H    29.40600   18.23100   32.02200  
O    32.05800   19.10300   31.58800  
C    25.74400   15.74500   33.42000  
H    24.81200   15.36100   32.99800  
H    26.60500   15.17300   33.06600  
H    25.66300   15.63500   34.50400  
S    25.97600   17.45900   32.89500  
C    26.35700   16.95800   31.20100  
H    27.16500   16.22300   31.22700  
H    25.53200   16.40300   30.74700  
H    26.57600   17.77900   30.51300  
O    27.35100   17.64800   33.45500  
C    25.23400   22.16600   34.65600  
H    24.50600   21.98200   33.86200  
H    24.85200   21.90300   35.64600  
H    25.43300   23.23600   34.56300  
S    26.64500   21.16700   34.12900  
C    27.62600   21.49800   35.60900  
H    27.62000   22.57200   35.81100  
H    27.27200   20.82100   36.39100  
H    28.68400   21.24100   35.51100  
O    27.27900   21.99400   33.05400  
C    22.39800   18.89900   35.35700  
H    23.31000   18.48500   35.79400  
H    21.99100   19.76300   35.88800  
H    21.63900   18.11300   35.30800  
S    22.86000   19.41900   33.68900  
C    21.19600   20.09200   33.47800  
H    21.01000   20.76900   34.31600  
H    21.00200   20.50500   32.48500  
H    20.48100   19.27400   33.59600  
O    22.91300   18.18000   32.85000  
C    22.11300   7.31100    29.46700  
H    22.49900   8.33300    29.48100  
H    22.77500   6.59700    29.96400  
H    21.99200   7.01500    28.42200  
S    20.49000   7.38800    30.25800  
C    21.01900   8.09500    31.83400  
H    22.04800   8.44600    31.72500  
H    20.32700   8.84300    32.22800  
H    20.93100   7.29300    32.57200  
O    20.15200   5.95400    30.52000  
C    15.29100   13.98200   24.16600  
H    14.27500   13.81600   23.80000  
H    15.67400   14.87700   23.66800  
H    15.95700   13.14400   23.94500  
S    15.34400   14.29600   25.94500  
C    15.71500   12.62600   26.52700  
H    16.62200   12.26000   26.03900  
H    15.85500   12.73100   27.60600  
H    14.75300   12.14400   26.33600  
O    13.92400   14.43500   26.40000  
C    20.41600   11.37900   24.28500  
H    21.37700   11.82200   24.01300  
H    20.39000   11.28700   25.37300  
H    20.22000   10.45400   23.73600  
S    19.23800   12.59500   23.65200  
C    19.38600   13.86400   24.93000  
H    18.76400   14.74900   24.77600  
H    19.03800   13.36000   25.83600  
H    20.44700   14.12500   24.93500  
O    17.93400   11.95300   24.01000  
C    28.94200   15.23100   27.64400  
H    28.42700   14.87400   26.74900  
H    28.45200   16.16800   27.92000  
H    29.97500   15.51600   27.42600  
S    28.94600   14.06400   29.02300  
C    27.15100   13.86900   28.95100  
H    26.86700   13.42300   29.90700  
H    26.67100   14.84200   28.81700  
H    26.98900   13.08100   28.21100  
O    29.21100   15.02800   30.13700  
C    27.13200   18.74600   23.13500  
H    27.93000   19.07000   23.80800  
H    26.36700   18.24800   23.73700  
H    27.66200   18.09900   22.43200  
S    26.36900   19.98300   22.06100  
C    25.62900   20.88300   23.44200  
H    26.37000   21.40500   24.05200  
H    24.97500   21.60700   22.94800  
H    25.05600   20.18000   24.05100  
O    25.26600   19.22500   21.39000  
C    17.61700   15.53300   28.94600  
H    17.25800   16.56000   28.83700  
H    18.67700   15.57700   28.68400  
H    17.12500   14.88700   28.21400  
S    17.30800   15.20000   30.69500  
C    17.44900   13.40500   30.54700  
H    18.40800   13.26600   30.04100  
H    17.54600   13.07200   31.58400  
H    16.51200   13.06100   30.10200  
O    15.83500   15.44900   30.78200  
C    21.14000   14.88700   32.03800  
H    21.57800   13.88800   31.96900  
H    20.25100   14.94800   31.40600  
H    21.85700   15.64800   31.71800  
S    20.63200   15.25400   33.73300  
C    22.29200   15.20800   34.44400  
H    22.79100   14.26500   34.20500  
H    22.81200   16.09100   34.06300  
H    22.32200   15.27200   35.53500  
O    19.98400   14.00600   34.24800  
C    28.17100   18.55500   17.84700  
H    29.03200   19.04400   17.38400  
H    27.49800   18.16300   17.08000  
H    27.66600   19.31900   18.44300  
S    28.68500   17.25300   18.99000  
C    27.01800   16.98100   19.63100  
H    27.08400   16.25900   20.44900  
H    26.77400   17.93300   20.11000  
H    26.34100   16.71500   18.81500  
O    29.45800   17.92400   20.08300  
C    17.76000   19.87100   25.97700  
H    17.78100   19.67500   27.05200  
H    18.77700   19.89000   25.57800  
H    17.25700   20.83900   25.90200  
S    16.78800   18.53000   25.25400  
C    15.28900   18.66100   26.25500  
H    14.90900   19.62300   25.90200  
H    14.57000   17.90400   25.93000  
H    15.38500   18.65900   27.34400  
O    17.41200   17.28100   25.79400  
C    20.25800   19.36600   28.26000  
H    20.00400   20.33100   27.81200  
H    21.23600   19.03800   27.89800  
H    19.50600   18.58700   28.10600  
S    20.26600   19.63900   30.04600  
C    20.91300   17.97900   30.34800  
H    21.97600   18.13300   30.54900  
H    20.50300   17.70200   31.32300  
H    20.63700   17.32100   29.52000  
O    18.84800   19.52400   30.50900  
C    27.27200   20.82500   26.43400  
H    26.81700   21.72300   26.86000  
H    27.84500   20.97500   25.51600  
H    26.44900   20.14900   26.18900  
S    28.31100   20.00300   27.66300  
C    29.07000   18.72400   26.63700  
H    29.76300   18.14000   27.24900  
H    28.25800   18.09200   26.26900  
H    29.58300   19.04500   25.72700  
O    27.31000   19.28900   28.51700  
C    22.68100   11.52200   32.66300  
H    22.70900   10.55700   33.17700  
H    22.19000   12.26600   33.29500  
H    22.11400   11.43900   31.73200  
S    24.39800   11.88400   32.23100  
C    24.80000   12.18100   33.96800  
H    24.19100   12.98200   34.39500  
H    24.66000   11.22900   34.48700  
H    25.87200   12.38800   34.00800  
O    24.41600   13.14600   31.42700  
C    31.81900   17.83300   23.56100  
H    31.62000   18.70000   24.19700  
H    32.88200   17.65100   23.38100  
H    31.29700   17.89200   22.60300  
S    31.39500   16.35800   24.51500  
C    29.70100   16.33900   23.88800  
H    29.55700   16.06600   22.83900  
H    29.12800   15.63800   24.50100  
H    29.22600   17.30400   24.08100  
O    31.19700   16.79100   25.93400  
C    23.43700   14.81000   20.67700  
H    23.78400   14.94300   19.64800  
H    22.45100   14.34300   20.62400  
H    23.46200   15.83400   21.06000  
S    24.58200   13.69600   21.52100  
C    23.43900   13.45700   22.90000  
H    23.88600   12.93800   23.75100  
H    22.98200   14.39500   23.22800  
H    22.68900   12.73700   22.56400  
O    25.73700   14.55400   21.93200  
C    25.13300   24.82400   24.08400  
H    25.08900   25.79400   23.58300  
H    25.89700   24.24800   23.55700  
H    24.08300   24.52400   24.14000  
S    25.66900   25.04500   25.79500  
C    27.17000   26.01800   25.53300  
H    26.95400   27.07900   25.38800  
H    27.76300   25.85200   26.43600  
H    27.80900   25.59700   24.75200  
O    26.11300   23.68100   26.22300  
C    17.77600   9.93200    28.59000  
H    18.05700   10.38000   29.54600  
H    16.73800   10.19400   28.36900  
H    17.96000   8.86100    28.70100  
S    18.89800   10.42100   27.26000  
C    18.81300   8.83300    26.40100  
H    19.06500   8.00900    27.07400  
H    17.79500   8.67100    26.03900  
H    19.43800   8.96500    25.51400  
O    20.24000   10.46100   27.92100  
C    22.38500   22.28300   26.73300  
H    23.38300   22.25700   27.17800  
H    22.02800   23.27400   26.44300  
H    21.69600   21.73500   27.38200  
S    22.46000   21.41200   25.15200  
C    20.70000   21.66500   24.82800  
H    20.32200   21.04400   24.01200  
H    20.15100   21.38400   25.73100  
H    20.45200   22.70100   24.58700  
O    22.31200   20.02300   25.69000  
C    25.81200   10.24200   26.30800  
H    25.38000   9.49200    26.97400  
H    25.56100   10.02900   25.26500  
H    26.90300   10.26700   26.37000  
S    25.01900   11.82400   26.67600  
C    24.55700   11.39300   28.36900  
H    23.76500   10.64000   28.34400  
H    25.42400   10.91500   28.83200  
H    24.35100   12.25400   29.01100  
O    23.83000   11.69300   25.77700  
C    31.41300   21.13600   21.71900  
H    31.56500   20.95200   20.65200  
H    31.64800   22.17300   21.97200  
H    31.98100   20.45300   22.35700  
S    29.67400   20.79700   22.07300  
C    28.89900   22.14500   21.15100  
H    28.46700   21.85700   20.18900  
H    28.06800   22.53300   21.74400  
H    29.61000   22.96900   21.04700  
O    29.58300   21.30300   23.47900  
C    22.70900   6.37200    23.92300  
H    22.02600   6.02400    24.70200  
H    22.36600   5.85300    23.02300  
H    23.74700   6.21100    24.22500  
S    22.24800   8.11900    23.90600  
C    22.37200   8.30400    25.69900  
H    21.55700   8.98200    25.96400  
H    22.28100   7.37700    26.27100  
H    23.37000   8.71500    25.87500  
O    20.75700   8.05800    23.78400  
$end

$rem
JOBTYPE  SP
METHOD  B3LYP
BASIS  6-31+G(D)
SYMMETRY  FALSE
SYM_IGNORE  TRUE
MEM_TOTAL  16000
MEM_STATIC  8000
MAX_SUB_FILE_NUM  16000
BASIS_LIN_DEP_THRESH  6
THRESH  14
SCF_CONVERGENCE  8
GEN_SCFMAN  FALSE
SCF_GUESS  READ
FD_MAT_VEC_PROD  FALSE
XC_GRID  000075000302
NL_GRID  1
MAX_SCF_CYCLES  200
SKIP_SCFMAN  TRUE
ESP_GRID  0
ESP_EFIELD  1
$end
