$molecule
0 1
--
0 1
C    24.11200   31.57900   26.05800  
C    25.35600   30.70900   26.30300  
C    25.41400   29.63900   25.20100  
C    25.44300   30.28600   23.80700  
C    24.16900   31.09200   23.50700  
C    23.97000   32.12600   24.62800  
H    26.26200   28.95600   25.33400  
H    26.25800   31.32900   26.23600  
H    23.21000   31.00800   26.30700  
H    24.05600   32.45400   26.71800  
H    26.36100   30.87600   23.69200  
H    25.52300   29.42600   23.13200  
H    24.36000   31.54900   22.52900  
H    23.34200   30.37200   23.50000  
H    24.70800   32.92800   24.51200  
H    22.93800   32.49400   24.58700  
H    24.46500   29.09700   25.29600  
N    25.28200   30.15900   27.65600  
H    25.34400   29.14900   27.68500  
C    25.54300   30.80800   28.84400  
H    25.48500   30.11700   29.70400  
O    25.59600   32.02300   28.91800  
--
0 1
C    20.95200   24.74600   21.12400  
H    19.86500   24.84100   21.06000  
H    21.36100   24.65500   20.11500  
H    21.25200   23.86800   21.70200  
S    21.50200   26.24800   21.96600  
C    21.29600   27.32200   20.52700  
H    20.24400   27.59600   20.41400  
H    21.88600   28.23900   20.59500  
H    21.55000   26.84700   19.57500  
O    22.98000   26.05300   22.10200  
C    28.58900   32.48600   30.78900  
H    28.65200   33.23400   31.58300  
H    28.59300   32.94800   29.79900  
H    27.77600   31.76100   30.88300  
S    30.11800   31.52300   30.78500  
C    31.20300   32.83600   30.17900  
H    30.96400   33.73100   30.76000  
H    32.20600   32.46400   30.40200  
H    31.18100   33.04500   29.10700  
O    30.02500   30.57300   29.63300  
C    27.96800   33.86000   24.88100  
H    26.90400   34.03900   25.05800  
H    28.56300   34.69500   24.50400  
H    28.07500   32.98300   24.23800  
S    28.63300   33.37200   26.48900  
C    27.86500   34.72000   27.41600  
H    27.97100   34.48400   28.47800  
H    28.41900   35.63500   27.19200  
H    26.80900   34.62900   27.14700  
O    30.04900   33.85400   26.44500  
C    28.12700   30.76400   18.95000  
H    28.66800   30.06800   18.30300  
H    27.08900   30.44400   19.06900  
H    28.11300   31.76700   18.51800  
S    28.99500   30.80700   20.53400  
C    27.95700   32.15100   21.15100  
H    28.31700   32.99700   20.56100  
H    26.93900   31.88200   20.85600  
H    28.09900   32.26700   22.22800  
O    30.31300   31.41600   20.16900  
C    31.11400   28.38000   23.95700  
H    31.89700   28.87200   23.37400  
H    31.46400   28.08300   24.94900  
H    30.79800   27.43500   23.50900  
S    29.77600   29.55200   24.27400  
C    30.31100   30.11500   25.90600  
H    29.74300   31.00400   26.19400  
H    30.20400   29.32200   26.65000  
H    31.38200   30.32900   25.89000  
O    28.63000   28.65700   24.63100  
C    27.55600   37.11200   22.00100  
H    28.59700   37.25200   21.69900  
H    27.08400   37.98000   21.53300  
H    27.45900   37.12100   23.09000  
S    26.91200   35.59300   21.26500  
C    27.43400   35.91800   19.56500  
H    26.93000   36.83600   19.25200  
H    28.52000   36.04100   19.54400  
H    27.10300   35.24300   18.77200  
O    25.43400   35.81000   21.35600  
C    26.72400   37.70000   31.87600  
H    25.93400   37.01300   32.19200  
H    27.57200   37.49700   32.53500  
H    26.33400   38.71000   32.02700  
S    27.31800   37.58800   30.17300  
C    28.50200   38.95300   30.13600  
H    27.95500   39.83000   30.49100  
H    29.38200   38.98300   30.78300  
H    28.73600   39.05000   29.07300  
O    26.47700   38.20000   29.09600  
C    26.21800   26.01100   30.14000  
H    26.94400   25.20600   30.27900  
H    26.66000   26.86700   30.65600  
H    25.18200   25.72600   30.34000  
S    26.15400   26.32800   28.36200  
C    27.69700   27.24000   28.13300  
H    27.60900   27.73500   27.16200  
H    27.69100   27.99900   28.92000  
H    28.50500   26.52500   28.30700  
O    25.11500   27.37300   28.09500  
C    22.61500   24.13500   24.60500  
H    21.98700   23.31700   24.96500  
H    21.95500   24.97400   24.37000  
H    23.21500   23.83700   23.74200  
S    23.85400   24.58600   25.84100  
C    24.90900   25.64200   24.82300  
H    25.27300   24.93700   24.07100  
H    24.28800   26.44100   24.41000  
H    25.76000   26.00400   25.40600  
O    24.67400   23.33800   25.94700  
C    18.26200   38.02000   27.30800  
H    17.65200   38.20300   28.19600  
H    18.37200   38.92800   26.70900  
H    17.80700   37.28700   26.63700  
S    19.84100   37.46800   27.99200  
C    20.49300   37.12600   26.34100  
H    20.49700   38.05100   25.75800  
H    21.51400   36.76500   26.49100  
H    19.87000   36.36000   25.87200  
O    19.60400   36.09100   28.52700  
C    26.45600   27.50700   20.51600  
H    25.97700   27.80500   19.58000  
H    25.75000   26.87200   21.05700  
H    26.80000   28.29400   21.19200  
S    27.93800   26.57200   20.07100  
C    28.50000   26.36600   21.77600  
H    29.59000   26.34400   21.71300  
H    28.06300   27.17300   22.37100  
H    28.21600   25.37100   22.12600  
O    28.75000   27.68300   19.48200  
C    21.04400   35.53800   20.62300  
H    20.20100   36.21500   20.46000  
H    21.95800   36.05400   20.31800  
H    20.89300   34.63500   20.02500  
S    21.17300   34.93300   22.32100  
C    22.30700   36.20900   22.91500  
H    22.98100   36.49900   22.10500  
H    21.70900   37.04300   23.29100  
H    22.90700   35.78400   23.72400  
O    21.97200   33.66700   22.30300  
C    22.77300   29.26300   36.57400  
H    22.50000   29.11000   37.62100  
H    23.24300   30.21400   36.31200  
H    21.91200   29.12100   35.91600  
S    23.75500   27.82700   36.08600  
C    25.13400   28.25500   37.17200  
H    25.50100   29.28200   37.09800  
H    24.84400   28.08500   38.21200  
H    25.95600   27.59800   36.87700  
O    24.06100   28.35700   34.72000  
C    20.18200   33.02500   26.67900  
H    20.78300   32.15700   26.96100  
H    20.72300   33.95500   26.87500  
H    19.36600   32.91100   27.39700  
S    19.61200   32.68900   24.99800  
C    18.01600   33.48000   25.30500  
H    17.53600   32.89400   26.09200  
H    18.06400   34.53700   25.58000  
H    17.44800   33.25600   24.39800  
O    19.28400   31.23000   25.05900  
C    18.98300   32.83100   30.24900  
H    18.16500   32.29800   30.73900  
H    18.57300   33.50100   29.48900  
H    19.83900   32.25800   29.88100  
S    19.62800   34.08700   31.37600  
C    20.40200   32.88400   32.48000  
H    20.08400   33.08800   33.50600  
H    19.97600   31.90100   32.26800  
H    21.48800   32.93200   32.36900  
O    18.53200   34.65200   32.22400  
C    21.53600   27.92800   28.91200  
H    22.25200   27.20800   28.50700  
H    20.70100   27.54500   29.50500  
H    21.02700   28.50700   28.13800  
S    22.44700   29.13800   29.89800  
C    23.26300   27.97500   31.01500  
H    23.14300   28.26300   32.06300  
H    22.86600   26.97700   30.81100  
H    24.30200   27.92800   30.68000  
O    21.37400   29.74500   30.74800  
C    24.19400   34.46800   17.74700  
H    24.30700   34.46400   16.66000  
H    23.18200   34.76800   18.03200  
H    24.99800   35.05500   18.19700  
S    24.27100   32.72200   18.20500  
C    24.30200   32.82100   20.00900  
H    23.37700   33.19400   20.45600  
H    24.45600   31.77900   20.29900  
H    25.19800   33.35900   20.33000  
O    25.64600   32.24200   17.85700  
C    23.61000   39.11100   26.46000  
H    23.34200   39.14700   27.51900  
H    24.03600   40.04800   26.09100  
H    22.75000   38.81200   25.85600  
S    24.78700   37.78700   26.10300  
C    24.90300   38.43100   24.41900  
H    25.25300   39.46400   24.48200  
H    25.50300   37.84000   23.72200  
H    23.85500   38.45900   24.10700  
O    23.98100   36.53300   25.97100  
C    17.11500   29.00000   22.87500  
H    17.05300   29.74500   23.67300  
H    17.75600   29.33400   22.05600  
H    16.07900   28.74200   22.63900  
S    17.83500   27.50200   23.58300  
C    19.45000   28.16300   24.05200  
H    20.09000   27.36200   24.42800  
H    19.91700   28.60000   23.16500  
H    19.38200   28.92200   24.83600  
O    18.22000   26.72300   22.36400  
C    23.53000   36.29500   29.32000  
H    23.60400   35.96400   28.28100  
H    22.51700   36.68000   29.45700  
H    24.27500   37.06300   29.54300  
S    23.99600   34.92900   30.40800  
C    22.78700   33.77500   29.72100  
H    22.98500   33.57500   28.66500  
H    22.90100   32.80700   30.21500  
H    21.80800   34.24700   29.84000  
O    23.51500   35.21000   31.79800  
C    20.66900   30.91700   21.55800  
H    19.87900   30.16500   21.63200  
H    21.65400   30.45300   21.65000  
H    20.46100   31.62100   22.36900  
S    20.87900   31.53800   19.87400  
C    19.16500   32.06000   19.64500  
H    18.54900   31.54300   20.38500  
H    19.11300   33.10400   19.96100  
H    18.76000   31.98900   18.63200  
O    21.02600   30.38500   18.93000  
C    29.68400   24.77300   24.98600  
H    29.61000   24.31600   25.97600  
H    29.84200   25.85500   24.96300  
H    28.73500   24.70700   24.44800  
S    31.11500   23.98900   24.20800  
C    32.46000   24.91900   24.97800  
H    32.26500   25.99200   25.05200  
H    32.60700   24.56400   26.00100  
H    33.35400   24.68800   24.39300  
O    31.27900   24.57400   22.84000  
C    27.74300   27.75600   34.08100  
H    27.70600   28.84400   34.17500  
H    26.96500   27.36500   33.42100  
H    27.71500   27.26300   35.05500  
S    29.32000   27.22500   33.37500  
C    29.55600   28.52400   32.14100  
H    30.21100   29.29400   32.55800  
H    29.96700   28.21900   31.17600  
H    28.56400   28.89400   31.87100  
O    28.89600   25.96700   32.68400  
C    25.79100   30.99200   34.37300  
H    26.12100   30.99000   33.33000  
H    25.88900   30.02200   34.86700  
H    24.80200   31.45500   34.42400  
S    27.16300   31.96800   35.03000  
C    26.65300   33.54100   34.30100  
H    25.80400   33.49900   33.61400  
H    26.49900   34.26100   35.10800  
H    27.46200   33.86400   33.64100  
O    28.29900   31.61000   34.12300  
$end

$rem
JOBTYPE  SP
METHOD  B3LYP
BASIS  6-31+G(D)
SYMMETRY  FALSE
SYM_IGNORE  TRUE
MEM_TOTAL  12000
MEM_STATIC  4000
BASIS_LIN_DEP_THRESH  6
THRESH  14
SCF_CONVERGENCE  8
FD_MAT_VEC_PROD  FALSE
XC_GRID  000075000302
NL_GRID  1
MAX_SCF_CYCLES  200
ENV_METHOD  B3LYP
GEN_SCFMAN_EMBED  TRUE
SPADE_PARTITION  TRUE
EMBEDDING_EARLY_STOP  TRUE
$end

@@@

$molecule
0 1
@C    24.11200   31.57900   26.05800  
@C    25.35600   30.70900   26.30300  
@C    25.41400   29.63900   25.20100  
@C    25.44300   30.28600   23.80700  
@C    24.16900   31.09200   23.50700  
@C    23.97000   32.12600   24.62800  
@H    26.26200   28.95600   25.33400  
@H    26.25800   31.32900   26.23600  
@H    23.21000   31.00800   26.30700  
@H    24.05600   32.45400   26.71800  
@H    26.36100   30.87600   23.69200  
@H    25.52300   29.42600   23.13200  
@H    24.36000   31.54900   22.52900  
@H    23.34200   30.37200   23.50000  
@H    24.70800   32.92800   24.51200  
@H    22.93800   32.49400   24.58700  
@H    24.46500   29.09700   25.29600  
@N    25.28200   30.15900   27.65600  
@H    25.34400   29.14900   27.68500  
@C    25.54300   30.80800   28.84400  
@H    25.48500   30.11700   29.70400  
@O    25.59600   32.02300   28.91800  
C    20.95200   24.74600   21.12400  
H    19.86500   24.84100   21.06000  
H    21.36100   24.65500   20.11500  
H    21.25200   23.86800   21.70200  
S    21.50200   26.24800   21.96600  
C    21.29600   27.32200   20.52700  
H    20.24400   27.59600   20.41400  
H    21.88600   28.23900   20.59500  
H    21.55000   26.84700   19.57500  
O    22.98000   26.05300   22.10200  
C    28.58900   32.48600   30.78900  
H    28.65200   33.23400   31.58300  
H    28.59300   32.94800   29.79900  
H    27.77600   31.76100   30.88300  
S    30.11800   31.52300   30.78500  
C    31.20300   32.83600   30.17900  
H    30.96400   33.73100   30.76000  
H    32.20600   32.46400   30.40200  
H    31.18100   33.04500   29.10700  
O    30.02500   30.57300   29.63300  
C    27.96800   33.86000   24.88100  
H    26.90400   34.03900   25.05800  
H    28.56300   34.69500   24.50400  
H    28.07500   32.98300   24.23800  
S    28.63300   33.37200   26.48900  
C    27.86500   34.72000   27.41600  
H    27.97100   34.48400   28.47800  
H    28.41900   35.63500   27.19200  
H    26.80900   34.62900   27.14700  
O    30.04900   33.85400   26.44500  
C    28.12700   30.76400   18.95000  
H    28.66800   30.06800   18.30300  
H    27.08900   30.44400   19.06900  
H    28.11300   31.76700   18.51800  
S    28.99500   30.80700   20.53400  
C    27.95700   32.15100   21.15100  
H    28.31700   32.99700   20.56100  
H    26.93900   31.88200   20.85600  
H    28.09900   32.26700   22.22800  
O    30.31300   31.41600   20.16900  
C    31.11400   28.38000   23.95700  
H    31.89700   28.87200   23.37400  
H    31.46400   28.08300   24.94900  
H    30.79800   27.43500   23.50900  
S    29.77600   29.55200   24.27400  
C    30.31100   30.11500   25.90600  
H    29.74300   31.00400   26.19400  
H    30.20400   29.32200   26.65000  
H    31.38200   30.32900   25.89000  
O    28.63000   28.65700   24.63100  
C    27.55600   37.11200   22.00100  
H    28.59700   37.25200   21.69900  
H    27.08400   37.98000   21.53300  
H    27.45900   37.12100   23.09000  
S    26.91200   35.59300   21.26500  
C    27.43400   35.91800   19.56500  
H    26.93000   36.83600   19.25200  
H    28.52000   36.04100   19.54400  
H    27.10300   35.24300   18.77200  
O    25.43400   35.81000   21.35600  
C    26.72400   37.70000   31.87600  
H    25.93400   37.01300   32.19200  
H    27.57200   37.49700   32.53500  
H    26.33400   38.71000   32.02700  
S    27.31800   37.58800   30.17300  
C    28.50200   38.95300   30.13600  
H    27.95500   39.83000   30.49100  
H    29.38200   38.98300   30.78300  
H    28.73600   39.05000   29.07300  
O    26.47700   38.20000   29.09600  
C    26.21800   26.01100   30.14000  
H    26.94400   25.20600   30.27900  
H    26.66000   26.86700   30.65600  
H    25.18200   25.72600   30.34000  
S    26.15400   26.32800   28.36200  
C    27.69700   27.24000   28.13300  
H    27.60900   27.73500   27.16200  
H    27.69100   27.99900   28.92000  
H    28.50500   26.52500   28.30700  
O    25.11500   27.37300   28.09500  
C    22.61500   24.13500   24.60500  
H    21.98700   23.31700   24.96500  
H    21.95500   24.97400   24.37000  
H    23.21500   23.83700   23.74200  
S    23.85400   24.58600   25.84100  
C    24.90900   25.64200   24.82300  
H    25.27300   24.93700   24.07100  
H    24.28800   26.44100   24.41000  
H    25.76000   26.00400   25.40600  
O    24.67400   23.33800   25.94700  
C    18.26200   38.02000   27.30800  
H    17.65200   38.20300   28.19600  
H    18.37200   38.92800   26.70900  
H    17.80700   37.28700   26.63700  
S    19.84100   37.46800   27.99200  
C    20.49300   37.12600   26.34100  
H    20.49700   38.05100   25.75800  
H    21.51400   36.76500   26.49100  
H    19.87000   36.36000   25.87200  
O    19.60400   36.09100   28.52700  
C    26.45600   27.50700   20.51600  
H    25.97700   27.80500   19.58000  
H    25.75000   26.87200   21.05700  
H    26.80000   28.29400   21.19200  
S    27.93800   26.57200   20.07100  
C    28.50000   26.36600   21.77600  
H    29.59000   26.34400   21.71300  
H    28.06300   27.17300   22.37100  
H    28.21600   25.37100   22.12600  
O    28.75000   27.68300   19.48200  
C    21.04400   35.53800   20.62300  
H    20.20100   36.21500   20.46000  
H    21.95800   36.05400   20.31800  
H    20.89300   34.63500   20.02500  
S    21.17300   34.93300   22.32100  
C    22.30700   36.20900   22.91500  
H    22.98100   36.49900   22.10500  
H    21.70900   37.04300   23.29100  
H    22.90700   35.78400   23.72400  
O    21.97200   33.66700   22.30300  
C    22.77300   29.26300   36.57400  
H    22.50000   29.11000   37.62100  
H    23.24300   30.21400   36.31200  
H    21.91200   29.12100   35.91600  
S    23.75500   27.82700   36.08600  
C    25.13400   28.25500   37.17200  
H    25.50100   29.28200   37.09800  
H    24.84400   28.08500   38.21200  
H    25.95600   27.59800   36.87700  
O    24.06100   28.35700   34.72000  
C    20.18200   33.02500   26.67900  
H    20.78300   32.15700   26.96100  
H    20.72300   33.95500   26.87500  
H    19.36600   32.91100   27.39700  
S    19.61200   32.68900   24.99800  
C    18.01600   33.48000   25.30500  
H    17.53600   32.89400   26.09200  
H    18.06400   34.53700   25.58000  
H    17.44800   33.25600   24.39800  
O    19.28400   31.23000   25.05900  
C    18.98300   32.83100   30.24900  
H    18.16500   32.29800   30.73900  
H    18.57300   33.50100   29.48900  
H    19.83900   32.25800   29.88100  
S    19.62800   34.08700   31.37600  
C    20.40200   32.88400   32.48000  
H    20.08400   33.08800   33.50600  
H    19.97600   31.90100   32.26800  
H    21.48800   32.93200   32.36900  
O    18.53200   34.65200   32.22400  
C    21.53600   27.92800   28.91200  
H    22.25200   27.20800   28.50700  
H    20.70100   27.54500   29.50500  
H    21.02700   28.50700   28.13800  
S    22.44700   29.13800   29.89800  
C    23.26300   27.97500   31.01500  
H    23.14300   28.26300   32.06300  
H    22.86600   26.97700   30.81100  
H    24.30200   27.92800   30.68000  
O    21.37400   29.74500   30.74800  
C    24.19400   34.46800   17.74700  
H    24.30700   34.46400   16.66000  
H    23.18200   34.76800   18.03200  
H    24.99800   35.05500   18.19700  
S    24.27100   32.72200   18.20500  
C    24.30200   32.82100   20.00900  
H    23.37700   33.19400   20.45600  
H    24.45600   31.77900   20.29900  
H    25.19800   33.35900   20.33000  
O    25.64600   32.24200   17.85700  
C    23.61000   39.11100   26.46000  
H    23.34200   39.14700   27.51900  
H    24.03600   40.04800   26.09100  
H    22.75000   38.81200   25.85600  
S    24.78700   37.78700   26.10300  
C    24.90300   38.43100   24.41900  
H    25.25300   39.46400   24.48200  
H    25.50300   37.84000   23.72200  
H    23.85500   38.45900   24.10700  
O    23.98100   36.53300   25.97100  
C    17.11500   29.00000   22.87500  
H    17.05300   29.74500   23.67300  
H    17.75600   29.33400   22.05600  
H    16.07900   28.74200   22.63900  
S    17.83500   27.50200   23.58300  
C    19.45000   28.16300   24.05200  
H    20.09000   27.36200   24.42800  
H    19.91700   28.60000   23.16500  
H    19.38200   28.92200   24.83600  
O    18.22000   26.72300   22.36400  
C    23.53000   36.29500   29.32000  
H    23.60400   35.96400   28.28100  
H    22.51700   36.68000   29.45700  
H    24.27500   37.06300   29.54300  
S    23.99600   34.92900   30.40800  
C    22.78700   33.77500   29.72100  
H    22.98500   33.57500   28.66500  
H    22.90100   32.80700   30.21500  
H    21.80800   34.24700   29.84000  
O    23.51500   35.21000   31.79800  
C    20.66900   30.91700   21.55800  
H    19.87900   30.16500   21.63200  
H    21.65400   30.45300   21.65000  
H    20.46100   31.62100   22.36900  
S    20.87900   31.53800   19.87400  
C    19.16500   32.06000   19.64500  
H    18.54900   31.54300   20.38500  
H    19.11300   33.10400   19.96100  
H    18.76000   31.98900   18.63200  
O    21.02600   30.38500   18.93000  
C    29.68400   24.77300   24.98600  
H    29.61000   24.31600   25.97600  
H    29.84200   25.85500   24.96300  
H    28.73500   24.70700   24.44800  
S    31.11500   23.98900   24.20800  
C    32.46000   24.91900   24.97800  
H    32.26500   25.99200   25.05200  
H    32.60700   24.56400   26.00100  
H    33.35400   24.68800   24.39300  
O    31.27900   24.57400   22.84000  
C    27.74300   27.75600   34.08100  
H    27.70600   28.84400   34.17500  
H    26.96500   27.36500   33.42100  
H    27.71500   27.26300   35.05500  
S    29.32000   27.22500   33.37500  
C    29.55600   28.52400   32.14100  
H    30.21100   29.29400   32.55800  
H    29.96700   28.21900   31.17600  
H    28.56400   28.89400   31.87100  
O    28.89600   25.96700   32.68400  
C    25.79100   30.99200   34.37300  
H    26.12100   30.99000   33.33000  
H    25.88900   30.02200   34.86700  
H    24.80200   31.45500   34.42400  
S    27.16300   31.96800   35.03000  
C    26.65300   33.54100   34.30100  
H    25.80400   33.49900   33.61400  
H    26.49900   34.26100   35.10800  
H    27.46200   33.86400   33.64100  
O    28.29900   31.61000   34.12300  
$end

$rem
JOBTYPE  SP
METHOD  B3LYP
BASIS  6-31+G(D)
SYMMETRY  FALSE
SYM_IGNORE  TRUE
MEM_TOTAL  12000
MEM_STATIC  4000
BASIS_LIN_DEP_THRESH  6
THRESH  14
SCF_CONVERGENCE  8
FD_MAT_VEC_PROD  FALSE
XC_GRID  000075000302
NL_GRID  1
MAX_SCF_CYCLES  200
SCF_GUESS  READ
GEN_SCFMAN  FALSE
SKIP_SCFMAN  TRUE
ESP_GRID  0
ESP_EFIELD  1
$end
