$molecule
0 1
--
0 1
C    23.65500   14.31000   26.44500  
C    23.93700   15.16000   25.19500  
C    23.40700   16.59600   25.33200  
C    23.56100   17.25600   26.71200  
C    23.24800   16.30200   27.87600  
C    24.05200   14.99600   27.76200  
H    23.86100   17.28900   24.61200  
H    25.03300   15.19100   25.20500  
H    22.57300   14.14100   26.38000  
H    24.17300   13.34700   26.35400  
H    24.60100   17.59600   26.79300  
H    22.80100   18.04700   26.71300  
H    23.50800   16.84700   28.79100  
H    22.22100   15.93800   28.00600  
H    25.12200   15.22100   27.67000  
H    23.84700   14.41200   28.66700  
H    22.34200   16.59300   25.06900  
N    23.53100   14.62700   23.89600  
H    22.55300   14.53500   23.64500  
C    24.40300   14.06200   22.98900  
H    23.91100   13.72900   22.05800  
O    25.61800   13.99300   23.05800  
--
0 1
C    20.57400   22.26600   27.98100  
H    20.53200   21.17400   27.96000  
H    20.11000   22.66000   28.88900  
H    20.15700   22.68800   27.06300  
S    22.28700   22.83600   28.05600  
C    22.98000   21.64700   26.88600  
H    22.72500   20.64800   27.24800  
H    22.60300   21.86900   25.88400  
H    24.06600   21.74900   26.95500  
O    22.81500   22.29900   29.35000  
C    21.99300   20.31600   23.44700  
H    22.07100   21.03000   22.62300  
H    22.95000   20.38300   23.97000  
H    21.84100   19.24900   23.26700  
S    20.64200   20.97000   24.45400  
C    19.35300   20.42000   23.31300  
H    18.44600   21.02100   23.42100  
H    19.66400   20.40500   22.26500  
H    19.09700   19.36800   23.46600  
O    20.63000   22.43900   24.16700  
C    26.96000   15.23500   30.29900  
H    27.20600   15.40300   31.35100  
H    25.95700   14.82800   30.14700  
H    27.68000   14.55800   29.83100  
S    27.08000   16.80000   29.40300  
C    28.82400   17.10800   29.76200  
H    29.07100   18.00200   29.18200  
H    28.99700   17.42600   30.79300  
H    29.33900   16.19300   29.45800  
O    26.22400   17.78600   30.13400  
C    26.63100   7.05900    25.72300  
H    25.78100   7.69900    25.97200  
H    26.66600   6.84000    24.65200  
H    26.69500   6.14200    26.31500  
S    28.15100   7.99800    25.99300  
C    27.91300   8.20400    27.77200  
H    27.03700   8.83200    27.95400  
H    27.85800   7.21900    28.24400  
H    28.68800   8.87100    28.15700  
O    27.71800   9.31600    25.43100  
C    27.57500   20.71600   28.19700  
H    28.35600   20.63700   27.43600  
H    27.92300   20.36500   29.17200  
H    26.69500   20.11900   27.94400  
S    26.91600   22.37400   28.48100  
C    26.71000   22.86200   26.75300  
H    26.91900   23.93400   26.73000  
H    27.43800   22.27200   26.19000  
H    25.70500   22.68900   26.36200  
O    28.12100   23.08300   29.01500  
C    21.50600   10.09700   33.64000  
H    22.03200   9.40900    32.97300  
H    21.18300   9.60500    34.56100  
H    20.81400   10.81900   33.19900  
S    22.86300   11.17500   34.15000  
C    21.78000   12.38500   34.94100  
H    21.47600   12.00700   35.92000  
H    22.35400   13.30400   35.08700  
H    20.96000   12.58200   34.24400  
O    23.09100   11.99900   32.92100  
C    22.52300   18.97400   31.39900  
H    22.97600   19.72100   30.74200  
H    23.29100   18.43400   31.95900  
H    21.99900   18.22200   30.80400  
S    21.31500   19.76100   32.48700  
C    20.63600   18.17500   33.02700  
H    19.70000   18.25400   33.58700  
H    20.48300   17.59000   32.11600  
H    21.38700   17.57200   33.54200  
O    20.29700   20.26700   31.51300  
C    17.14100   19.45600   26.06400  
H    16.24600   19.41700   25.43800  
H    17.26600   20.39400   26.61100  
H    18.05200   19.41900   25.46000  
S    17.08600   18.00800   27.14300  
C    18.75500   18.13600   27.82500  
H    19.04800   17.12400   28.11600  
H    19.44300   18.48000   27.04900  
H    18.78200   18.93500   28.57100  
O    17.18000   16.91100   26.13000  
C    28.44000   12.17500   23.28400  
H    29.22900   11.64600   23.82500  
H    27.71000   12.57800   23.99100  
H    27.87300   11.50900   22.62800  
S    29.03900   13.63300   22.40100  
C    29.59700   12.72100   20.94400  
H    29.53400   13.37900   20.07300  
H    30.65800   12.48800   21.05600  
H    29.04100   11.78100   20.96900  
O    30.17300   14.17200   23.21500  
C    24.64000   22.84300   32.94900  
H    23.79400   22.15200   32.94400  
H    24.62500   23.49800   33.82400  
H    24.63200   23.46500   32.05100  
S    26.14200   21.85400   32.77200  
C    25.59000   20.63700   31.55600  
H    26.33900   19.84100   31.58100  
H    24.62100   20.30900   31.93900  
H    25.52600   21.04300   30.54300  
O    26.13100   21.05100   34.03400  
C    29.78700   12.37100   27.38100  
H    29.87200   12.22300   26.30200  
H    29.78600   13.43700   27.62400  
H    30.69200   11.90700   27.78100  
S    28.32100   11.58700   28.08900  
C    27.08800   12.44200   27.08200  
H    27.31800   11.99300   26.11200  
H    26.08900   12.10200   27.37000  
H    27.22400   13.52100   27.18800  
O    28.15500   12.23800   29.42600  
C    26.11400   16.92800   17.77900  
H    26.23500   17.34700   16.77700  
H    25.03900   16.86100   17.96700  
H    26.62200   17.53700   18.53100  
S    26.77200   15.24500   17.81500  
C    26.31900   15.02400   19.55000  
H    26.77600   14.04300   19.70400  
H    26.72300   15.81900   20.18300  
H    25.22800   15.08000   19.58800  
O    28.24200   15.52400   17.83400  
C    22.29200   15.24500   31.26900  
H    23.15200   14.58200   31.39300  
H    22.12900   15.57700   30.24100  
H    22.40600   16.07400   31.97200  
S    20.84200   14.34600   31.86500  
C    20.81200   12.92200   30.75400  
H    19.87600   12.35600   30.77000  
H    21.06200   13.30700   29.76300  
H    21.64400   12.30900   31.11000  
O    19.70900   15.23500   31.45600  
C    21.06900   18.30700   19.79700  
H    21.15400   19.34300   20.13500  
H    20.67500   18.34400   18.77800  
H    20.42800   17.81800   20.53500  
S    22.69700   17.54800   19.99000  
C    22.34500   15.93700   19.25100  
H    21.31900   15.61700   19.45500  
H    22.55700   15.94300   18.17900  
H    23.01900   15.20000   19.69600  
O    22.85100   17.34000   21.46400  
C    19.23000   9.63900    20.18000  
H    20.16100   9.70600    19.61100  
H    18.81700   8.62700    20.17900  
H    18.48900   10.34000   19.78900  
S    19.37600   10.17800   21.89800  
C    19.94200   8.63700    22.65200  
H    19.92400   8.66600    23.74500  
H    19.18700   7.94400    22.27000  
H    20.92400   8.42900    22.22000  
O    17.89900   10.23100   22.13600  
C    18.61600   13.92100   28.37200  
H    17.75100   14.44900   27.96300  
H    18.31200   12.93900   28.74400  
H    19.08500   14.43000   29.21700  
S    19.70500   13.74600   26.94000  
C    18.39000   13.46700   25.73300  
H    18.79900   13.12200   24.78000  
H    17.85900   12.63200   26.19600  
H    17.75300   14.35400   25.77800  
O    20.18900   12.35100   27.19100  
C    23.91300   11.37300   19.39900  
H    23.27100   10.58600   19.80200  
H    24.76700   11.02000   18.81500  
H    24.21800   11.95500   20.27200  
S    23.17600   12.40200   18.10900  
C    23.26300   11.37500   16.62400  
H    22.95200   10.36400   16.90200  
H    22.61300   11.71400   15.81300  
H    24.27800   11.41100   16.22200  
O    24.30500   13.37100   17.93900  
C    25.35100   14.77000   33.60400  
H    25.70400   14.66300   34.63300  
H    24.41800   14.21700   33.46700  
H    26.18500   14.30700   33.06900  
S    25.05600   16.49200   33.14500  
C    26.56400   17.15000   33.89400  
H    27.39200   16.56300   33.48800  
H    26.70300   18.21700   33.70400  
H    26.52800   16.96800   34.97100  
O    23.85700   17.01500   33.87300  
C    26.90400   21.92100   22.83100  
H    26.15300   22.70200   22.97300  
H    27.87400   22.18400   23.26100  
H    27.15900   21.85100   21.77000  
S    26.25100   20.37600   23.50300  
C    25.31000   19.87800   22.04300  
H    25.64700   20.38100   21.13300  
H    25.29700   18.80300   21.84700  
H    24.28300   20.18600   22.25600  
O    25.21100   20.83400   24.47700  
C    27.83900   16.36200   25.40500  
H    27.44500   16.02300   24.44400  
H    28.61300   15.73600   25.85800  
H    27.02400   16.47500   26.12400  
S    28.53400   18.00900   25.14100  
C    30.00400   17.50600   24.21900  
H    30.74200   18.31200   24.25200  
H    30.33900   16.57900   24.69100  
H    29.60900   17.35200   23.21200  
O    29.04400   18.31400   26.51500  
C    24.26400   10.56800   29.90100  
H    23.70400   11.28000   30.51300  
H    24.42100   9.70200    30.54900  
H    25.27800   10.84700   29.60300  
S    23.23900   10.04300   28.50800  
C    21.86600   9.40500    29.49400  
H    21.22600   8.82300    28.82600  
H    22.33100   8.68800    30.17500  
H    21.36900   10.11900   30.15600  
O    23.90600   8.84500    27.90900  
C    24.32000   10.36300   24.93900  
H    23.77700   9.45000    25.19900  
H    25.29700   10.18900   24.48200  
H    24.40800   10.99200   25.82800  
S    23.34200   11.15000   23.63900  
C    21.84500   11.31200   24.63800  
H    21.33300   10.34800   24.67900  
H    22.10500   11.53700   25.67600  
H    21.13500   12.03000   24.22000  
O    23.04000   10.04400   22.67600  
C    25.94800   8.78200    21.87400  
H    25.97000   8.05300    22.68700  
H    26.07600   9.78600    22.28600  
H    24.99700   8.84200    21.33800  
S    27.26300   8.49900    20.66700  
C    28.53000   8.33100    21.94500  
H    29.52100   8.53400    21.53000  
H    28.25700   9.10500    22.66700  
H    28.42900   7.28500    22.24400  
O    27.48500   9.89700    20.18000  
C    19.69300   16.37700   23.50400  
H    18.72400   16.81600   23.25200  
H    19.60300   15.69900   24.35600  
H    20.42500   17.16100   23.71100  
S    20.19000   15.32800   22.11900  
C    18.55000   14.65800   21.76200  
H    17.84300   15.48300   21.64000  
H    18.57700   13.93800   20.94000  
H    18.24400   14.13600   22.67200  
O    20.71800   14.15200   22.87900  
$end

$rem
JOBTYPE  SP
METHOD  B3LYP
BASIS  6-31+G(D)
SYMMETRY  FALSE
SYM_IGNORE  TRUE
MEM_TOTAL  16000
MEM_STATIC  8000
MAX_SUB_FILE_NUM  16000
BASIS_LIN_DEP_THRESH  6
THRESH  14
SCF_CONVERGENCE  8
GEN_SCFMAN  TRUE
SCF_GUESS  SAD
FD_MAT_VEC_PROD  FALSE
XC_GRID  000075000302
NL_GRID  1
MAX_SCF_CYCLES  200
ENV_METHOD  B3LYP
GEN_SCFMAN_EMBED  TRUE
SPADE_PARTITION  TRUE
$end

$development
embedding_early_stop  1
$end

@@@

$molecule
0 1
@C    23.65500   14.31000   26.44500  
@C    23.93700   15.16000   25.19500  
@C    23.40700   16.59600   25.33200  
@C    23.56100   17.25600   26.71200  
@C    23.24800   16.30200   27.87600  
@C    24.05200   14.99600   27.76200  
@H    23.86100   17.28900   24.61200  
@H    25.03300   15.19100   25.20500  
@H    22.57300   14.14100   26.38000  
@H    24.17300   13.34700   26.35400  
@H    24.60100   17.59600   26.79300  
@H    22.80100   18.04700   26.71300  
@H    23.50800   16.84700   28.79100  
@H    22.22100   15.93800   28.00600  
@H    25.12200   15.22100   27.67000  
@H    23.84700   14.41200   28.66700  
@H    22.34200   16.59300   25.06900  
@N    23.53100   14.62700   23.89600  
@H    22.55300   14.53500   23.64500  
@C    24.40300   14.06200   22.98900  
@H    23.91100   13.72900   22.05800  
@O    25.61800   13.99300   23.05800  
C    20.57400   22.26600   27.98100  
H    20.53200   21.17400   27.96000  
H    20.11000   22.66000   28.88900  
H    20.15700   22.68800   27.06300  
S    22.28700   22.83600   28.05600  
C    22.98000   21.64700   26.88600  
H    22.72500   20.64800   27.24800  
H    22.60300   21.86900   25.88400  
H    24.06600   21.74900   26.95500  
O    22.81500   22.29900   29.35000  
C    21.99300   20.31600   23.44700  
H    22.07100   21.03000   22.62300  
H    22.95000   20.38300   23.97000  
H    21.84100   19.24900   23.26700  
S    20.64200   20.97000   24.45400  
C    19.35300   20.42000   23.31300  
H    18.44600   21.02100   23.42100  
H    19.66400   20.40500   22.26500  
H    19.09700   19.36800   23.46600  
O    20.63000   22.43900   24.16700  
C    26.96000   15.23500   30.29900  
H    27.20600   15.40300   31.35100  
H    25.95700   14.82800   30.14700  
H    27.68000   14.55800   29.83100  
S    27.08000   16.80000   29.40300  
C    28.82400   17.10800   29.76200  
H    29.07100   18.00200   29.18200  
H    28.99700   17.42600   30.79300  
H    29.33900   16.19300   29.45800  
O    26.22400   17.78600   30.13400  
C    26.63100   7.05900    25.72300  
H    25.78100   7.69900    25.97200  
H    26.66600   6.84000    24.65200  
H    26.69500   6.14200    26.31500  
S    28.15100   7.99800    25.99300  
C    27.91300   8.20400    27.77200  
H    27.03700   8.83200    27.95400  
H    27.85800   7.21900    28.24400  
H    28.68800   8.87100    28.15700  
O    27.71800   9.31600    25.43100  
C    27.57500   20.71600   28.19700  
H    28.35600   20.63700   27.43600  
H    27.92300   20.36500   29.17200  
H    26.69500   20.11900   27.94400  
S    26.91600   22.37400   28.48100  
C    26.71000   22.86200   26.75300  
H    26.91900   23.93400   26.73000  
H    27.43800   22.27200   26.19000  
H    25.70500   22.68900   26.36200  
O    28.12100   23.08300   29.01500  
C    21.50600   10.09700   33.64000  
H    22.03200   9.40900    32.97300  
H    21.18300   9.60500    34.56100  
H    20.81400   10.81900   33.19900  
S    22.86300   11.17500   34.15000  
C    21.78000   12.38500   34.94100  
H    21.47600   12.00700   35.92000  
H    22.35400   13.30400   35.08700  
H    20.96000   12.58200   34.24400  
O    23.09100   11.99900   32.92100  
C    22.52300   18.97400   31.39900  
H    22.97600   19.72100   30.74200  
H    23.29100   18.43400   31.95900  
H    21.99900   18.22200   30.80400  
S    21.31500   19.76100   32.48700  
C    20.63600   18.17500   33.02700  
H    19.70000   18.25400   33.58700  
H    20.48300   17.59000   32.11600  
H    21.38700   17.57200   33.54200  
O    20.29700   20.26700   31.51300  
C    17.14100   19.45600   26.06400  
H    16.24600   19.41700   25.43800  
H    17.26600   20.39400   26.61100  
H    18.05200   19.41900   25.46000  
S    17.08600   18.00800   27.14300  
C    18.75500   18.13600   27.82500  
H    19.04800   17.12400   28.11600  
H    19.44300   18.48000   27.04900  
H    18.78200   18.93500   28.57100  
O    17.18000   16.91100   26.13000  
C    28.44000   12.17500   23.28400  
H    29.22900   11.64600   23.82500  
H    27.71000   12.57800   23.99100  
H    27.87300   11.50900   22.62800  
S    29.03900   13.63300   22.40100  
C    29.59700   12.72100   20.94400  
H    29.53400   13.37900   20.07300  
H    30.65800   12.48800   21.05600  
H    29.04100   11.78100   20.96900  
O    30.17300   14.17200   23.21500  
C    24.64000   22.84300   32.94900  
H    23.79400   22.15200   32.94400  
H    24.62500   23.49800   33.82400  
H    24.63200   23.46500   32.05100  
S    26.14200   21.85400   32.77200  
C    25.59000   20.63700   31.55600  
H    26.33900   19.84100   31.58100  
H    24.62100   20.30900   31.93900  
H    25.52600   21.04300   30.54300  
O    26.13100   21.05100   34.03400  
C    29.78700   12.37100   27.38100  
H    29.87200   12.22300   26.30200  
H    29.78600   13.43700   27.62400  
H    30.69200   11.90700   27.78100  
S    28.32100   11.58700   28.08900  
C    27.08800   12.44200   27.08200  
H    27.31800   11.99300   26.11200  
H    26.08900   12.10200   27.37000  
H    27.22400   13.52100   27.18800  
O    28.15500   12.23800   29.42600  
C    26.11400   16.92800   17.77900  
H    26.23500   17.34700   16.77700  
H    25.03900   16.86100   17.96700  
H    26.62200   17.53700   18.53100  
S    26.77200   15.24500   17.81500  
C    26.31900   15.02400   19.55000  
H    26.77600   14.04300   19.70400  
H    26.72300   15.81900   20.18300  
H    25.22800   15.08000   19.58800  
O    28.24200   15.52400   17.83400  
C    22.29200   15.24500   31.26900  
H    23.15200   14.58200   31.39300  
H    22.12900   15.57700   30.24100  
H    22.40600   16.07400   31.97200  
S    20.84200   14.34600   31.86500  
C    20.81200   12.92200   30.75400  
H    19.87600   12.35600   30.77000  
H    21.06200   13.30700   29.76300  
H    21.64400   12.30900   31.11000  
O    19.70900   15.23500   31.45600  
C    21.06900   18.30700   19.79700  
H    21.15400   19.34300   20.13500  
H    20.67500   18.34400   18.77800  
H    20.42800   17.81800   20.53500  
S    22.69700   17.54800   19.99000  
C    22.34500   15.93700   19.25100  
H    21.31900   15.61700   19.45500  
H    22.55700   15.94300   18.17900  
H    23.01900   15.20000   19.69600  
O    22.85100   17.34000   21.46400  
C    19.23000   9.63900    20.18000  
H    20.16100   9.70600    19.61100  
H    18.81700   8.62700    20.17900  
H    18.48900   10.34000   19.78900  
S    19.37600   10.17800   21.89800  
C    19.94200   8.63700    22.65200  
H    19.92400   8.66600    23.74500  
H    19.18700   7.94400    22.27000  
H    20.92400   8.42900    22.22000  
O    17.89900   10.23100   22.13600  
C    18.61600   13.92100   28.37200  
H    17.75100   14.44900   27.96300  
H    18.31200   12.93900   28.74400  
H    19.08500   14.43000   29.21700  
S    19.70500   13.74600   26.94000  
C    18.39000   13.46700   25.73300  
H    18.79900   13.12200   24.78000  
H    17.85900   12.63200   26.19600  
H    17.75300   14.35400   25.77800  
O    20.18900   12.35100   27.19100  
C    23.91300   11.37300   19.39900  
H    23.27100   10.58600   19.80200  
H    24.76700   11.02000   18.81500  
H    24.21800   11.95500   20.27200  
S    23.17600   12.40200   18.10900  
C    23.26300   11.37500   16.62400  
H    22.95200   10.36400   16.90200  
H    22.61300   11.71400   15.81300  
H    24.27800   11.41100   16.22200  
O    24.30500   13.37100   17.93900  
C    25.35100   14.77000   33.60400  
H    25.70400   14.66300   34.63300  
H    24.41800   14.21700   33.46700  
H    26.18500   14.30700   33.06900  
S    25.05600   16.49200   33.14500  
C    26.56400   17.15000   33.89400  
H    27.39200   16.56300   33.48800  
H    26.70300   18.21700   33.70400  
H    26.52800   16.96800   34.97100  
O    23.85700   17.01500   33.87300  
C    26.90400   21.92100   22.83100  
H    26.15300   22.70200   22.97300  
H    27.87400   22.18400   23.26100  
H    27.15900   21.85100   21.77000  
S    26.25100   20.37600   23.50300  
C    25.31000   19.87800   22.04300  
H    25.64700   20.38100   21.13300  
H    25.29700   18.80300   21.84700  
H    24.28300   20.18600   22.25600  
O    25.21100   20.83400   24.47700  
C    27.83900   16.36200   25.40500  
H    27.44500   16.02300   24.44400  
H    28.61300   15.73600   25.85800  
H    27.02400   16.47500   26.12400  
S    28.53400   18.00900   25.14100  
C    30.00400   17.50600   24.21900  
H    30.74200   18.31200   24.25200  
H    30.33900   16.57900   24.69100  
H    29.60900   17.35200   23.21200  
O    29.04400   18.31400   26.51500  
C    24.26400   10.56800   29.90100  
H    23.70400   11.28000   30.51300  
H    24.42100   9.70200    30.54900  
H    25.27800   10.84700   29.60300  
S    23.23900   10.04300   28.50800  
C    21.86600   9.40500    29.49400  
H    21.22600   8.82300    28.82600  
H    22.33100   8.68800    30.17500  
H    21.36900   10.11900   30.15600  
O    23.90600   8.84500    27.90900  
C    24.32000   10.36300   24.93900  
H    23.77700   9.45000    25.19900  
H    25.29700   10.18900   24.48200  
H    24.40800   10.99200   25.82800  
S    23.34200   11.15000   23.63900  
C    21.84500   11.31200   24.63800  
H    21.33300   10.34800   24.67900  
H    22.10500   11.53700   25.67600  
H    21.13500   12.03000   24.22000  
O    23.04000   10.04400   22.67600  
C    25.94800   8.78200    21.87400  
H    25.97000   8.05300    22.68700  
H    26.07600   9.78600    22.28600  
H    24.99700   8.84200    21.33800  
S    27.26300   8.49900    20.66700  
C    28.53000   8.33100    21.94500  
H    29.52100   8.53400    21.53000  
H    28.25700   9.10500    22.66700  
H    28.42900   7.28500    22.24400  
O    27.48500   9.89700    20.18000  
C    19.69300   16.37700   23.50400  
H    18.72400   16.81600   23.25200  
H    19.60300   15.69900   24.35600  
H    20.42500   17.16100   23.71100  
S    20.19000   15.32800   22.11900  
C    18.55000   14.65800   21.76200  
H    17.84300   15.48300   21.64000  
H    18.57700   13.93800   20.94000  
H    18.24400   14.13600   22.67200  
O    20.71800   14.15200   22.87900  
$end

$rem
JOBTYPE  SP
METHOD  B3LYP
BASIS  6-31+G(D)
SYMMETRY  FALSE
SYM_IGNORE  TRUE
MEM_TOTAL  16000
MEM_STATIC  8000
MAX_SUB_FILE_NUM  16000
BASIS_LIN_DEP_THRESH  6
THRESH  14
SCF_CONVERGENCE  8
GEN_SCFMAN  FALSE
SCF_GUESS  READ
FD_MAT_VEC_PROD  FALSE
XC_GRID  000075000302
NL_GRID  1
MAX_SCF_CYCLES  200
SKIP_SCFMAN  TRUE
ESP_GRID  0
ESP_EFIELD  1
$end
