$molecule
0 1
--
0 1
C    25.05100   20.97100   26.61300  
C    25.50900   22.07100   27.58600  
C    26.92100   22.57000   27.23800  
C    27.04400   23.03800   25.77900  
C    26.63900   21.89200   24.83700  
C    25.24800   21.30300   25.12400  
H    27.13200   23.38300   27.94400  
H    24.84400   22.94300   27.57300  
H    25.72800   20.13700   26.83200  
H    24.02300   20.65700   26.82700  
H    26.38800   23.89000   25.56300  
H    28.06200   23.41800   25.62700  
H    26.52600   22.23100   23.80000  
H    27.46100   21.16600   24.83600  
H    24.48800   22.02300   24.79600  
H    25.11000   20.40000   24.51800  
H    27.74600   21.88100   27.45500  
N    25.51000   21.56200   28.95600  
H    26.08100   20.77400   29.23700  
C    25.23100   22.37500   30.03400  
H    25.27700   21.74800   30.94200  
O    24.91300   23.54500   29.91600  
--
0 1
C    25.83500   26.65900   27.51200  
H    26.25200   26.50700   28.51100  
H    26.27000   26.00900   26.74900  
H    25.89800   27.72900   27.30100  
S    24.14600   26.02600   27.63500  
C    23.81800   26.16800   25.86300  
H    24.63800   25.73600   25.28400  
H    22.91000   25.68600   25.49300  
H    23.72100   27.23000   25.62300  
O    23.46600   27.24500   28.17500  
C    21.32000   19.40600   18.71600  
H    22.27400   19.86500   18.44200  
H    21.00000   18.67000   17.97600  
H    20.52500   20.14300   18.85800  
S    21.29400   18.68700   20.37400  
C    22.72300   17.63000   20.05100  
H    23.53100   18.36600   20.07800  
H    22.76200   17.02800   20.96200  
H    22.75700   17.06200   19.11800  
O    20.14700   17.72500   20.34300  
C    21.89700   24.59200   34.74100  
H    22.07800   23.74000   34.08100  
H    21.24100   24.36000   35.58400  
H    21.40300   25.41500   34.21800  
S    23.32400   25.43400   35.46300  
C    23.97300   23.90100   36.16600  
H    24.26700   23.21300   35.36900  
H    24.87500   24.12900   36.74000  
H    23.23400   23.47700   36.85000  
O    22.77000   25.97300   36.74400  
C    30.60800   24.56100   29.59300  
H    29.70400   24.21600   30.10300  
H    31.20600   23.66000   29.43600  
H    31.21100   25.20400   30.23900  
S    30.21100   25.22700   27.96100  
C    31.68500   26.26800   27.87200  
H    31.88000   26.82500   28.79200  
H    32.52800   25.66000   27.53200  
H    31.47700   27.03100   27.11800  
O    29.19800   26.25400   28.36200  
C    32.25500   22.81500   32.42900  
H    31.85200   23.19900   31.48800  
H    32.24500   23.68200   33.09400  
H    33.25600   22.42700   32.22500  
S    31.17600   21.59100   33.20700  
C    32.17100   21.35700   34.69700  
H    31.79000   20.51400   35.27800  
H    33.16000   21.08900   34.31400  
H    32.24700   22.32600   35.19600  
O    31.75600   20.42400   32.47000  
C    31.66400   20.72100   26.56100  
H    32.47200   20.75900   25.82600  
H    32.05200   21.21400   27.45600  
H    31.34600   19.68600   26.71200  
S    30.35800   21.80100   25.93300  
C    30.29800   21.15800   24.24600  
H    30.13300   20.08000   24.31800  
H    29.42000   21.60300   23.77000  
H    31.30200   21.33000   23.84800  
O    31.17600   23.05500   25.89800  
C    23.34400   19.33000   33.31800  
H    23.47100   19.42900   34.39900  
H    22.84100   18.37800   33.13400  
H    24.26700   19.28000   32.73400  
S    22.49500   20.82700   32.76600  
C    22.17900   20.13300   31.12700  
H    21.37100   20.72800   30.69100  
H    23.03900   20.16000   30.45400  
H    21.84400   19.09300   31.15000  
O    23.56100   21.87400   32.67300  
C    28.98400   18.19500   29.51700  
H    29.48400   18.20800   30.48900  
H    28.07300   17.60300   29.63600  
H    29.57900   17.87400   28.65800  
S    28.12800   19.78600   29.47400  
C    29.39600   20.73400   30.34500  
H    30.28400   20.72300   29.70800  
H    29.12600   21.75700   30.62100  
H    29.54700   20.21000   31.29200  
O    27.05000   19.58100   30.49300  
C    23.42000   22.80500   19.04100  
H    22.45800   23.32000   18.97300  
H    24.02000   23.61900   18.62600  
H    23.52600   21.88800   18.45500  
S    23.79100   22.29300   20.73300  
C    25.50200   22.87100   20.66100  
H    25.92800   22.51200   21.60200  
H    26.06800   22.41300   19.84600  
H    25.52100   23.95400   20.52000  
O    23.94000   20.80500   20.67900  
C    27.67400   20.77000   33.99100  
H    27.04000   20.67400   33.10600  
H    27.67700   21.82300   34.28200  
H    28.70100   20.46700   33.77000  
S    27.01700   19.78700   35.35800  
C    25.62700   20.88500   35.71900  
H    25.12900   20.43500   36.58100  
H    26.01900   21.86600   35.99900  
H    24.93000   20.89200   34.87700  
O    28.01000   20.19300   36.40100  
C    18.04000   21.34100   20.16400  
H    17.52300   22.12800   19.60800  
H    18.14000   20.47400   19.50600  
H    17.42900   21.02300   21.01200  
S    19.60200   22.03800   20.74800  
C    19.08300   23.10400   22.11200  
H    18.24700   23.68500   21.71600  
H    18.76800   22.42900   22.91200  
H    19.89300   23.72600   22.50200  
O    20.14500   22.99100   19.72900  
C    25.54800   13.35000   23.59900  
H    24.61600   12.79100   23.72000  
H    26.06900   12.89000   22.75600  
H    26.14500   13.40900   24.51200  
S    25.11000   15.04500   23.15000  
C    24.06100   15.58500   24.51900  
H    23.88600   16.65900   24.41300  
H    23.07900   15.13300   24.36300  
H    24.51400   15.41700   25.50000  
O    24.16400   14.93200   21.99500  
C    19.07900   27.50000   23.72600  
H    19.83600   28.26700   23.53900  
H    18.78800   26.93100   22.83900  
H    18.17300   27.87700   24.20800  
S    19.83900   26.29200   24.83300  
C    20.64600   27.43900   25.97200  
H    21.08800   26.79700   26.73900  
H    21.35200   28.08900   25.44700  
H    19.87500   28.11300   26.35300  
O    20.97900   25.69400   24.06800  
C    26.02700   31.02300   23.97600  
H    26.39300   31.03900   22.94600  
H    25.41700   31.92000   24.11200  
H    26.90000   30.99800   24.63400  
S    24.78000   29.74300   24.24200  
C    24.46100   30.12800   25.97900  
H    25.36300   30.02300   26.58800  
H    23.98000   31.10000   26.10800  
H    23.73400   29.35700   26.24600  
O    25.55600   28.48400   24.47600  
C    29.17100   28.80600   25.66000  
H    28.71300   29.79800   25.66400  
H    28.63600   28.25800   26.44000  
H    30.25100   28.91700   25.78400  
S    28.90600   28.08400   24.02500  
C    28.81200   26.33600   24.47100  
H    28.43500   25.76100   23.62200  
H    29.82600   25.96500   24.63700  
H    28.09600   26.14500   25.27500  
O    30.22400   28.09400   23.31600  
C    26.18300   16.24500   31.39800  
H    26.23100   17.29400   31.09300  
H    27.09500   15.81200   31.81700  
H    25.92900   15.66300   30.50800  
S    24.83300   16.08300   32.58700  
C    25.06400   14.29300   32.48600  
H    26.04700   14.06100   32.90300  
H    24.30400   13.72000   33.02300  
H    25.00900   13.97100   31.44300  
O    23.65700   16.32400   31.69200  
C    21.96300   19.97100   23.66900  
H    22.16600   19.14900   22.97800  
H    21.27800   20.71300   23.24900  
H    22.78700   20.60600   24.00400  
S    21.15300   19.29200   25.13400  
C    20.04900   18.18300   24.23000  
H    20.52700   17.25500   23.90300  
H    19.27500   17.94600   24.96400  
H    19.61200   18.67800   23.35900  
O    20.23700   20.42800   25.46900  
C    25.74000   28.33000   36.47700  
H    24.76400   28.00500   36.84700  
H    26.50000   27.58200   36.71600  
H    25.99900   29.30800   36.89200  
S    25.63100   28.57500   34.69000  
C    23.89200   29.06000   34.75500  
H    23.31500   28.25500   35.21700  
H    23.80900   30.01300   35.28300  
H    23.47900   29.32400   33.77800  
O    25.47300   27.26200   33.98700  
C    29.80600   18.21400   21.70400  
H    29.16300   18.93600   22.21300  
H    30.04000   17.29600   22.24900  
H    30.61400   18.78900   21.24400  
S    28.77400   17.78900   20.28200  
C    28.27500   19.42200   19.69200  
H    28.04700   20.00200   20.59100  
H    29.14400   19.81400   19.15900  
H    27.37800   19.26400   19.08700  
O    27.53200   17.21300   20.88700  
C    28.14600   24.92300   20.30200  
H    28.63000   25.37500   19.43200  
H    27.50300   24.15700   19.86200  
H    27.46200   25.58100   20.84400  
S    29.10400   23.95800   21.49200  
C    30.77900   24.48600   21.06500  
H    30.89000   25.55800   21.25200  
H    31.48200   23.92600   21.68700  
H    30.97400   24.28800   20.00800  
O    29.08000   22.53100   21.04100  
C    21.41600   24.26900   31.00200  
H    21.08200   23.95000   31.99300  
H    20.52500   24.12700   30.38600  
H    22.29000   23.73700   30.61700  
S    21.69400   26.05300   31.07400  
C    23.35000   26.04200   31.79900  
H    23.30800   25.34600   32.64000  
H    24.10600   25.77500   31.05600  
H    23.46500   26.99700   32.31800  
O    20.82000   26.55600   32.18100  
C    28.52700   15.93500   25.51100  
H    29.46400   16.03800   24.95800  
H    28.79000   15.51100   26.48400  
H    27.78400   15.37700   24.93500  
S    27.76000   17.55200   25.75700  
C    27.19800   17.79000   24.05600  
H    26.69800   18.76200   24.08900  
H    28.02900   17.69000   23.35400  
H    26.44900   17.04800   23.76800  
O    28.90200   18.51500   25.86300  
C    17.15400   17.77700   28.68500  
H    16.58700   17.84400   27.75300  
H    18.04200   17.14000   28.64600  
H    16.49900   17.43300   29.49000  
S    17.63400   19.45600   29.14700  
C    18.13800   19.83800   27.45400  
H    18.83500   19.05900   27.13200  
H    17.23400   20.05400   26.87900  
H    18.77600   20.72500   27.46800  
O    18.96000   19.19900   29.79200  
C    18.79000   23.46900   26.03300  
H    18.45400   22.42900   26.06100  
H    17.97300   24.18500   25.91000  
H    19.52500   23.52400   25.22600  
S    19.70900   23.95400   27.51100  
C    21.19100   22.97400   27.18300  
H    21.04800   21.89600   27.28900  
H    21.67300   23.32200   26.26500  
H    21.90000   23.17600   27.99000  
O    18.99000   23.18500   28.57500  
C    21.68800   26.45900   20.41900  
H    21.26100   25.93500   19.56000  
H    20.96400   26.48300   21.23800  
H    21.82700   27.48900   20.08000  
S    23.25300   25.79700   21.03200  
C    23.70000   26.99500   22.30800  
H    23.04800   26.79100   23.16100  
H    24.76500   26.84500   22.50500  
H    23.64500   27.98600   21.85200  
O    24.24300   26.05900   19.93900  
C    34.32000   27.87000   22.34800  
H    34.47500   28.65400   23.09400  
H    35.19800   27.22900   22.23900  
H    34.04500   28.35700   21.40800  
S    33.00500   26.69600   22.74300  
C    33.02000   26.75000   24.54900  
H    32.71100   27.74400   24.88300  
H    32.27900   25.98000   24.77600  
H    34.06900   26.57200   24.80000  
O    33.52300   25.33200   22.40700  
C    27.85800   25.97600   32.00800  
H    28.65000   26.20400   31.29000  
H    26.90900   26.44000   31.72700  
H    28.18700   26.17200   33.03200  
S    27.57500   24.19400   31.91600  
C    26.43100   24.09800   33.31200  
H    25.94500   23.11900   33.29400  
H    27.02800   24.31400   34.20200  
H    25.72600   24.93200   33.27900  
O    28.82500   23.62000   32.50700  
C    21.88200   18.06400   28.39700  
H    22.11900   19.13000   28.43800  
H    20.97400   17.89900   27.81200  
H    21.74700   17.78200   29.44400  
S    23.40300   17.26100   27.84600  
C    24.35200   18.09200   29.14000  
H    25.40700   17.80900   29.14100  
H    24.34600   19.17400   28.98500  
H    23.90500   17.90600   30.12000  
O    23.66600   17.92400   26.53000  
C    32.01000   16.65800   26.22100  
H    31.84800   15.65800   26.63000  
H    32.88700   17.05800   26.73700  
H    31.10100   17.26100   26.29800  
S    32.60700   16.38300   24.53800  
C    32.67500   18.12800   24.07300  
H    32.65800   18.11400   22.98000  
H    31.99100   18.87900   24.47600  
H    33.60400   18.49700   24.51500  
O    31.64900   16.00800   23.45000  
$end

$rem
JOBTYPE  SP
METHOD  B3LYP
BASIS  6-31+G(D)
SYMMETRY  FALSE
SYM_IGNORE  TRUE
MEM_TOTAL  12000
MEM_STATIC  4000
BASIS_LIN_DEP_THRESH  6
THRESH  14
SCF_CONVERGENCE  8
FD_MAT_VEC_PROD  FALSE
XC_GRID  000075000302
NL_GRID  1
MAX_SCF_CYCLES  200
ENV_METHOD  B3LYP
GEN_SCFMAN_EMBED  TRUE
SPADE_PARTITION  TRUE
EMBEDDING_EARLY_STOP  TRUE
$end

@@@

$molecule
0 1
@C    25.05100   20.97100   26.61300  
@C    25.50900   22.07100   27.58600  
@C    26.92100   22.57000   27.23800  
@C    27.04400   23.03800   25.77900  
@C    26.63900   21.89200   24.83700  
@C    25.24800   21.30300   25.12400  
@H    27.13200   23.38300   27.94400  
@H    24.84400   22.94300   27.57300  
@H    25.72800   20.13700   26.83200  
@H    24.02300   20.65700   26.82700  
@H    26.38800   23.89000   25.56300  
@H    28.06200   23.41800   25.62700  
@H    26.52600   22.23100   23.80000  
@H    27.46100   21.16600   24.83600  
@H    24.48800   22.02300   24.79600  
@H    25.11000   20.40000   24.51800  
@H    27.74600   21.88100   27.45500  
@N    25.51000   21.56200   28.95600  
@H    26.08100   20.77400   29.23700  
@C    25.23100   22.37500   30.03400  
@H    25.27700   21.74800   30.94200  
@O    24.91300   23.54500   29.91600  
C    25.83500   26.65900   27.51200  
H    26.25200   26.50700   28.51100  
H    26.27000   26.00900   26.74900  
H    25.89800   27.72900   27.30100  
S    24.14600   26.02600   27.63500  
C    23.81800   26.16800   25.86300  
H    24.63800   25.73600   25.28400  
H    22.91000   25.68600   25.49300  
H    23.72100   27.23000   25.62300  
O    23.46600   27.24500   28.17500  
C    21.32000   19.40600   18.71600  
H    22.27400   19.86500   18.44200  
H    21.00000   18.67000   17.97600  
H    20.52500   20.14300   18.85800  
S    21.29400   18.68700   20.37400  
C    22.72300   17.63000   20.05100  
H    23.53100   18.36600   20.07800  
H    22.76200   17.02800   20.96200  
H    22.75700   17.06200   19.11800  
O    20.14700   17.72500   20.34300  
C    21.89700   24.59200   34.74100  
H    22.07800   23.74000   34.08100  
H    21.24100   24.36000   35.58400  
H    21.40300   25.41500   34.21800  
S    23.32400   25.43400   35.46300  
C    23.97300   23.90100   36.16600  
H    24.26700   23.21300   35.36900  
H    24.87500   24.12900   36.74000  
H    23.23400   23.47700   36.85000  
O    22.77000   25.97300   36.74400  
C    30.60800   24.56100   29.59300  
H    29.70400   24.21600   30.10300  
H    31.20600   23.66000   29.43600  
H    31.21100   25.20400   30.23900  
S    30.21100   25.22700   27.96100  
C    31.68500   26.26800   27.87200  
H    31.88000   26.82500   28.79200  
H    32.52800   25.66000   27.53200  
H    31.47700   27.03100   27.11800  
O    29.19800   26.25400   28.36200  
C    32.25500   22.81500   32.42900  
H    31.85200   23.19900   31.48800  
H    32.24500   23.68200   33.09400  
H    33.25600   22.42700   32.22500  
S    31.17600   21.59100   33.20700  
C    32.17100   21.35700   34.69700  
H    31.79000   20.51400   35.27800  
H    33.16000   21.08900   34.31400  
H    32.24700   22.32600   35.19600  
O    31.75600   20.42400   32.47000  
C    31.66400   20.72100   26.56100  
H    32.47200   20.75900   25.82600  
H    32.05200   21.21400   27.45600  
H    31.34600   19.68600   26.71200  
S    30.35800   21.80100   25.93300  
C    30.29800   21.15800   24.24600  
H    30.13300   20.08000   24.31800  
H    29.42000   21.60300   23.77000  
H    31.30200   21.33000   23.84800  
O    31.17600   23.05500   25.89800  
C    23.34400   19.33000   33.31800  
H    23.47100   19.42900   34.39900  
H    22.84100   18.37800   33.13400  
H    24.26700   19.28000   32.73400  
S    22.49500   20.82700   32.76600  
C    22.17900   20.13300   31.12700  
H    21.37100   20.72800   30.69100  
H    23.03900   20.16000   30.45400  
H    21.84400   19.09300   31.15000  
O    23.56100   21.87400   32.67300  
C    28.98400   18.19500   29.51700  
H    29.48400   18.20800   30.48900  
H    28.07300   17.60300   29.63600  
H    29.57900   17.87400   28.65800  
S    28.12800   19.78600   29.47400  
C    29.39600   20.73400   30.34500  
H    30.28400   20.72300   29.70800  
H    29.12600   21.75700   30.62100  
H    29.54700   20.21000   31.29200  
O    27.05000   19.58100   30.49300  
C    23.42000   22.80500   19.04100  
H    22.45800   23.32000   18.97300  
H    24.02000   23.61900   18.62600  
H    23.52600   21.88800   18.45500  
S    23.79100   22.29300   20.73300  
C    25.50200   22.87100   20.66100  
H    25.92800   22.51200   21.60200  
H    26.06800   22.41300   19.84600  
H    25.52100   23.95400   20.52000  
O    23.94000   20.80500   20.67900  
C    27.67400   20.77000   33.99100  
H    27.04000   20.67400   33.10600  
H    27.67700   21.82300   34.28200  
H    28.70100   20.46700   33.77000  
S    27.01700   19.78700   35.35800  
C    25.62700   20.88500   35.71900  
H    25.12900   20.43500   36.58100  
H    26.01900   21.86600   35.99900  
H    24.93000   20.89200   34.87700  
O    28.01000   20.19300   36.40100  
C    18.04000   21.34100   20.16400  
H    17.52300   22.12800   19.60800  
H    18.14000   20.47400   19.50600  
H    17.42900   21.02300   21.01200  
S    19.60200   22.03800   20.74800  
C    19.08300   23.10400   22.11200  
H    18.24700   23.68500   21.71600  
H    18.76800   22.42900   22.91200  
H    19.89300   23.72600   22.50200  
O    20.14500   22.99100   19.72900  
C    25.54800   13.35000   23.59900  
H    24.61600   12.79100   23.72000  
H    26.06900   12.89000   22.75600  
H    26.14500   13.40900   24.51200  
S    25.11000   15.04500   23.15000  
C    24.06100   15.58500   24.51900  
H    23.88600   16.65900   24.41300  
H    23.07900   15.13300   24.36300  
H    24.51400   15.41700   25.50000  
O    24.16400   14.93200   21.99500  
C    19.07900   27.50000   23.72600  
H    19.83600   28.26700   23.53900  
H    18.78800   26.93100   22.83900  
H    18.17300   27.87700   24.20800  
S    19.83900   26.29200   24.83300  
C    20.64600   27.43900   25.97200  
H    21.08800   26.79700   26.73900  
H    21.35200   28.08900   25.44700  
H    19.87500   28.11300   26.35300  
O    20.97900   25.69400   24.06800  
C    26.02700   31.02300   23.97600  
H    26.39300   31.03900   22.94600  
H    25.41700   31.92000   24.11200  
H    26.90000   30.99800   24.63400  
S    24.78000   29.74300   24.24200  
C    24.46100   30.12800   25.97900  
H    25.36300   30.02300   26.58800  
H    23.98000   31.10000   26.10800  
H    23.73400   29.35700   26.24600  
O    25.55600   28.48400   24.47600  
C    29.17100   28.80600   25.66000  
H    28.71300   29.79800   25.66400  
H    28.63600   28.25800   26.44000  
H    30.25100   28.91700   25.78400  
S    28.90600   28.08400   24.02500  
C    28.81200   26.33600   24.47100  
H    28.43500   25.76100   23.62200  
H    29.82600   25.96500   24.63700  
H    28.09600   26.14500   25.27500  
O    30.22400   28.09400   23.31600  
C    26.18300   16.24500   31.39800  
H    26.23100   17.29400   31.09300  
H    27.09500   15.81200   31.81700  
H    25.92900   15.66300   30.50800  
S    24.83300   16.08300   32.58700  
C    25.06400   14.29300   32.48600  
H    26.04700   14.06100   32.90300  
H    24.30400   13.72000   33.02300  
H    25.00900   13.97100   31.44300  
O    23.65700   16.32400   31.69200  
C    21.96300   19.97100   23.66900  
H    22.16600   19.14900   22.97800  
H    21.27800   20.71300   23.24900  
H    22.78700   20.60600   24.00400  
S    21.15300   19.29200   25.13400  
C    20.04900   18.18300   24.23000  
H    20.52700   17.25500   23.90300  
H    19.27500   17.94600   24.96400  
H    19.61200   18.67800   23.35900  
O    20.23700   20.42800   25.46900  
C    25.74000   28.33000   36.47700  
H    24.76400   28.00500   36.84700  
H    26.50000   27.58200   36.71600  
H    25.99900   29.30800   36.89200  
S    25.63100   28.57500   34.69000  
C    23.89200   29.06000   34.75500  
H    23.31500   28.25500   35.21700  
H    23.80900   30.01300   35.28300  
H    23.47900   29.32400   33.77800  
O    25.47300   27.26200   33.98700  
C    29.80600   18.21400   21.70400  
H    29.16300   18.93600   22.21300  
H    30.04000   17.29600   22.24900  
H    30.61400   18.78900   21.24400  
S    28.77400   17.78900   20.28200  
C    28.27500   19.42200   19.69200  
H    28.04700   20.00200   20.59100  
H    29.14400   19.81400   19.15900  
H    27.37800   19.26400   19.08700  
O    27.53200   17.21300   20.88700  
C    28.14600   24.92300   20.30200  
H    28.63000   25.37500   19.43200  
H    27.50300   24.15700   19.86200  
H    27.46200   25.58100   20.84400  
S    29.10400   23.95800   21.49200  
C    30.77900   24.48600   21.06500  
H    30.89000   25.55800   21.25200  
H    31.48200   23.92600   21.68700  
H    30.97400   24.28800   20.00800  
O    29.08000   22.53100   21.04100  
C    21.41600   24.26900   31.00200  
H    21.08200   23.95000   31.99300  
H    20.52500   24.12700   30.38600  
H    22.29000   23.73700   30.61700  
S    21.69400   26.05300   31.07400  
C    23.35000   26.04200   31.79900  
H    23.30800   25.34600   32.64000  
H    24.10600   25.77500   31.05600  
H    23.46500   26.99700   32.31800  
O    20.82000   26.55600   32.18100  
C    28.52700   15.93500   25.51100  
H    29.46400   16.03800   24.95800  
H    28.79000   15.51100   26.48400  
H    27.78400   15.37700   24.93500  
S    27.76000   17.55200   25.75700  
C    27.19800   17.79000   24.05600  
H    26.69800   18.76200   24.08900  
H    28.02900   17.69000   23.35400  
H    26.44900   17.04800   23.76800  
O    28.90200   18.51500   25.86300  
C    17.15400   17.77700   28.68500  
H    16.58700   17.84400   27.75300  
H    18.04200   17.14000   28.64600  
H    16.49900   17.43300   29.49000  
S    17.63400   19.45600   29.14700  
C    18.13800   19.83800   27.45400  
H    18.83500   19.05900   27.13200  
H    17.23400   20.05400   26.87900  
H    18.77600   20.72500   27.46800  
O    18.96000   19.19900   29.79200  
C    18.79000   23.46900   26.03300  
H    18.45400   22.42900   26.06100  
H    17.97300   24.18500   25.91000  
H    19.52500   23.52400   25.22600  
S    19.70900   23.95400   27.51100  
C    21.19100   22.97400   27.18300  
H    21.04800   21.89600   27.28900  
H    21.67300   23.32200   26.26500  
H    21.90000   23.17600   27.99000  
O    18.99000   23.18500   28.57500  
C    21.68800   26.45900   20.41900  
H    21.26100   25.93500   19.56000  
H    20.96400   26.48300   21.23800  
H    21.82700   27.48900   20.08000  
S    23.25300   25.79700   21.03200  
C    23.70000   26.99500   22.30800  
H    23.04800   26.79100   23.16100  
H    24.76500   26.84500   22.50500  
H    23.64500   27.98600   21.85200  
O    24.24300   26.05900   19.93900  
C    34.32000   27.87000   22.34800  
H    34.47500   28.65400   23.09400  
H    35.19800   27.22900   22.23900  
H    34.04500   28.35700   21.40800  
S    33.00500   26.69600   22.74300  
C    33.02000   26.75000   24.54900  
H    32.71100   27.74400   24.88300  
H    32.27900   25.98000   24.77600  
H    34.06900   26.57200   24.80000  
O    33.52300   25.33200   22.40700  
C    27.85800   25.97600   32.00800  
H    28.65000   26.20400   31.29000  
H    26.90900   26.44000   31.72700  
H    28.18700   26.17200   33.03200  
S    27.57500   24.19400   31.91600  
C    26.43100   24.09800   33.31200  
H    25.94500   23.11900   33.29400  
H    27.02800   24.31400   34.20200  
H    25.72600   24.93200   33.27900  
O    28.82500   23.62000   32.50700  
C    21.88200   18.06400   28.39700  
H    22.11900   19.13000   28.43800  
H    20.97400   17.89900   27.81200  
H    21.74700   17.78200   29.44400  
S    23.40300   17.26100   27.84600  
C    24.35200   18.09200   29.14000  
H    25.40700   17.80900   29.14100  
H    24.34600   19.17400   28.98500  
H    23.90500   17.90600   30.12000  
O    23.66600   17.92400   26.53000  
C    32.01000   16.65800   26.22100  
H    31.84800   15.65800   26.63000  
H    32.88700   17.05800   26.73700  
H    31.10100   17.26100   26.29800  
S    32.60700   16.38300   24.53800  
C    32.67500   18.12800   24.07300  
H    32.65800   18.11400   22.98000  
H    31.99100   18.87900   24.47600  
H    33.60400   18.49700   24.51500  
O    31.64900   16.00800   23.45000  
$end

$rem
JOBTYPE  SP
METHOD  B3LYP
BASIS  6-31+G(D)
SYMMETRY  FALSE
SYM_IGNORE  TRUE
MEM_TOTAL  12000
MEM_STATIC  4000
BASIS_LIN_DEP_THRESH  6
THRESH  14
SCF_CONVERGENCE  8
FD_MAT_VEC_PROD  FALSE
XC_GRID  000075000302
NL_GRID  1
MAX_SCF_CYCLES  200
SCF_GUESS  READ
GEN_SCFMAN  FALSE
SKIP_SCFMAN  TRUE
ESP_GRID  0
ESP_EFIELD  1
$end
