$molecule
0 1
--
0 1
C    29.42000   25.10200   27.93800  
C    28.51700   26.33700   28.08700  
C    27.09300   25.78300   28.25900  
C    26.92200   24.66300   29.29800  
C    27.80600   23.46300   28.92100  
C    29.24200   24.00700   29.00300  
H    26.33400   26.52900   28.52600  
H    28.93600   26.69500   29.03600  
H    29.38200   24.58200   26.97300  
H    30.42800   25.53500   27.95800  
H    27.14100   24.96300   30.33000  
H    25.89000   24.29400   29.34600  
H    27.78900   22.65600   29.66300  
H    27.68700   22.94100   27.96300  
H    29.51300   24.31200   30.02100  
H    29.96600   23.18900   28.90300  
H    26.70600   25.50100   27.27300  
N    28.72100   27.38800   27.09200  
H    28.35300   27.28300   26.15400  
C    29.35900   28.58500   27.33800  
H    29.41600   29.24100   26.45000  
O    29.80000   28.92800   28.42100  
--
0 1
C    25.01400   30.92900   25.59400  
H    24.67700   30.08200   26.19900  
H    25.20000   30.66400   24.55000  
H    25.77300   31.59700   26.00800  
S    23.59700   32.04200   25.46300  
C    22.66200   30.86000   24.46600  
H    22.46800   29.94500   25.03200  
H    21.67300   31.28500   24.27800  
H    23.12400   30.60500   23.50900  
O    23.98000   33.16800   24.55400  
C    22.15500   26.33600   33.01900  
H    23.02300   26.99400   32.93800  
H    21.42200   26.58200   32.24700  
H    21.82800   26.45300   34.05600  
S    22.92300   24.71100   32.83500  
C    23.97100   24.83500   34.30200  
H    23.34200   25.09200   35.15800  
H    24.57700   23.93900   34.46400  
H    24.73100   25.60800   34.16800  
O    23.94700   24.83100   31.75000  
C    28.76700   26.82900   32.45700  
H    29.30900   26.10100   33.06600  
H    28.96200   26.64900   31.39700  
H    29.08600   27.85600   32.65300  
S    26.96300   26.75700   32.53600  
C    26.71500   28.28700   31.60600  
H    25.66100   28.57200   31.56000  
H    27.33100   29.03800   32.10800  
H    27.11000   28.19100   30.59200  
O    26.66200   27.11500   33.95800  
C    35.14100   23.18500   32.63500  
H    35.58400   22.57100   31.84600  
H    34.50800   24.00500   32.28600  
H    35.81700   23.53200   33.42000  
S    34.04800   22.02800   33.49100  
C    32.67700   22.20800   32.32800  
H    33.07800   21.92300   31.35200  
H    31.93700   21.41800   32.48000  
H    32.22400   23.19900   32.23500  
O    33.50600   22.57700   34.77300  
C    34.15200   33.20700   30.97500  
H    35.09000   32.65400   31.06900  
H    34.24600   33.95400   30.18300  
H    33.85900   33.67900   31.91700  
S    32.86700   32.03600   30.48100  
C    33.04900   31.03500   31.97400  
H    32.90000   31.74700   32.79000  
H    32.30500   30.23500   31.93600  
H    34.03900   30.58300   31.86900  
O    33.45500   31.03700   29.53300  
C    24.71100   31.70500   21.50500  
H    24.25800   32.36300   20.75900  
H    24.27200   30.71000   21.40000  
H    24.50600   32.15500   22.48000  
S    26.48300   31.59700   21.16500  
C    26.68400   33.37500   20.91600  
H    26.00800   33.83800   20.19300  
H    26.58200   33.84400   21.89700  
H    27.74200   33.52800   20.68700  
O    26.59800   31.03700   19.78100  
C    28.83600   20.30000   29.40200  
H    28.09700   19.66600   28.90700  
H    28.43900   20.49300   30.40200  
H    29.29700   21.10000   28.81700  
S    30.31600   19.27900   29.58500  
C    30.21700   18.58600   27.91900  
H    29.30900   17.99400   27.77400  
H    30.32000   19.46600   27.27800  
H    31.11000   17.95800   27.88000  
O    29.72800   18.19000   30.42900  
C    29.46400   36.96100   29.96600  
H    28.41100   36.66800   29.95800  
H    29.58700   37.51800   30.89900  
H    29.82300   37.52300   29.10000  
S    30.58000   35.54000   29.92800  
C    29.81200   34.57300   28.60900  
H    29.78200   35.06300   27.63200  
H    30.35500   33.62500   28.58700  
H    28.80600   34.24900   28.88800  
O    30.02400   34.76100   31.07900  
C    27.21900   22.98500   34.49600  
H    26.40700   22.55900   35.09100  
H    28.16100   23.03100   35.04900  
H    27.00600   24.02800   34.25000  
S    27.55600   22.02900   33.00000  
C    25.98300   22.30300   32.15500  
H    25.21100   22.16000   32.91600  
H    26.03400   23.29700   31.70300  
H    25.85700   21.50600   31.41700  
O    27.44800   20.61000   33.46500  
C    23.55500   21.92700   29.14300  
H    22.64000   22.39000   28.76300  
H    23.47500   20.99200   29.70300  
H    24.02500   22.58300   29.88000  
S    24.85100   21.74500   27.89800  
C    23.79300   20.53900   27.06700  
H    24.38900   20.08700   26.27100  
H    23.59600   19.72200   27.76700  
H    22.86000   20.99800   26.73000  
O    25.79900   20.81800   28.59200  
C    35.09500   24.52800   27.94700  
H    35.50400   23.90800   27.14500  
H    35.88900   25.21900   28.23900  
H    34.65400   23.98800   28.78800  
S    33.74100   25.51200   27.26600  
C    32.71400   24.16500   26.63700  
H    32.50700   23.50100   27.48000  
H    31.81300   24.49900   26.11700  
H    33.22000   23.57700   25.86700  
O    34.26900   26.09000   25.99000  
C    32.25300   25.34300   21.92100  
H    32.63100   25.40200   20.89700  
H    32.56900   26.24700   22.44800  
H    32.65400   24.37400   22.22700  
S    30.46800   25.06300   21.93200  
C    30.54000   24.78900   23.71600  
H    30.79100   25.70300   24.26000  
H    29.54600   24.45700   24.02900  
H    31.26700   23.99500   23.90400  
O    30.29300   23.66700   21.42000  
C    33.49100   20.81900   26.95100  
H    34.03100   21.73700   27.19700  
H    33.51400   20.63000   25.87500  
H    32.48600   21.04000   27.31800  
S    34.18600   19.41700   27.85600  
C    35.62200   19.23300   26.77500  
H    35.24400   19.34200   25.75600  
H    36.39300   19.99200   26.93800  
H    35.93300   18.23200   27.08300  
O    33.34600   18.30300   27.31400  
C    20.46500   24.59200   29.04800  
H    20.37000   23.70500   28.41600  
H    21.40600   25.14500   28.99700  
H    20.40400   24.11500   30.03000  
S    19.08900   25.71200   28.70300  
C    17.87800   24.44300   28.27000  
H    17.72700   23.79600   29.13800  
H    17.01400   25.05700   28.00100  
H    18.03800   23.73700   27.45100  
O    19.59000   26.25300   27.40000  
C    30.35800   32.83700   25.39600  
H    30.35600   33.91400   25.58200  
H    30.76600   32.35100   26.28600  
H    30.78200   32.44600   24.46800  
S    28.63500   32.29600   25.44400  
C    28.19900   33.51500   24.18400  
H    28.95800   33.40100   23.40600  
H    27.17500   33.24600   23.91400  
H    28.22900   34.54400   24.55200  
O    28.06600   32.79900   26.73400  
C    30.11200   30.08500   19.35200  
H    31.20100   30.04200   19.42500  
H    29.84300   29.77300   18.33900  
H    29.72300   31.07600   19.60100  
S    29.38100   28.74100   20.31300  
C    29.85400   29.53100   21.86800  
H    29.47500   28.91900   22.69000  
H    30.93600   29.58200   22.01500  
H    29.26500   30.44900   21.93900  
O    30.34200   27.60100   20.17900  
C    26.41400   28.42100   22.69000  
H    26.49700   29.25200   23.39500  
H    26.95400   28.67000   21.77300  
H    25.38200   28.10100   22.52600  
S    27.12000   26.99400   23.54500  
C    25.80400   26.98500   24.78400  
H    24.89000   26.77000   24.22400  
H    26.00900   26.16000   25.47000  
H    25.66400   27.90500   25.35800  
O    28.27100   27.60300   24.28400  
C    28.14200   30.64800   34.70000  
H    27.48100   29.79100   34.55200  
H    27.93000   30.98400   35.71800  
H    27.92500   31.45900   34.00000  
S    29.91200   30.28600   34.65200  
C    30.41100   32.02100   34.74100  
H    29.99200   32.57800   35.58200  
H    31.50400   32.01600   34.75700  
H    30.15100   32.53900   33.81400  
O    30.28000   29.86100   33.26400  
C    25.51500   34.94100   30.06200  
H    24.88000   35.78800   29.78900  
H    25.22700   34.43200   30.98500  
H    26.55600   35.27100   30.11800  
S    25.25500   33.77700   28.70400  
C    25.52800   34.74400   27.20200  
H    25.05100   34.14600   26.42100  
H    24.95900   35.67500   27.25900  
H    26.59700   34.92100   27.05800  
O    23.77200   33.60500   28.81100  
C    22.82500   24.24600   24.01500  
H    22.22600   24.11500   23.10900  
H    23.41000   25.14700   23.81600  
H    23.45200   23.37000   24.20200  
S    21.73600   24.59400   25.41400  
C    22.94800   25.45800   26.43900  
H    23.91400   24.94600   26.42600  
H    23.13400   26.46600   26.06000  
H    22.55900   25.40300   27.45900  
O    21.54800   23.27000   26.08700  
C    22.83700   27.36500   29.54400  
H    23.38600   26.42000   29.58500  
H    22.32600   27.58100   30.48500  
H    22.08600   27.31100   28.75200  
S    24.10800   28.57500   29.11600  
C    22.91400   29.91100   28.88200  
H    23.45400   30.84800   28.72700  
H    22.22300   29.65300   28.07500  
H    22.31100   29.99600   29.79000  
O    24.40300   28.20300   27.69600  
C    21.52200   20.10800   35.14900  
H    22.14000   19.38400   35.68600  
H    21.07000   20.66700   35.97200  
H    20.78900   19.66600   34.46900  
S    22.65500   21.08500   34.13700  
C    23.32100   19.62700   33.30300  
H    22.68300   19.68500   32.41700  
H    24.36400   19.74800   33.00000  
H    23.18000   18.72000   33.89700  
O    23.68900   21.52400   35.12600  
C    34.08900   29.81600   25.93500  
H    34.96700   30.43400   25.73300  
H    33.83600   29.94200   26.99000  
H    34.33500   28.78300   25.67600  
S    32.48400   30.12500   25.16500  
C    31.84800   28.43800   25.03300  
H    30.77800   28.32000   24.83900  
H    32.31000   27.97900   24.15500  
H    32.23000   27.78800   25.82300  
O    32.60000   30.55600   23.73600  
C    27.93200   19.92300   25.15400  
H    26.99400   19.48700   25.50800  
H    28.06200   19.59200   24.12100  
H    28.66900   19.37400   25.74500  
S    27.97400   21.67300   25.60200  
C    27.51300   22.31900   23.97900  
H    27.10200   23.32200   24.12000  
H    28.33900   22.24800   23.26600  
H    26.82700   21.60800   23.51100  
O    29.42100   22.05700   25.61900  
C    27.78200   14.94800   27.62400  
H    28.07300   14.68100   26.60500  
H    28.66900   15.16800   28.22300  
H    27.22800   14.09100   28.01700  
S    26.78400   16.44200   27.42500  
C    26.42400   16.74600   29.16900  
H    26.05700   15.89100   29.74300  
H    27.38200   17.05600   29.59400  
H    25.72200   17.58200   29.12100  
O    25.43600   16.13600   26.85100  
C    26.98000   30.96000   29.18100  
H    27.58400   30.05400   29.27300  
H    25.96000   30.86000   29.56100  
H    26.97200   31.21200   28.11700  
S    27.83500   32.20400   30.17400  
C    29.47900   31.48500   30.38700  
H    29.29700   30.54300   30.91100  
H    29.85900   31.33400   29.37400  
H    30.03100   32.23800   30.95600  
O    27.16600   32.09000   31.50900  
C    27.01300   23.83600   20.58900  
H    27.81400   23.97900   21.31800  
H    27.22400   22.87800   20.10600  
H    27.00700   24.47300   19.70000  
S    25.33800   23.78400   21.26400  
C    24.60400   23.50700   19.63600  
H    24.96000   22.54300   19.26200  
H    23.51500   23.48600   19.73100  
H    24.98200   24.31600   19.00700  
O    25.05600   25.22700   21.54800  
C    32.24000   27.61800   30.44100  
H    31.56000   28.26200   31.00500  
H    33.17000   28.11000   30.14600  
H    31.85600   27.35600   29.45100  
S    32.39200   26.07100   31.36300  
C    33.57500   26.73800   32.55500  
H    34.60200   26.81500   32.19200  
H    33.29600   27.77100   32.78300  
H    33.65000   26.01300   33.36900  
O    33.32700   25.20600   30.57500  
$end

$rem
JOBTYPE  SP
METHOD  B3LYP
BASIS  6-31+G(D)
SYMMETRY  FALSE
SYM_IGNORE  TRUE
MEM_TOTAL  12000
MEM_STATIC  4000
BASIS_LIN_DEP_THRESH  6
THRESH  14
SCF_CONVERGENCE  8
FD_MAT_VEC_PROD  FALSE
XC_GRID  000075000302
NL_GRID  1
MAX_SCF_CYCLES  200
ENV_METHOD  B3LYP
GEN_SCFMAN_EMBED  TRUE
SPADE_PARTITION  TRUE
EMBEDDING_EARLY_STOP  TRUE
$end

@@@

$molecule
0 1
@C    29.42000   25.10200   27.93800  
@C    28.51700   26.33700   28.08700  
@C    27.09300   25.78300   28.25900  
@C    26.92200   24.66300   29.29800  
@C    27.80600   23.46300   28.92100  
@C    29.24200   24.00700   29.00300  
@H    26.33400   26.52900   28.52600  
@H    28.93600   26.69500   29.03600  
@H    29.38200   24.58200   26.97300  
@H    30.42800   25.53500   27.95800  
@H    27.14100   24.96300   30.33000  
@H    25.89000   24.29400   29.34600  
@H    27.78900   22.65600   29.66300  
@H    27.68700   22.94100   27.96300  
@H    29.51300   24.31200   30.02100  
@H    29.96600   23.18900   28.90300  
@H    26.70600   25.50100   27.27300  
@N    28.72100   27.38800   27.09200  
@H    28.35300   27.28300   26.15400  
@C    29.35900   28.58500   27.33800  
@H    29.41600   29.24100   26.45000  
@O    29.80000   28.92800   28.42100  
C    25.01400   30.92900   25.59400  
H    24.67700   30.08200   26.19900  
H    25.20000   30.66400   24.55000  
H    25.77300   31.59700   26.00800  
S    23.59700   32.04200   25.46300  
C    22.66200   30.86000   24.46600  
H    22.46800   29.94500   25.03200  
H    21.67300   31.28500   24.27800  
H    23.12400   30.60500   23.50900  
O    23.98000   33.16800   24.55400  
C    22.15500   26.33600   33.01900  
H    23.02300   26.99400   32.93800  
H    21.42200   26.58200   32.24700  
H    21.82800   26.45300   34.05600  
S    22.92300   24.71100   32.83500  
C    23.97100   24.83500   34.30200  
H    23.34200   25.09200   35.15800  
H    24.57700   23.93900   34.46400  
H    24.73100   25.60800   34.16800  
O    23.94700   24.83100   31.75000  
C    28.76700   26.82900   32.45700  
H    29.30900   26.10100   33.06600  
H    28.96200   26.64900   31.39700  
H    29.08600   27.85600   32.65300  
S    26.96300   26.75700   32.53600  
C    26.71500   28.28700   31.60600  
H    25.66100   28.57200   31.56000  
H    27.33100   29.03800   32.10800  
H    27.11000   28.19100   30.59200  
O    26.66200   27.11500   33.95800  
C    35.14100   23.18500   32.63500  
H    35.58400   22.57100   31.84600  
H    34.50800   24.00500   32.28600  
H    35.81700   23.53200   33.42000  
S    34.04800   22.02800   33.49100  
C    32.67700   22.20800   32.32800  
H    33.07800   21.92300   31.35200  
H    31.93700   21.41800   32.48000  
H    32.22400   23.19900   32.23500  
O    33.50600   22.57700   34.77300  
C    34.15200   33.20700   30.97500  
H    35.09000   32.65400   31.06900  
H    34.24600   33.95400   30.18300  
H    33.85900   33.67900   31.91700  
S    32.86700   32.03600   30.48100  
C    33.04900   31.03500   31.97400  
H    32.90000   31.74700   32.79000  
H    32.30500   30.23500   31.93600  
H    34.03900   30.58300   31.86900  
O    33.45500   31.03700   29.53300  
C    24.71100   31.70500   21.50500  
H    24.25800   32.36300   20.75900  
H    24.27200   30.71000   21.40000  
H    24.50600   32.15500   22.48000  
S    26.48300   31.59700   21.16500  
C    26.68400   33.37500   20.91600  
H    26.00800   33.83800   20.19300  
H    26.58200   33.84400   21.89700  
H    27.74200   33.52800   20.68700  
O    26.59800   31.03700   19.78100  
C    28.83600   20.30000   29.40200  
H    28.09700   19.66600   28.90700  
H    28.43900   20.49300   30.40200  
H    29.29700   21.10000   28.81700  
S    30.31600   19.27900   29.58500  
C    30.21700   18.58600   27.91900  
H    29.30900   17.99400   27.77400  
H    30.32000   19.46600   27.27800  
H    31.11000   17.95800   27.88000  
O    29.72800   18.19000   30.42900  
C    29.46400   36.96100   29.96600  
H    28.41100   36.66800   29.95800  
H    29.58700   37.51800   30.89900  
H    29.82300   37.52300   29.10000  
S    30.58000   35.54000   29.92800  
C    29.81200   34.57300   28.60900  
H    29.78200   35.06300   27.63200  
H    30.35500   33.62500   28.58700  
H    28.80600   34.24900   28.88800  
O    30.02400   34.76100   31.07900  
C    27.21900   22.98500   34.49600  
H    26.40700   22.55900   35.09100  
H    28.16100   23.03100   35.04900  
H    27.00600   24.02800   34.25000  
S    27.55600   22.02900   33.00000  
C    25.98300   22.30300   32.15500  
H    25.21100   22.16000   32.91600  
H    26.03400   23.29700   31.70300  
H    25.85700   21.50600   31.41700  
O    27.44800   20.61000   33.46500  
C    23.55500   21.92700   29.14300  
H    22.64000   22.39000   28.76300  
H    23.47500   20.99200   29.70300  
H    24.02500   22.58300   29.88000  
S    24.85100   21.74500   27.89800  
C    23.79300   20.53900   27.06700  
H    24.38900   20.08700   26.27100  
H    23.59600   19.72200   27.76700  
H    22.86000   20.99800   26.73000  
O    25.79900   20.81800   28.59200  
C    35.09500   24.52800   27.94700  
H    35.50400   23.90800   27.14500  
H    35.88900   25.21900   28.23900  
H    34.65400   23.98800   28.78800  
S    33.74100   25.51200   27.26600  
C    32.71400   24.16500   26.63700  
H    32.50700   23.50100   27.48000  
H    31.81300   24.49900   26.11700  
H    33.22000   23.57700   25.86700  
O    34.26900   26.09000   25.99000  
C    32.25300   25.34300   21.92100  
H    32.63100   25.40200   20.89700  
H    32.56900   26.24700   22.44800  
H    32.65400   24.37400   22.22700  
S    30.46800   25.06300   21.93200  
C    30.54000   24.78900   23.71600  
H    30.79100   25.70300   24.26000  
H    29.54600   24.45700   24.02900  
H    31.26700   23.99500   23.90400  
O    30.29300   23.66700   21.42000  
C    33.49100   20.81900   26.95100  
H    34.03100   21.73700   27.19700  
H    33.51400   20.63000   25.87500  
H    32.48600   21.04000   27.31800  
S    34.18600   19.41700   27.85600  
C    35.62200   19.23300   26.77500  
H    35.24400   19.34200   25.75600  
H    36.39300   19.99200   26.93800  
H    35.93300   18.23200   27.08300  
O    33.34600   18.30300   27.31400  
C    20.46500   24.59200   29.04800  
H    20.37000   23.70500   28.41600  
H    21.40600   25.14500   28.99700  
H    20.40400   24.11500   30.03000  
S    19.08900   25.71200   28.70300  
C    17.87800   24.44300   28.27000  
H    17.72700   23.79600   29.13800  
H    17.01400   25.05700   28.00100  
H    18.03800   23.73700   27.45100  
O    19.59000   26.25300   27.40000  
C    30.35800   32.83700   25.39600  
H    30.35600   33.91400   25.58200  
H    30.76600   32.35100   26.28600  
H    30.78200   32.44600   24.46800  
S    28.63500   32.29600   25.44400  
C    28.19900   33.51500   24.18400  
H    28.95800   33.40100   23.40600  
H    27.17500   33.24600   23.91400  
H    28.22900   34.54400   24.55200  
O    28.06600   32.79900   26.73400  
C    30.11200   30.08500   19.35200  
H    31.20100   30.04200   19.42500  
H    29.84300   29.77300   18.33900  
H    29.72300   31.07600   19.60100  
S    29.38100   28.74100   20.31300  
C    29.85400   29.53100   21.86800  
H    29.47500   28.91900   22.69000  
H    30.93600   29.58200   22.01500  
H    29.26500   30.44900   21.93900  
O    30.34200   27.60100   20.17900  
C    26.41400   28.42100   22.69000  
H    26.49700   29.25200   23.39500  
H    26.95400   28.67000   21.77300  
H    25.38200   28.10100   22.52600  
S    27.12000   26.99400   23.54500  
C    25.80400   26.98500   24.78400  
H    24.89000   26.77000   24.22400  
H    26.00900   26.16000   25.47000  
H    25.66400   27.90500   25.35800  
O    28.27100   27.60300   24.28400  
C    28.14200   30.64800   34.70000  
H    27.48100   29.79100   34.55200  
H    27.93000   30.98400   35.71800  
H    27.92500   31.45900   34.00000  
S    29.91200   30.28600   34.65200  
C    30.41100   32.02100   34.74100  
H    29.99200   32.57800   35.58200  
H    31.50400   32.01600   34.75700  
H    30.15100   32.53900   33.81400  
O    30.28000   29.86100   33.26400  
C    25.51500   34.94100   30.06200  
H    24.88000   35.78800   29.78900  
H    25.22700   34.43200   30.98500  
H    26.55600   35.27100   30.11800  
S    25.25500   33.77700   28.70400  
C    25.52800   34.74400   27.20200  
H    25.05100   34.14600   26.42100  
H    24.95900   35.67500   27.25900  
H    26.59700   34.92100   27.05800  
O    23.77200   33.60500   28.81100  
C    22.82500   24.24600   24.01500  
H    22.22600   24.11500   23.10900  
H    23.41000   25.14700   23.81600  
H    23.45200   23.37000   24.20200  
S    21.73600   24.59400   25.41400  
C    22.94800   25.45800   26.43900  
H    23.91400   24.94600   26.42600  
H    23.13400   26.46600   26.06000  
H    22.55900   25.40300   27.45900  
O    21.54800   23.27000   26.08700  
C    22.83700   27.36500   29.54400  
H    23.38600   26.42000   29.58500  
H    22.32600   27.58100   30.48500  
H    22.08600   27.31100   28.75200  
S    24.10800   28.57500   29.11600  
C    22.91400   29.91100   28.88200  
H    23.45400   30.84800   28.72700  
H    22.22300   29.65300   28.07500  
H    22.31100   29.99600   29.79000  
O    24.40300   28.20300   27.69600  
C    21.52200   20.10800   35.14900  
H    22.14000   19.38400   35.68600  
H    21.07000   20.66700   35.97200  
H    20.78900   19.66600   34.46900  
S    22.65500   21.08500   34.13700  
C    23.32100   19.62700   33.30300  
H    22.68300   19.68500   32.41700  
H    24.36400   19.74800   33.00000  
H    23.18000   18.72000   33.89700  
O    23.68900   21.52400   35.12600  
C    34.08900   29.81600   25.93500  
H    34.96700   30.43400   25.73300  
H    33.83600   29.94200   26.99000  
H    34.33500   28.78300   25.67600  
S    32.48400   30.12500   25.16500  
C    31.84800   28.43800   25.03300  
H    30.77800   28.32000   24.83900  
H    32.31000   27.97900   24.15500  
H    32.23000   27.78800   25.82300  
O    32.60000   30.55600   23.73600  
C    27.93200   19.92300   25.15400  
H    26.99400   19.48700   25.50800  
H    28.06200   19.59200   24.12100  
H    28.66900   19.37400   25.74500  
S    27.97400   21.67300   25.60200  
C    27.51300   22.31900   23.97900  
H    27.10200   23.32200   24.12000  
H    28.33900   22.24800   23.26600  
H    26.82700   21.60800   23.51100  
O    29.42100   22.05700   25.61900  
C    27.78200   14.94800   27.62400  
H    28.07300   14.68100   26.60500  
H    28.66900   15.16800   28.22300  
H    27.22800   14.09100   28.01700  
S    26.78400   16.44200   27.42500  
C    26.42400   16.74600   29.16900  
H    26.05700   15.89100   29.74300  
H    27.38200   17.05600   29.59400  
H    25.72200   17.58200   29.12100  
O    25.43600   16.13600   26.85100  
C    26.98000   30.96000   29.18100  
H    27.58400   30.05400   29.27300  
H    25.96000   30.86000   29.56100  
H    26.97200   31.21200   28.11700  
S    27.83500   32.20400   30.17400  
C    29.47900   31.48500   30.38700  
H    29.29700   30.54300   30.91100  
H    29.85900   31.33400   29.37400  
H    30.03100   32.23800   30.95600  
O    27.16600   32.09000   31.50900  
C    27.01300   23.83600   20.58900  
H    27.81400   23.97900   21.31800  
H    27.22400   22.87800   20.10600  
H    27.00700   24.47300   19.70000  
S    25.33800   23.78400   21.26400  
C    24.60400   23.50700   19.63600  
H    24.96000   22.54300   19.26200  
H    23.51500   23.48600   19.73100  
H    24.98200   24.31600   19.00700  
O    25.05600   25.22700   21.54800  
C    32.24000   27.61800   30.44100  
H    31.56000   28.26200   31.00500  
H    33.17000   28.11000   30.14600  
H    31.85600   27.35600   29.45100  
S    32.39200   26.07100   31.36300  
C    33.57500   26.73800   32.55500  
H    34.60200   26.81500   32.19200  
H    33.29600   27.77100   32.78300  
H    33.65000   26.01300   33.36900  
O    33.32700   25.20600   30.57500  
$end

$rem
JOBTYPE  SP
METHOD  B3LYP
BASIS  6-31+G(D)
SYMMETRY  FALSE
SYM_IGNORE  TRUE
MEM_TOTAL  12000
MEM_STATIC  4000
BASIS_LIN_DEP_THRESH  6
THRESH  14
SCF_CONVERGENCE  8
FD_MAT_VEC_PROD  FALSE
XC_GRID  000075000302
NL_GRID  1
MAX_SCF_CYCLES  200
SCF_GUESS  READ
GEN_SCFMAN  FALSE
SKIP_SCFMAN  TRUE
ESP_GRID  0
ESP_EFIELD  1
$end
