$molecule
0 1
--
0 1
C    19.56300   21.62900   27.47100  
C    20.08100   20.75100   28.62200  
C    20.54700   19.35300   28.18600  
C    21.63200   19.57200   27.12000  
C    21.20200   20.46200   25.94200  
C    20.63100   21.82000   26.38100  
H    20.70900   18.68400   29.04000  
H    20.98900   21.28800   28.92400  
H    18.62900   21.17600   27.11500  
H    19.33500   22.65000   27.80000  
H    22.57100   19.94000   27.55300  
H    21.90600   18.54600   26.84500  
H    21.99900   20.63200   25.20700  
H    20.43600   19.99100   25.31300  
H    21.38400   22.47800   26.83100  
H    20.05200   22.31500   25.59200  
H    19.71300   18.83900   27.69200  
N    19.08100   20.61000   29.68000  
H    18.10600   20.49400   29.43200  
C    19.35000   20.79400   31.02000  
H    18.46900   20.77100   31.68600  
O    20.50200   20.93200   31.39200  
--
0 1
C    17.47100   25.37500   22.13300  
H    16.52900   25.87000   22.38300  
H    17.15700   24.41700   21.71000  
H    18.05400   25.26700   23.05200  
S    18.24500   26.44100   20.89600  
C    18.36000   27.81000   22.07000  
H    19.09600   27.75300   22.87500  
H    18.53600   28.64300   21.38500  
H    17.35300   27.89900   22.48600  
O    17.10300   26.89800   20.04200  
C    19.44100   27.24800   31.82000  
H    20.16600   27.23100   31.00200  
H    19.89900   27.16400   32.80900  
H    18.82300   26.34800   31.77100  
S    18.41100   28.71200   31.56700  
C    17.22600   28.32000   32.87400  
H    16.37400   29.00400   32.89600  
H    16.83900   27.31400   32.69100  
H    17.66200   28.41100   33.87200  
O    17.78100   28.44400   30.23700  
C    24.08700   15.51900   29.23700  
H    23.74900   14.66100   29.82300  
H    24.68000   15.33600   28.33700  
H    24.58500   16.25900   29.86800  
S    22.58400   16.34700   28.67100  
C    21.44400   15.84300   29.98000  
H    20.61900   16.55800   29.92200  
H    21.18500   14.80000   29.78000  
H    21.98800   15.92900   30.92300  
O    22.12500   15.56000   27.48300  
C    25.85700   19.40500   26.88200  
H    25.59300   20.36800   27.32600  
H    25.68700   19.37700   25.80200  
H    25.15700   18.69100   27.32100  
S    27.58000   18.97900   27.22300  
C    28.31700   20.28700   26.21800  
H    28.21200   21.16100   26.86600  
H    29.37000   20.01200   26.11100  
H    27.79800   20.26100   25.25700  
O    27.79900   17.79200   26.33800  
C    20.83800   20.92800   36.50300  
H    21.21400   20.47500   37.42400  
H    19.82400   21.32000   36.61100  
H    20.83700   20.14300   35.74300  
S    21.93600   22.26000   35.96800  
C    21.57000   22.08900   34.20700  
H    20.92100   22.95400   34.04500  
H    22.50600   22.23800   33.66200  
H    21.05000   21.15300   33.98500  
O    23.22600   21.55700   36.25500  
C    19.23600   24.79700   35.62000  
H    19.14400   23.81400   36.08900  
H    20.17800   24.87400   35.07100  
H    19.13200   25.52800   36.42600  
S    17.89500   25.02200   34.43000  
C    16.74200   23.97700   35.34700  
H    16.95400   24.13100   36.40800  
H    15.68700   24.16100   35.12900  
H    17.03400   22.96300   35.06000  
O    18.45400   24.02600   33.46100  
C    16.94600   18.30100   33.68900  
H    17.43200   17.42200   34.12000  
H    15.87400   18.40100   33.87400  
H    17.08700   18.26300   32.60500  
S    17.64000   19.76900   34.48300  
C    17.14700   19.16700   36.11400  
H    17.28700   20.03300   36.76600  
H    16.14000   18.75800   36.00000  
H    17.83100   18.39900   36.48400  
O    16.57200   20.80600   34.32500  
C    14.20900   20.56500   31.13600  
H    13.12500   20.43400   31.10100  
H    14.77000   20.01400   31.89600  
H    14.45600   21.61900   31.28100  
S    14.74900   20.14400   29.46400  
C    14.07700   18.46900   29.38000  
H    14.74200   17.89900   28.72500  
H    14.01300   18.01400   30.37200  
H    13.06500   18.46200   28.96800  
O    16.22000   19.91500   29.62100  
C    21.40100   16.82200   23.81500  
H    21.84800   17.02700   22.83900  
H    22.08300   17.26100   24.54700  
H    21.33600   15.74200   23.96900  
S    19.71500   17.46100   23.93000  
C    19.43000   16.89200   25.62200  
H    18.45400   17.18200   26.01800  
H    19.52800   15.80900   25.51300  
H    20.35700   17.10100   26.16200  
O    18.96700   16.50900   23.04900  
C    26.85000   21.32000   29.98200  
H    27.09100   20.28600   29.72300  
H    26.74200   21.95600   29.10000  
H    27.66600   21.71400   30.59400  
S    25.27000   21.62100   30.80600  
C    24.06400   20.79200   29.74600  
H    23.96600   19.77000   30.11900  
H    23.12300   21.34100   29.83800  
H    24.46200   20.95200   28.74000  
O    25.04700   23.07600   30.53800  
C    21.86200   24.33800   31.41100  
H    22.21700   25.36900   31.34400  
H    21.00300   24.26500   32.08400  
H    22.73500   23.73200   31.66900  
S    21.28200   23.90800   29.75400  
C    22.52400   24.92900   28.92900  
H    23.51700   24.48300   29.01700  
H    22.38800   24.91600   27.84500  
H    22.53500   25.94600   29.33100  
O    20.12400   24.79000   29.40500  
C    18.73500   26.61300   27.27500  
H    18.04800   26.80900   26.44800  
H    18.83600   25.52700   27.35200  
H    18.38600   27.00400   28.23400  
S    20.43100   27.18400   27.02300  
C    19.97600   28.90000   27.36200  
H    19.18600   29.18100   26.66000  
H    19.70700   29.18700   28.38200  
H    20.89100   29.44400   27.11500  
O    20.61500   27.12100   25.53900  
C    11.90700   24.55000   29.34400  
H    10.84500   24.80800   29.31000  
H    12.54200   25.28600   29.84400  
H    12.19300   24.43500   28.29500  
S    12.20900   23.01500   30.24700  
C    11.69900   21.90400   28.91600  
H    11.69900   20.88600   29.31300  
H    10.74300   22.17000   28.45700  
H    12.37900   21.90300   28.06100  
O    11.33100   22.88600   31.45300  
C    21.47700   17.78900   33.63900  
H    21.11100   16.76200   33.56500  
H    21.16400   18.24300   34.58300  
H    21.01700   18.36000   32.82700  
S    23.27700   17.73200   33.50000  
C    23.60500   19.50500   33.37700  
H    22.76700   20.00300   32.88200  
H    23.62900   19.82800   34.42100  
H    24.56100   19.59600   32.85600  
O    23.40400   17.20600   32.10500  
C    23.76400   26.87500   22.52600  
H    23.74000   25.84100   22.17500  
H    24.30900   27.54300   21.85400  
H    24.31800   26.87800   23.46900  
S    22.12100   27.53600   22.88600  
C    21.35800   25.89900   22.82500  
H    21.77500   25.23800   22.06100  
H    21.75700   25.54600   23.78000  
H    20.27400   25.94000   22.95500  
O    21.75300   28.42000   21.73600  
C    27.23100   17.31100   23.20700  
H    27.62800   16.40200   23.66700  
H    27.81600   17.49200   22.30200  
H    27.28400   18.07000   23.99200  
S    25.47800   17.13900   22.80500  
C    25.74100   16.79600   21.05000  
H    24.80400   16.66000   20.50500  
H    26.39200   17.57700   20.64800  
H    26.26200   15.84100   20.94300  
O    25.06200   18.57300   22.70000  
C    20.10900   19.01400   20.55100  
H    19.75800   19.14900   19.52400  
H    20.70000   18.09500   20.57800  
H    19.22400   18.87600   21.17600  
S    21.18100   20.41300   20.94900  
C    22.36600   19.43900   21.90500  
H    23.30700   19.99400   21.94400  
H    22.20500   19.29200   22.97600  
H    22.71000   18.54700   21.37400  
O    20.50100   20.94500   22.17200  
C    23.78200   23.82700   25.15000  
H    22.89000   24.44600   25.02600  
H    23.77100   23.35200   26.13500  
H    24.60100   24.54700   25.08200  
S    23.98300   22.73100   23.72800  
C    25.77800   22.67800   23.92700  
H    25.94800   22.68300   25.00700  
H    26.15000   21.71800   23.56200  
H    26.33200   23.46200   23.40500  
O    23.73000   23.76700   22.67700  
C    23.12800   12.86900   24.34800  
H    22.68400   13.75800   24.80400  
H    22.79200   12.84500   23.30800  
H    23.05000   11.89100   24.82900  
S    24.88100   13.30000   24.27700  
C    24.86300   14.86900   25.17200  
H    24.71300   14.61800   26.22500  
H    25.75800   15.40100   24.84000  
H    23.98600   15.42100   24.82300  
O    25.14000   13.78800   22.88500  
C    16.83100   23.94700   26.52900  
H    17.76400   23.99700   25.96200  
H    16.76400   24.55200   27.43600  
H    16.63600   22.88500   26.70000  
S    15.64300   24.67200   25.37700  
C    14.27100   24.60800   26.55200  
H    14.41200   23.73900   27.19900  
H    14.33900   25.45200   27.24300  
H    13.31500   24.42600   26.05500  
O    15.43200   23.57100   24.38500  
C    17.86200   16.72700   29.16500  
H    17.58900   17.77900   29.28100  
H    18.15100   16.30100   30.13000  
H    18.77400   16.69100   28.56500  
S    16.52700   15.79500   28.38000  
C    17.38200   14.24100   28.03100  
H    18.02400   14.36100   27.15500  
H    18.02400   14.02700   28.88900  
H    16.72400   13.38400   27.86800  
O    16.23000   16.38100   27.03500  
C    16.72000   23.47000   30.25900  
H    15.83200   22.86600   30.05100  
H    17.49700   23.44700   29.49100  
H    17.11300   23.11500   31.21500  
S    16.35400   25.20500   30.60400  
C    15.13200   24.93300   31.90700  
H    14.64400   25.82700   32.30300  
H    14.28900   24.33900   31.54500  
H    15.60500   24.36900   32.71500  
O    15.40700   25.59900   29.51300  
C    28.87300   24.28400   28.81800  
H    27.96000   24.10800   29.39200  
H    29.48800   23.38300   28.89300  
H    29.45800   25.14300   29.15700  
S    28.25900   24.49300   27.13100  
C    27.52200   26.11200   27.45100  
H    27.15500   26.59400   26.54100  
H    26.71400   25.95700   28.17100  
H    28.28600   26.67400   27.99400  
O    27.11600   23.53100   27.04300  
C    17.24600   20.75400   23.93000  
H    18.20100   20.93900   24.42800  
H    17.35400   19.87000   23.29700  
H    17.11100   21.59200   23.24100  
S    15.87200   20.64500   25.09900  
C    16.61000   19.16900   25.83600  
H    17.35300   19.37500   26.61100  
H    15.79400   18.65000   26.34700  
H    16.90200   18.43600   25.08000  
O    14.81300   19.99100   24.26800  
$end

$rem
JOBTYPE  SP
METHOD  B3LYP
BASIS  6-31+G(D)
SYMMETRY  FALSE
SYM_IGNORE  TRUE
MEM_TOTAL  12000
MEM_STATIC  4000
BASIS_LIN_DEP_THRESH  6
THRESH  14
SCF_CONVERGENCE  8
FD_MAT_VEC_PROD  FALSE
XC_GRID  000075000302
NL_GRID  1
MAX_SCF_CYCLES  200
ENV_METHOD  B3LYP
GEN_SCFMAN_EMBED  TRUE
SPADE_PARTITION  TRUE
EMBEDDING_EARLY_STOP  TRUE
$end

@@@

$molecule
0 1
@C    19.56300   21.62900   27.47100  
@C    20.08100   20.75100   28.62200  
@C    20.54700   19.35300   28.18600  
@C    21.63200   19.57200   27.12000  
@C    21.20200   20.46200   25.94200  
@C    20.63100   21.82000   26.38100  
@H    20.70900   18.68400   29.04000  
@H    20.98900   21.28800   28.92400  
@H    18.62900   21.17600   27.11500  
@H    19.33500   22.65000   27.80000  
@H    22.57100   19.94000   27.55300  
@H    21.90600   18.54600   26.84500  
@H    21.99900   20.63200   25.20700  
@H    20.43600   19.99100   25.31300  
@H    21.38400   22.47800   26.83100  
@H    20.05200   22.31500   25.59200  
@H    19.71300   18.83900   27.69200  
@N    19.08100   20.61000   29.68000  
@H    18.10600   20.49400   29.43200  
@C    19.35000   20.79400   31.02000  
@H    18.46900   20.77100   31.68600  
@O    20.50200   20.93200   31.39200  
C    17.47100   25.37500   22.13300  
H    16.52900   25.87000   22.38300  
H    17.15700   24.41700   21.71000  
H    18.05400   25.26700   23.05200  
S    18.24500   26.44100   20.89600  
C    18.36000   27.81000   22.07000  
H    19.09600   27.75300   22.87500  
H    18.53600   28.64300   21.38500  
H    17.35300   27.89900   22.48600  
O    17.10300   26.89800   20.04200  
C    19.44100   27.24800   31.82000  
H    20.16600   27.23100   31.00200  
H    19.89900   27.16400   32.80900  
H    18.82300   26.34800   31.77100  
S    18.41100   28.71200   31.56700  
C    17.22600   28.32000   32.87400  
H    16.37400   29.00400   32.89600  
H    16.83900   27.31400   32.69100  
H    17.66200   28.41100   33.87200  
O    17.78100   28.44400   30.23700  
C    24.08700   15.51900   29.23700  
H    23.74900   14.66100   29.82300  
H    24.68000   15.33600   28.33700  
H    24.58500   16.25900   29.86800  
S    22.58400   16.34700   28.67100  
C    21.44400   15.84300   29.98000  
H    20.61900   16.55800   29.92200  
H    21.18500   14.80000   29.78000  
H    21.98800   15.92900   30.92300  
O    22.12500   15.56000   27.48300  
C    25.85700   19.40500   26.88200  
H    25.59300   20.36800   27.32600  
H    25.68700   19.37700   25.80200  
H    25.15700   18.69100   27.32100  
S    27.58000   18.97900   27.22300  
C    28.31700   20.28700   26.21800  
H    28.21200   21.16100   26.86600  
H    29.37000   20.01200   26.11100  
H    27.79800   20.26100   25.25700  
O    27.79900   17.79200   26.33800  
C    20.83800   20.92800   36.50300  
H    21.21400   20.47500   37.42400  
H    19.82400   21.32000   36.61100  
H    20.83700   20.14300   35.74300  
S    21.93600   22.26000   35.96800  
C    21.57000   22.08900   34.20700  
H    20.92100   22.95400   34.04500  
H    22.50600   22.23800   33.66200  
H    21.05000   21.15300   33.98500  
O    23.22600   21.55700   36.25500  
C    19.23600   24.79700   35.62000  
H    19.14400   23.81400   36.08900  
H    20.17800   24.87400   35.07100  
H    19.13200   25.52800   36.42600  
S    17.89500   25.02200   34.43000  
C    16.74200   23.97700   35.34700  
H    16.95400   24.13100   36.40800  
H    15.68700   24.16100   35.12900  
H    17.03400   22.96300   35.06000  
O    18.45400   24.02600   33.46100  
C    16.94600   18.30100   33.68900  
H    17.43200   17.42200   34.12000  
H    15.87400   18.40100   33.87400  
H    17.08700   18.26300   32.60500  
S    17.64000   19.76900   34.48300  
C    17.14700   19.16700   36.11400  
H    17.28700   20.03300   36.76600  
H    16.14000   18.75800   36.00000  
H    17.83100   18.39900   36.48400  
O    16.57200   20.80600   34.32500  
C    14.20900   20.56500   31.13600  
H    13.12500   20.43400   31.10100  
H    14.77000   20.01400   31.89600  
H    14.45600   21.61900   31.28100  
S    14.74900   20.14400   29.46400  
C    14.07700   18.46900   29.38000  
H    14.74200   17.89900   28.72500  
H    14.01300   18.01400   30.37200  
H    13.06500   18.46200   28.96800  
O    16.22000   19.91500   29.62100  
C    21.40100   16.82200   23.81500  
H    21.84800   17.02700   22.83900  
H    22.08300   17.26100   24.54700  
H    21.33600   15.74200   23.96900  
S    19.71500   17.46100   23.93000  
C    19.43000   16.89200   25.62200  
H    18.45400   17.18200   26.01800  
H    19.52800   15.80900   25.51300  
H    20.35700   17.10100   26.16200  
O    18.96700   16.50900   23.04900  
C    26.85000   21.32000   29.98200  
H    27.09100   20.28600   29.72300  
H    26.74200   21.95600   29.10000  
H    27.66600   21.71400   30.59400  
S    25.27000   21.62100   30.80600  
C    24.06400   20.79200   29.74600  
H    23.96600   19.77000   30.11900  
H    23.12300   21.34100   29.83800  
H    24.46200   20.95200   28.74000  
O    25.04700   23.07600   30.53800  
C    21.86200   24.33800   31.41100  
H    22.21700   25.36900   31.34400  
H    21.00300   24.26500   32.08400  
H    22.73500   23.73200   31.66900  
S    21.28200   23.90800   29.75400  
C    22.52400   24.92900   28.92900  
H    23.51700   24.48300   29.01700  
H    22.38800   24.91600   27.84500  
H    22.53500   25.94600   29.33100  
O    20.12400   24.79000   29.40500  
C    18.73500   26.61300   27.27500  
H    18.04800   26.80900   26.44800  
H    18.83600   25.52700   27.35200  
H    18.38600   27.00400   28.23400  
S    20.43100   27.18400   27.02300  
C    19.97600   28.90000   27.36200  
H    19.18600   29.18100   26.66000  
H    19.70700   29.18700   28.38200  
H    20.89100   29.44400   27.11500  
O    20.61500   27.12100   25.53900  
C    11.90700   24.55000   29.34400  
H    10.84500   24.80800   29.31000  
H    12.54200   25.28600   29.84400  
H    12.19300   24.43500   28.29500  
S    12.20900   23.01500   30.24700  
C    11.69900   21.90400   28.91600  
H    11.69900   20.88600   29.31300  
H    10.74300   22.17000   28.45700  
H    12.37900   21.90300   28.06100  
O    11.33100   22.88600   31.45300  
C    21.47700   17.78900   33.63900  
H    21.11100   16.76200   33.56500  
H    21.16400   18.24300   34.58300  
H    21.01700   18.36000   32.82700  
S    23.27700   17.73200   33.50000  
C    23.60500   19.50500   33.37700  
H    22.76700   20.00300   32.88200  
H    23.62900   19.82800   34.42100  
H    24.56100   19.59600   32.85600  
O    23.40400   17.20600   32.10500  
C    23.76400   26.87500   22.52600  
H    23.74000   25.84100   22.17500  
H    24.30900   27.54300   21.85400  
H    24.31800   26.87800   23.46900  
S    22.12100   27.53600   22.88600  
C    21.35800   25.89900   22.82500  
H    21.77500   25.23800   22.06100  
H    21.75700   25.54600   23.78000  
H    20.27400   25.94000   22.95500  
O    21.75300   28.42000   21.73600  
C    27.23100   17.31100   23.20700  
H    27.62800   16.40200   23.66700  
H    27.81600   17.49200   22.30200  
H    27.28400   18.07000   23.99200  
S    25.47800   17.13900   22.80500  
C    25.74100   16.79600   21.05000  
H    24.80400   16.66000   20.50500  
H    26.39200   17.57700   20.64800  
H    26.26200   15.84100   20.94300  
O    25.06200   18.57300   22.70000  
C    20.10900   19.01400   20.55100  
H    19.75800   19.14900   19.52400  
H    20.70000   18.09500   20.57800  
H    19.22400   18.87600   21.17600  
S    21.18100   20.41300   20.94900  
C    22.36600   19.43900   21.90500  
H    23.30700   19.99400   21.94400  
H    22.20500   19.29200   22.97600  
H    22.71000   18.54700   21.37400  
O    20.50100   20.94500   22.17200  
C    23.78200   23.82700   25.15000  
H    22.89000   24.44600   25.02600  
H    23.77100   23.35200   26.13500  
H    24.60100   24.54700   25.08200  
S    23.98300   22.73100   23.72800  
C    25.77800   22.67800   23.92700  
H    25.94800   22.68300   25.00700  
H    26.15000   21.71800   23.56200  
H    26.33200   23.46200   23.40500  
O    23.73000   23.76700   22.67700  
C    23.12800   12.86900   24.34800  
H    22.68400   13.75800   24.80400  
H    22.79200   12.84500   23.30800  
H    23.05000   11.89100   24.82900  
S    24.88100   13.30000   24.27700  
C    24.86300   14.86900   25.17200  
H    24.71300   14.61800   26.22500  
H    25.75800   15.40100   24.84000  
H    23.98600   15.42100   24.82300  
O    25.14000   13.78800   22.88500  
C    16.83100   23.94700   26.52900  
H    17.76400   23.99700   25.96200  
H    16.76400   24.55200   27.43600  
H    16.63600   22.88500   26.70000  
S    15.64300   24.67200   25.37700  
C    14.27100   24.60800   26.55200  
H    14.41200   23.73900   27.19900  
H    14.33900   25.45200   27.24300  
H    13.31500   24.42600   26.05500  
O    15.43200   23.57100   24.38500  
C    17.86200   16.72700   29.16500  
H    17.58900   17.77900   29.28100  
H    18.15100   16.30100   30.13000  
H    18.77400   16.69100   28.56500  
S    16.52700   15.79500   28.38000  
C    17.38200   14.24100   28.03100  
H    18.02400   14.36100   27.15500  
H    18.02400   14.02700   28.88900  
H    16.72400   13.38400   27.86800  
O    16.23000   16.38100   27.03500  
C    16.72000   23.47000   30.25900  
H    15.83200   22.86600   30.05100  
H    17.49700   23.44700   29.49100  
H    17.11300   23.11500   31.21500  
S    16.35400   25.20500   30.60400  
C    15.13200   24.93300   31.90700  
H    14.64400   25.82700   32.30300  
H    14.28900   24.33900   31.54500  
H    15.60500   24.36900   32.71500  
O    15.40700   25.59900   29.51300  
C    28.87300   24.28400   28.81800  
H    27.96000   24.10800   29.39200  
H    29.48800   23.38300   28.89300  
H    29.45800   25.14300   29.15700  
S    28.25900   24.49300   27.13100  
C    27.52200   26.11200   27.45100  
H    27.15500   26.59400   26.54100  
H    26.71400   25.95700   28.17100  
H    28.28600   26.67400   27.99400  
O    27.11600   23.53100   27.04300  
C    17.24600   20.75400   23.93000  
H    18.20100   20.93900   24.42800  
H    17.35400   19.87000   23.29700  
H    17.11100   21.59200   23.24100  
S    15.87200   20.64500   25.09900  
C    16.61000   19.16900   25.83600  
H    17.35300   19.37500   26.61100  
H    15.79400   18.65000   26.34700  
H    16.90200   18.43600   25.08000  
O    14.81300   19.99100   24.26800  
$end

$rem
JOBTYPE  SP
METHOD  B3LYP
BASIS  6-31+G(D)
SYMMETRY  FALSE
SYM_IGNORE  TRUE
MEM_TOTAL  12000
MEM_STATIC  4000
BASIS_LIN_DEP_THRESH  6
THRESH  14
SCF_CONVERGENCE  8
FD_MAT_VEC_PROD  FALSE
XC_GRID  000075000302
NL_GRID  1
MAX_SCF_CYCLES  200
SCF_GUESS  READ
GEN_SCFMAN  FALSE
SKIP_SCFMAN  TRUE
ESP_GRID  0
ESP_EFIELD  1
$end
