$molecule
0 1
--
0 1
C    24.72100   18.89300   29.77200  
C    24.77900   17.46600   29.20300  
C    24.33600   17.40700   27.73200  
C    25.19200   18.31000   26.82800  
C    25.31600   19.76400   27.31100  
C    25.52800   19.80400   28.83300  
H    24.35200   16.35300   27.42900  
H    25.85100   17.24300   29.27600  
H    23.69500   19.27800   29.73600  
H    25.03000   18.97100   30.82200  
H    26.21600   17.91900   26.85900  
H    24.86900   18.16200   25.79000  
H    26.05000   20.21000   26.62800  
H    24.41400   20.25600   26.92700  
H    26.59400   19.60700   28.99800  
H    25.52900   20.85000   29.16200  
H    23.29700   17.75500   27.78500  
N    24.04000   16.45400   29.95500  
H    23.09900   16.18000   29.69900  
C    24.38600   15.96100   31.19600  
H    23.69800   15.21200   31.63000  
O    25.45500   16.28400   31.68300  
--
0 1
C    24.95400   23.22600   26.87100  
H    24.70700   24.01500   26.15700  
H    25.92700   22.77800   26.65600  
H    24.15800   22.47700   26.87200  
S    25.09700   24.22800   28.36800  
C    24.22000   25.72200   27.85200  
H    23.21900   25.38400   27.57400  
H    24.18500   26.34100   28.75200  
H    24.58800   26.16400   26.92300  
O    26.54700   24.59400   28.30800  
C    18.27600   18.96500   26.85700  
H    17.75900   19.65700   27.52700  
H    19.15900   19.48300   26.47400  
H    17.57000   18.66200   26.07900  
S    18.78600   17.46500   27.72700  
C    20.15500   18.31900   28.54000  
H    20.87900   18.40400   27.72500  
H    19.91200   19.32100   28.90200  
H    20.57300   17.73600   29.36400  
O    19.53000   16.54100   26.81400  
C    26.80700   12.68100   31.12800  
H    27.07000   13.65300   31.55500  
H    25.79100   12.36000   31.37000  
H    27.53200   11.96100   31.51600  
S    27.17400   12.81000   29.36400  
C    26.15400   14.22000   28.87900  
H    26.18100   14.31800   27.79000  
H    25.15500   14.11600   29.31000  
H    26.57200   15.07700   29.41200  
O    26.33100   11.72300   28.77200  
C    23.15300   11.76900   31.03800  
H    22.15700   12.19100   30.88300  
H    23.50500   12.25200   31.95300  
H    23.88800   11.96000   30.25200  
S    22.82300   10.00500   31.24800  
C    24.59100   9.63600    31.17700  
H    25.05800   9.94200    32.11700  
H    24.76100   8.56500    31.04300  
H    25.04700   10.12200   30.31100  
O    22.31300   9.56700    29.91100  
C    30.60900   17.01700   27.64300  
H    30.98400   17.89300   28.17800  
H    30.99700   16.04300   27.95500  
H    30.78300   17.18400   26.57700  
S    28.83400   16.97800   27.97600  
C    28.91300   16.90000   29.78000  
H    29.70800   16.17000   29.95500  
H    29.16300   17.86200   30.23400  
H    27.99000   16.50400   30.21100  
O    28.29300   15.70500   27.40300  
C    25.92900   20.33000   34.74900  
H    25.39900   19.56600   34.17500  
H    26.01800   21.26900   34.19700  
H    26.90200   19.92500   35.04200  
S    25.06700   20.79000   36.26900  
C    24.55200   19.21400   36.98800  
H    24.29700   18.54100   36.16500  
H    25.38000   18.86800   37.61100  
H    23.71100   19.41400   37.65600  
O    23.79600   21.27200   35.64200  
C    19.54200   20.04600   32.65400  
H    19.23600   19.53200   31.74000  
H    18.66000   19.96300   33.29500  
H    19.82300   21.09600   32.54100  
S    20.95300   19.21600   33.41800  
C    22.09600   19.21600   32.01800  
H    21.54700   19.20100   31.07300  
H    22.73900   20.10000   32.00400  
H    22.75300   18.34400   32.07600  
O    20.34500   17.85200   33.52400  
C    21.02500   12.36700   28.07400  
H    20.68100   13.01700   28.88200  
H    20.41000   12.15900   27.19500  
H    21.00500   11.42100   28.62200  
S    22.67400   12.81200   27.48500  
C    22.04600   14.33500   26.74200  
H    22.90400   14.44800   26.07400  
H    21.08200   14.17200   26.25300  
H    22.02400   15.11300   27.50900  
O    22.92600   11.90300   26.32300  
C    24.94100   23.21700   32.01000  
H    24.66400   24.22800   32.32000  
H    24.46900   23.01400   31.04500  
H    24.70800   22.57900   32.86700  
S    26.73100   23.38000   31.82500  
C    27.01900   21.62500   31.50600  
H    26.01900   21.18900   31.57100  
H    27.40100   21.58600   30.48300  
H    27.63900   21.17100   32.28400  
O    27.08000   23.62000   33.26100  
C    30.47400   12.99700   26.89500  
H    31.40400   12.45500   26.70400  
H    30.53800   13.97000   26.40200  
H    30.23900   13.02400   27.96200  
S    29.07300   12.13800   26.14500  
C    29.05400   10.67400   27.20400  
H    30.06700   10.26400   27.23200  
H    28.82600   11.02500   28.21300  
H    28.26300   10.05100   26.77800  
O    29.57400   11.63300   24.82700  
C    25.17900   11.59200   35.20000  
H    25.21500   12.28100   34.35200  
H    24.66300   12.04900   36.04800  
H    26.13700   11.12000   35.43600  
S    24.16200   10.15200   34.80400  
C    22.48900   10.83300   34.74300  
H    22.39400   11.39200   33.80900  
H    21.84800   9.95700    34.61400  
H    22.19800   11.37800   35.64400  
O    24.07900   9.30800    36.03800  
C    32.39400   14.24600   31.05300  
H    32.13000   14.30400   29.99300  
H    33.22500   14.93700   31.21300  
H    32.55700   13.21200   31.36700  
S    30.94300   14.82000   31.96300  
C    31.48500   14.24300   33.58800  
H    31.91700   13.24000   33.56200  
H    32.11900   14.97800   34.09100  
H    30.66900   14.20900   34.31500  
O    29.81100   13.88800   31.66200  
C    21.59100   24.07900   31.29000  
H    21.28100   23.18200   31.83300  
H    22.47400   24.53300   31.74700  
H    20.75700   24.78300   31.22700  
S    22.01500   23.48400   29.63800  
C    20.31600   23.12600   29.13700  
H    19.88700   24.12300   29.00700  
H    20.34700   22.55200   28.20800  
H    19.70800   22.56400   29.85100  
O    22.61600   22.12700   29.83400  
C    21.87300   14.51500   35.83400  
H    21.18200   14.40800   34.99300  
H    22.09300   13.58300   36.36100  
H    21.51000   15.21000   36.59500  
S    23.44700   14.99900   35.09100  
C    22.93900   16.57900   34.37600  
H    23.70600   17.08800   33.78600  
H    22.16500   16.22600   33.69000  
H    22.52100   17.24800   35.13200  
O    23.66700   14.06800   33.94000  
C    20.30600   22.89000   23.60500  
H    20.48400   22.33300   22.68200  
H    20.36000   22.18400   24.43700  
H    19.34900   23.41600   23.55000  
S    21.51800   24.20700   23.85400  
C    22.93300   23.10100   23.66100  
H    22.92400   22.58000   22.70000  
H    23.89600   23.53400   23.94500  
H    22.85900   22.35300   24.45500  
O    21.22700   24.30300   25.31900  
C    28.57200   24.85800   24.37200  
H    29.06300   25.72000   23.91400  
H    28.05500   25.19900   25.27300  
H    29.35900   24.12100   24.55600  
S    27.54100   24.08400   23.10500  
C    26.36400   25.44600   22.95200  
H    25.79600   25.55600   23.87900  
H    26.84500   26.40400   22.73500  
H    25.73200   25.18200   22.10000  
O    26.81400   23.01100   23.85300  
C    28.32200   17.85400   33.44900  
H    27.33500   17.85600   32.98000  
H    28.62300   18.87700   33.68900  
H    29.05900   17.25600   32.90600  
S    28.31300   17.07100   35.07800  
C    27.46800   15.54500   34.60700  
H    27.41800   14.93100   35.51000  
H    26.52800   15.92000   34.19500  
H    28.18300   15.08700   33.91900  
O    27.23800   17.88300   35.73000  
C    23.28600   19.67700   23.28400  
H    23.83900   20.59800   23.48300  
H    23.97500   18.84000   23.14000  
H    22.66400   19.79400   22.39300  
S    22.16300   19.34800   24.66100  
C    21.92300   17.59100   24.31000  
H    21.63100   17.56100   23.25700  
H    22.86100   17.03300   24.36300  
H    21.23200   17.07200   24.98000  
O    20.85800   20.01200   24.35000  
C    27.49700   19.26500   23.55200  
H    27.73600   20.17100   22.98900  
H    26.99900   18.56000   22.88100  
H    26.82600   19.60700   24.34500  
S    28.98000   18.56000   24.30700  
C    28.99400   19.91400   25.50500  
H    28.65200   20.79400   24.95500  
H    28.28400   19.64300   26.29000  
H    30.00000   20.00800   25.92200  
O    30.16100   19.02500   23.51400  
C    27.56300   14.98300   23.79900  
H    28.36700   14.50700   24.36600  
H    27.33300   14.61000   22.79800  
H    27.91800   16.01700   23.77600  
S    26.03800   15.16500   24.75100  
C    25.49200   13.44700   24.63900  
H    25.29700   13.17200   23.59900  
H    26.24800   12.81300   25.11000  
H    24.50500   13.40700   25.10700  
O    24.95600   15.86300   23.98800  
C    20.03600   13.23100   32.03900  
H    19.71500   12.82100   31.07900  
H    20.76600   12.59300   32.54500  
H    19.10500   13.22200   32.61000  
S    20.57000   14.94300   31.81600  
C    18.97600   15.61700   31.29400  
H    18.32300   15.91800   32.11700  
H    19.32100   16.56000   30.86200  
H    18.51100   15.01700   30.50800  
O    21.33200   14.92200   30.52800  
C    22.64500   14.26800   22.12500  
H    21.62300   14.05100   21.80300  
H    23.04200   13.58400   22.88000  
H    22.60200   15.27900   22.53900  
S    23.74200   14.16900   20.69200  
C    22.97500   15.66800   20.03500  
H    23.38900   16.05200   19.09900  
H    21.93000   15.42400   19.82800  
H    23.08200   16.44200   20.79900  
O    23.22900   12.95900   19.97500  
C    29.37800   23.64800   27.05800  
H    29.71000   24.66900   27.26200  
H    29.97100   23.06400   26.34800  
H    28.32200   23.53300   26.80400  
S    29.35300   22.73400   28.61600  
C    31.15500   22.79800   28.74000  
H    31.65900   22.26400   27.93000  
H    31.31500   23.87800   28.79200  
H    31.44900   22.43600   29.72800  
O    28.93200   21.32900   28.31800  
$end

$rem
JOBTYPE  SP
METHOD  B3LYP
BASIS  6-31+G(D)
SYMMETRY  FALSE
SYM_IGNORE  TRUE
MEM_TOTAL  12000
MEM_STATIC  4000
BASIS_LIN_DEP_THRESH  6
THRESH  14
SCF_CONVERGENCE  8
FD_MAT_VEC_PROD  FALSE
XC_GRID  000075000302
NL_GRID  1
MAX_SCF_CYCLES  200
ENV_METHOD  B3LYP
GEN_SCFMAN_EMBED  TRUE
SPADE_PARTITION  TRUE
EMBEDDING_EARLY_STOP  TRUE
$end

@@@

$molecule
0 1
@C    24.72100   18.89300   29.77200  
@C    24.77900   17.46600   29.20300  
@C    24.33600   17.40700   27.73200  
@C    25.19200   18.31000   26.82800  
@C    25.31600   19.76400   27.31100  
@C    25.52800   19.80400   28.83300  
@H    24.35200   16.35300   27.42900  
@H    25.85100   17.24300   29.27600  
@H    23.69500   19.27800   29.73600  
@H    25.03000   18.97100   30.82200  
@H    26.21600   17.91900   26.85900  
@H    24.86900   18.16200   25.79000  
@H    26.05000   20.21000   26.62800  
@H    24.41400   20.25600   26.92700  
@H    26.59400   19.60700   28.99800  
@H    25.52900   20.85000   29.16200  
@H    23.29700   17.75500   27.78500  
@N    24.04000   16.45400   29.95500  
@H    23.09900   16.18000   29.69900  
@C    24.38600   15.96100   31.19600  
@H    23.69800   15.21200   31.63000  
@O    25.45500   16.28400   31.68300  
C    24.95400   23.22600   26.87100  
H    24.70700   24.01500   26.15700  
H    25.92700   22.77800   26.65600  
H    24.15800   22.47700   26.87200  
S    25.09700   24.22800   28.36800  
C    24.22000   25.72200   27.85200  
H    23.21900   25.38400   27.57400  
H    24.18500   26.34100   28.75200  
H    24.58800   26.16400   26.92300  
O    26.54700   24.59400   28.30800  
C    18.27600   18.96500   26.85700  
H    17.75900   19.65700   27.52700  
H    19.15900   19.48300   26.47400  
H    17.57000   18.66200   26.07900  
S    18.78600   17.46500   27.72700  
C    20.15500   18.31900   28.54000  
H    20.87900   18.40400   27.72500  
H    19.91200   19.32100   28.90200  
H    20.57300   17.73600   29.36400  
O    19.53000   16.54100   26.81400  
C    26.80700   12.68100   31.12800  
H    27.07000   13.65300   31.55500  
H    25.79100   12.36000   31.37000  
H    27.53200   11.96100   31.51600  
S    27.17400   12.81000   29.36400  
C    26.15400   14.22000   28.87900  
H    26.18100   14.31800   27.79000  
H    25.15500   14.11600   29.31000  
H    26.57200   15.07700   29.41200  
O    26.33100   11.72300   28.77200  
C    23.15300   11.76900   31.03800  
H    22.15700   12.19100   30.88300  
H    23.50500   12.25200   31.95300  
H    23.88800   11.96000   30.25200  
S    22.82300   10.00500   31.24800  
C    24.59100   9.63600    31.17700  
H    25.05800   9.94200    32.11700  
H    24.76100   8.56500    31.04300  
H    25.04700   10.12200   30.31100  
O    22.31300   9.56700    29.91100  
C    30.60900   17.01700   27.64300  
H    30.98400   17.89300   28.17800  
H    30.99700   16.04300   27.95500  
H    30.78300   17.18400   26.57700  
S    28.83400   16.97800   27.97600  
C    28.91300   16.90000   29.78000  
H    29.70800   16.17000   29.95500  
H    29.16300   17.86200   30.23400  
H    27.99000   16.50400   30.21100  
O    28.29300   15.70500   27.40300  
C    25.92900   20.33000   34.74900  
H    25.39900   19.56600   34.17500  
H    26.01800   21.26900   34.19700  
H    26.90200   19.92500   35.04200  
S    25.06700   20.79000   36.26900  
C    24.55200   19.21400   36.98800  
H    24.29700   18.54100   36.16500  
H    25.38000   18.86800   37.61100  
H    23.71100   19.41400   37.65600  
O    23.79600   21.27200   35.64200  
C    19.54200   20.04600   32.65400  
H    19.23600   19.53200   31.74000  
H    18.66000   19.96300   33.29500  
H    19.82300   21.09600   32.54100  
S    20.95300   19.21600   33.41800  
C    22.09600   19.21600   32.01800  
H    21.54700   19.20100   31.07300  
H    22.73900   20.10000   32.00400  
H    22.75300   18.34400   32.07600  
O    20.34500   17.85200   33.52400  
C    21.02500   12.36700   28.07400  
H    20.68100   13.01700   28.88200  
H    20.41000   12.15900   27.19500  
H    21.00500   11.42100   28.62200  
S    22.67400   12.81200   27.48500  
C    22.04600   14.33500   26.74200  
H    22.90400   14.44800   26.07400  
H    21.08200   14.17200   26.25300  
H    22.02400   15.11300   27.50900  
O    22.92600   11.90300   26.32300  
C    24.94100   23.21700   32.01000  
H    24.66400   24.22800   32.32000  
H    24.46900   23.01400   31.04500  
H    24.70800   22.57900   32.86700  
S    26.73100   23.38000   31.82500  
C    27.01900   21.62500   31.50600  
H    26.01900   21.18900   31.57100  
H    27.40100   21.58600   30.48300  
H    27.63900   21.17100   32.28400  
O    27.08000   23.62000   33.26100  
C    30.47400   12.99700   26.89500  
H    31.40400   12.45500   26.70400  
H    30.53800   13.97000   26.40200  
H    30.23900   13.02400   27.96200  
S    29.07300   12.13800   26.14500  
C    29.05400   10.67400   27.20400  
H    30.06700   10.26400   27.23200  
H    28.82600   11.02500   28.21300  
H    28.26300   10.05100   26.77800  
O    29.57400   11.63300   24.82700  
C    25.17900   11.59200   35.20000  
H    25.21500   12.28100   34.35200  
H    24.66300   12.04900   36.04800  
H    26.13700   11.12000   35.43600  
S    24.16200   10.15200   34.80400  
C    22.48900   10.83300   34.74300  
H    22.39400   11.39200   33.80900  
H    21.84800   9.95700    34.61400  
H    22.19800   11.37800   35.64400  
O    24.07900   9.30800    36.03800  
C    32.39400   14.24600   31.05300  
H    32.13000   14.30400   29.99300  
H    33.22500   14.93700   31.21300  
H    32.55700   13.21200   31.36700  
S    30.94300   14.82000   31.96300  
C    31.48500   14.24300   33.58800  
H    31.91700   13.24000   33.56200  
H    32.11900   14.97800   34.09100  
H    30.66900   14.20900   34.31500  
O    29.81100   13.88800   31.66200  
C    21.59100   24.07900   31.29000  
H    21.28100   23.18200   31.83300  
H    22.47400   24.53300   31.74700  
H    20.75700   24.78300   31.22700  
S    22.01500   23.48400   29.63800  
C    20.31600   23.12600   29.13700  
H    19.88700   24.12300   29.00700  
H    20.34700   22.55200   28.20800  
H    19.70800   22.56400   29.85100  
O    22.61600   22.12700   29.83400  
C    21.87300   14.51500   35.83400  
H    21.18200   14.40800   34.99300  
H    22.09300   13.58300   36.36100  
H    21.51000   15.21000   36.59500  
S    23.44700   14.99900   35.09100  
C    22.93900   16.57900   34.37600  
H    23.70600   17.08800   33.78600  
H    22.16500   16.22600   33.69000  
H    22.52100   17.24800   35.13200  
O    23.66700   14.06800   33.94000  
C    20.30600   22.89000   23.60500  
H    20.48400   22.33300   22.68200  
H    20.36000   22.18400   24.43700  
H    19.34900   23.41600   23.55000  
S    21.51800   24.20700   23.85400  
C    22.93300   23.10100   23.66100  
H    22.92400   22.58000   22.70000  
H    23.89600   23.53400   23.94500  
H    22.85900   22.35300   24.45500  
O    21.22700   24.30300   25.31900  
C    28.57200   24.85800   24.37200  
H    29.06300   25.72000   23.91400  
H    28.05500   25.19900   25.27300  
H    29.35900   24.12100   24.55600  
S    27.54100   24.08400   23.10500  
C    26.36400   25.44600   22.95200  
H    25.79600   25.55600   23.87900  
H    26.84500   26.40400   22.73500  
H    25.73200   25.18200   22.10000  
O    26.81400   23.01100   23.85300  
C    28.32200   17.85400   33.44900  
H    27.33500   17.85600   32.98000  
H    28.62300   18.87700   33.68900  
H    29.05900   17.25600   32.90600  
S    28.31300   17.07100   35.07800  
C    27.46800   15.54500   34.60700  
H    27.41800   14.93100   35.51000  
H    26.52800   15.92000   34.19500  
H    28.18300   15.08700   33.91900  
O    27.23800   17.88300   35.73000  
C    23.28600   19.67700   23.28400  
H    23.83900   20.59800   23.48300  
H    23.97500   18.84000   23.14000  
H    22.66400   19.79400   22.39300  
S    22.16300   19.34800   24.66100  
C    21.92300   17.59100   24.31000  
H    21.63100   17.56100   23.25700  
H    22.86100   17.03300   24.36300  
H    21.23200   17.07200   24.98000  
O    20.85800   20.01200   24.35000  
C    27.49700   19.26500   23.55200  
H    27.73600   20.17100   22.98900  
H    26.99900   18.56000   22.88100  
H    26.82600   19.60700   24.34500  
S    28.98000   18.56000   24.30700  
C    28.99400   19.91400   25.50500  
H    28.65200   20.79400   24.95500  
H    28.28400   19.64300   26.29000  
H    30.00000   20.00800   25.92200  
O    30.16100   19.02500   23.51400  
C    27.56300   14.98300   23.79900  
H    28.36700   14.50700   24.36600  
H    27.33300   14.61000   22.79800  
H    27.91800   16.01700   23.77600  
S    26.03800   15.16500   24.75100  
C    25.49200   13.44700   24.63900  
H    25.29700   13.17200   23.59900  
H    26.24800   12.81300   25.11000  
H    24.50500   13.40700   25.10700  
O    24.95600   15.86300   23.98800  
C    20.03600   13.23100   32.03900  
H    19.71500   12.82100   31.07900  
H    20.76600   12.59300   32.54500  
H    19.10500   13.22200   32.61000  
S    20.57000   14.94300   31.81600  
C    18.97600   15.61700   31.29400  
H    18.32300   15.91800   32.11700  
H    19.32100   16.56000   30.86200  
H    18.51100   15.01700   30.50800  
O    21.33200   14.92200   30.52800  
C    22.64500   14.26800   22.12500  
H    21.62300   14.05100   21.80300  
H    23.04200   13.58400   22.88000  
H    22.60200   15.27900   22.53900  
S    23.74200   14.16900   20.69200  
C    22.97500   15.66800   20.03500  
H    23.38900   16.05200   19.09900  
H    21.93000   15.42400   19.82800  
H    23.08200   16.44200   20.79900  
O    23.22900   12.95900   19.97500  
C    29.37800   23.64800   27.05800  
H    29.71000   24.66900   27.26200  
H    29.97100   23.06400   26.34800  
H    28.32200   23.53300   26.80400  
S    29.35300   22.73400   28.61600  
C    31.15500   22.79800   28.74000  
H    31.65900   22.26400   27.93000  
H    31.31500   23.87800   28.79200  
H    31.44900   22.43600   29.72800  
O    28.93200   21.32900   28.31800  
$end

$rem
JOBTYPE  SP
METHOD  B3LYP
BASIS  6-31+G(D)
SYMMETRY  FALSE
SYM_IGNORE  TRUE
MEM_TOTAL  12000
MEM_STATIC  4000
BASIS_LIN_DEP_THRESH  6
THRESH  14
SCF_CONVERGENCE  8
FD_MAT_VEC_PROD  FALSE
XC_GRID  000075000302
NL_GRID  1
MAX_SCF_CYCLES  200
SCF_GUESS  READ
GEN_SCFMAN  FALSE
SKIP_SCFMAN  TRUE
ESP_GRID  0
ESP_EFIELD  1
$end
