$molecule
0 1
--
0 1
C    23.65900   15.88500   26.52000  
C    22.22200   16.04800   27.04200  
C    22.13000   17.14500   28.11500  
C    22.56800   18.49400   27.52300  
C    23.96000   18.48000   26.87000  
C    24.34800   17.19800   26.11500  
H    21.11800   17.30700   28.50800  
H    21.54600   16.30400   26.21700  
H    24.21300   15.46700   27.37000  
H    23.81500   15.14000   25.73100  
H    21.92500   18.79500   26.68700  
H    22.56100   19.30000   28.26700  
H    24.31300   19.38700   26.36500  
H    24.55600   18.57900   27.78600  
H    24.09000   17.32500   25.05600  
H    25.43900   17.09700   26.17000  
H    22.89400   16.86300   28.85000  
N    21.84300   14.80300   27.70800  
H    22.24100   14.56700   28.60900  
C    20.60700   14.23000   27.49700  
H    20.40100   13.37100   28.16100  
O    19.80900   14.66000   26.68400  
--
0 1
C    19.54000   17.45200   24.59800  
H    19.07200   18.32500   25.06000  
H    18.87000   17.20400   23.77200  
H    19.84800   16.62800   25.24700  
S    21.15300   18.07100   24.07000  
C    20.51400   19.44300   23.08200  
H    21.35600   20.00100   22.66500  
H    19.99700   18.98400   22.23500  
H    19.78400   20.05000   23.62400  
O    21.51800   17.19900   22.90900  
C    23.50800   22.48400   32.42300  
H    23.68100   23.48100   32.83300  
H    22.45500   22.20500   32.51600  
H    24.02000   21.74700   33.04600  
S    24.02700   22.19300   30.71700  
C    23.69900   20.43100   30.94400  
H    24.11000   20.07900   29.99500  
H    24.06500   20.02900   31.89200  
H    22.62700   20.21500   30.96100  
O    25.51600   22.32400   30.80600  
C    27.30000   20.00300   32.85700  
H    26.66700   20.25600   33.71100  
H    27.39100   20.87000   32.19800  
H    26.85800   19.16100   32.31800  
S    28.96300   19.54700   33.39800  
C    29.46400   18.89900   31.78800  
H    29.56700   19.77300   31.13900  
H    30.38700   18.35700   32.00800  
H    28.62500   18.33000   31.37800  
O    28.86200   18.25600   34.14900  
C    15.41400   9.31900    29.22000  
H    16.23100   9.04300    28.54900  
H    15.71200   9.22500    30.26700  
H    14.60900   8.62700    28.95900  
S    14.89400   11.02800   28.94100  
C    16.05100   11.68400   30.16400  
H    15.82800   11.16100   31.09800  
H    17.06300   11.46700   29.81300  
H    15.80700   12.74800   30.23500  
O    13.71300   11.03200   29.86000  
C    17.18800   14.88600   24.62400  
H    16.62100   15.79000   24.38600  
H    18.23700   15.17400   24.73100  
H    17.21400   14.19600   23.77700  
S    16.60400   14.10800   26.14600  
C    17.27500   12.48600   25.72000  
H    16.73900   12.16300   24.82300  
H    18.34100   12.71500   25.63800  
H    17.05300   11.80400   26.54500  
O    15.14500   13.86700   25.91500  
C    23.80600   6.80100    29.93600  
H    22.74500   6.72300    29.68600  
H    24.56800   6.25700    29.37200  
H    23.93800   6.41900    30.95200  
S    24.28500   8.54200    29.88100  
C    22.91600   9.19100    30.86600  
H    22.02200   8.95900    30.28200  
H    22.97100   8.75600    31.86700  
H    23.09200   10.26800   30.94200  
O    23.90600   8.92100    28.48300  
C    21.33500   12.27800   21.52100  
H    20.49900   12.22800   20.81800  
H    21.84900   13.20600   21.25800  
H    21.85300   11.33600   21.32100  
S    20.76800   12.25100   23.23600  
C    21.58600   13.77200   23.76900  
H    21.47700   14.56400   23.02400  
H    21.21400   14.14700   24.72600  
H    22.65200   13.54900   23.86100  
O    21.73500   11.28500   23.84600  
C    28.23500   15.81100   27.31200  
H    27.66500   15.47600   26.44300  
H    27.95300   16.81600   27.63600  
H    29.29400   15.84800   27.04400  
S    27.85900   14.71600   28.69900  
C    26.98000   16.00700   29.60900  
H    27.82000   16.61600   29.95200  
H    26.31700   16.60300   28.97600  
H    26.51100   15.48600   30.44700  
O    29.21400   14.65800   29.33300  
C    24.19700   19.98000   23.11400  
H    24.33700   20.78200   22.38500  
H    23.32700   19.33100   22.98600  
H    24.03200   20.45900   24.08200  
S    25.68900   18.96300   23.20000  
C    26.85200   20.34100   23.09100  
H    26.40100   21.08400   22.42900  
H    26.99400   20.75300   24.09400  
H    27.76900   19.99400   22.60800  
O    25.64100   18.21800   21.90300  
C    17.37400   15.09100   29.40600  
H    17.98800   14.70000   28.59100  
H    16.34000   14.74200   29.34200  
H    17.51800   16.17300   29.45900  
S    18.17300   14.40400   30.87400  
C    16.99600   14.89600   32.15400  
H    16.92100   15.98300   32.06600  
H    16.04400   14.41200   31.92300  
H    17.42900   14.72300   33.14200  
O    19.38400   15.28000   30.96300  
C    15.73400   19.51700   25.42900  
H    16.30400   19.21700   24.54600  
H    14.70500   19.69000   25.10700  
H    16.08200   20.41300   25.95000  
S    15.73000   18.09500   26.54400  
C    14.33300   18.50100   27.61600  
H    13.46900   18.84800   27.04200  
H    14.12600   17.73500   28.36700  
H    14.69800   19.33000   28.22800  
O    16.98300   18.53100   27.23700  
C    21.15000   18.35300   31.57000  
H    21.49400   18.45900   30.53800  
H    21.83100   18.63200   32.37900  
H    20.87200   17.30900   31.73600  
S    19.58700   19.23200   31.79400  
C    19.02400   18.59600   30.19900  
H    17.97700   18.82600   29.98700  
H    19.49300   19.10500   29.35300  
H    19.16800   17.51300   30.16600  
O    19.91200   20.64400   31.41600  
C    24.64100   12.34500   31.85700  
H    25.43700   12.79400   32.45600  
H    23.81600   12.14900   32.54600  
H    24.93600   11.37800   31.44100  
S    23.96300   13.35400   30.51900  
C    23.04100   14.31100   31.74300  
H    22.46700   15.07900   31.21900  
H    22.39000   13.72300   32.39500  
H    23.78000   14.74100   32.42400  
O    22.92200   12.50800   29.85500  
C    28.94400   19.36900   26.73600  
H    28.88800   19.93300   25.80100  
H    29.87400   19.57100   27.27400  
H    28.85600   18.31900   26.44300  
S    27.52700   19.92700   27.70800  
C    28.11200   21.55100   28.24200  
H    27.47400   21.82500   29.08600  
H    29.13000   21.46800   28.63000  
H    28.11000   22.32500   27.46900  
O    27.78900   19.10400   28.93000  
C    28.94000   16.95900   23.77000  
H    28.69000   16.69900   22.73800  
H    28.86900   16.07100   24.40300  
H    28.30300   17.75500   24.16300  
S    30.65100   17.53700   23.85500  
C    31.35800   15.96200   23.32200  
H    31.43400   15.13400   24.03100  
H    30.83300   15.64800   22.41600  
H    32.38600   16.20600   23.04100  
O    31.00100   17.62500   25.30800  
C    20.15800   11.70300   30.83500  
H    20.36200   12.71500   31.19300  
H    21.03900   11.14800   30.50400  
H    19.41200   11.64400   30.03800  
S    19.70900   10.78000   32.32300  
C    18.83000   9.29300    31.79100  
H    19.23500   8.82600    30.89000  
H    18.90100   8.57700    32.61400  
H    17.78000   9.59800    31.79900  
O    18.63600   11.52500   33.05300  
C    25.55800   14.79000   20.80900  
H    25.84300   14.26300   19.89500  
H    24.46700   14.84800   20.78200  
H    26.02600   15.77000   20.92900  
S    26.20500   13.88600   22.23400  
C    25.47500   14.99000   23.46500  
H    24.47700   15.33300   23.18100  
H    25.53100   14.51800   24.44900  
H    26.04400   15.92000   23.40100  
O    27.69000   14.05300   22.15300  
C    24.87800   24.95200   25.98300  
H    24.96600   25.41700   24.99700  
H    24.09600   25.51600   26.49800  
H    25.79700   24.94800   26.57300  
S    24.32900   23.26400   25.64600  
C    24.19000   22.74800   27.37300  
H    25.15100   22.95400   27.85100  
H    23.39600   23.36000   27.80900  
H    23.95500   21.70000   27.17000  
O    25.66400   22.73000   25.22900  
C    20.28200   8.02700    27.51600  
H    21.09200   7.73600    26.84200  
H    20.75700   8.43000    28.41400  
H    19.64100   7.18400    27.78500  
S    19.24400   9.33200    26.82000  
C    20.66500   10.44600   26.74500  
H    21.26500   9.89200    26.01900  
H    20.22800   11.40700   26.46100  
H    21.13700   10.53000   27.72700  
O    18.52900   9.86800    28.02200  
C    19.56300   21.02000   26.70000  
H    19.62700   19.94100   26.54200  
H    19.37700   21.22000   27.75900  
H    18.78400   21.46000   26.07200  
S    21.14400   21.81100   26.32800  
C    20.61300   23.50900   26.64700  
H    20.04000   23.85100   25.78200  
H    19.94900   23.55000   27.51300  
H    21.51800   24.11000   26.77000  
O    21.23400   21.69100   24.83800  
C    19.31800   26.08500   31.30800  
H    19.87100   25.88100   32.22800  
H    20.00200   26.60900   30.63400  
H    18.35100   26.55600   31.49800  
S    18.95600   24.41600   30.72000  
C    20.65700   23.81500   30.61100  
H    21.13000   24.57300   29.98200  
H    21.16200   23.62000   31.56100  
H    20.55300   22.90600   30.01400  
O    18.55200   24.64700   29.29800  
C    18.71500   15.03700   21.39300  
H    19.69800   15.09300   20.91900  
H    18.32200   16.05100   21.49700  
H    18.73900   14.50600   22.34800  
S    17.65100   14.06100   20.30600  
C    17.35000   15.44900   19.18900  
H    17.28800   16.36400   19.78500  
H    18.22800   15.45900   18.53800  
H    16.40100   15.16100   18.72900  
O    16.34900   14.06400   21.04400  
C    23.78600   11.83200   26.60700  
H    23.04100   11.06200   26.38700  
H    24.12600   11.71600   27.63900  
H    23.41700   12.86000   26.56000  
S    25.23200   11.81500   25.52400  
C    25.79900   10.26200   26.25200  
H    26.85100   10.13600   25.98100  
H    25.71800   10.29200   27.34100  
H    25.20400   9.45200    25.82200  
O    26.11700   12.80600   26.21400  
C    23.26200   18.96100   19.21600  
H    23.33300   19.98800   19.58200  
H    24.10400   18.33500   19.52200  
H    23.08200   18.90000   18.14000  
S    21.85600   18.29900   20.13800  
C    21.83300   16.83400   19.08100  
H    21.90600   17.02600   18.00800  
H    22.72600   16.29700   19.41200  
H    20.91900   16.28600   19.32700  
O    20.71800   19.21800   19.82400  
C    24.66900   10.55700   21.69700  
H    24.41400   9.56000    21.32900  
H    23.83700   10.91200   22.31000  
H    24.91300   11.09200   20.77600  
S    26.18800   10.23800   22.62300  
C    27.05700   9.57900    21.18200  
H    27.30400   10.43900   20.55300  
H    27.99000   9.15300    21.55900  
H    26.45200   8.78400    20.74000  
O    25.83600   8.95300    23.30500  
$end

$rem
JOBTYPE  SP
METHOD  B3LYP
BASIS  6-31+G(D)
SYMMETRY  FALSE
SYM_IGNORE  TRUE
MEM_TOTAL  12000
MEM_STATIC  4000
BASIS_LIN_DEP_THRESH  6
THRESH  14
SCF_CONVERGENCE  8
FD_MAT_VEC_PROD  FALSE
XC_GRID  000075000302
NL_GRID  1
MAX_SCF_CYCLES  200
ENV_METHOD  B3LYP
GEN_SCFMAN_EMBED  TRUE
SPADE_PARTITION  TRUE
EMBEDDING_EARLY_STOP  TRUE
$end

@@@

$molecule
0 1
@C    23.65900   15.88500   26.52000  
@C    22.22200   16.04800   27.04200  
@C    22.13000   17.14500   28.11500  
@C    22.56800   18.49400   27.52300  
@C    23.96000   18.48000   26.87000  
@C    24.34800   17.19800   26.11500  
@H    21.11800   17.30700   28.50800  
@H    21.54600   16.30400   26.21700  
@H    24.21300   15.46700   27.37000  
@H    23.81500   15.14000   25.73100  
@H    21.92500   18.79500   26.68700  
@H    22.56100   19.30000   28.26700  
@H    24.31300   19.38700   26.36500  
@H    24.55600   18.57900   27.78600  
@H    24.09000   17.32500   25.05600  
@H    25.43900   17.09700   26.17000  
@H    22.89400   16.86300   28.85000  
@N    21.84300   14.80300   27.70800  
@H    22.24100   14.56700   28.60900  
@C    20.60700   14.23000   27.49700  
@H    20.40100   13.37100   28.16100  
@O    19.80900   14.66000   26.68400  
C    19.54000   17.45200   24.59800  
H    19.07200   18.32500   25.06000  
H    18.87000   17.20400   23.77200  
H    19.84800   16.62800   25.24700  
S    21.15300   18.07100   24.07000  
C    20.51400   19.44300   23.08200  
H    21.35600   20.00100   22.66500  
H    19.99700   18.98400   22.23500  
H    19.78400   20.05000   23.62400  
O    21.51800   17.19900   22.90900  
C    23.50800   22.48400   32.42300  
H    23.68100   23.48100   32.83300  
H    22.45500   22.20500   32.51600  
H    24.02000   21.74700   33.04600  
S    24.02700   22.19300   30.71700  
C    23.69900   20.43100   30.94400  
H    24.11000   20.07900   29.99500  
H    24.06500   20.02900   31.89200  
H    22.62700   20.21500   30.96100  
O    25.51600   22.32400   30.80600  
C    27.30000   20.00300   32.85700  
H    26.66700   20.25600   33.71100  
H    27.39100   20.87000   32.19800  
H    26.85800   19.16100   32.31800  
S    28.96300   19.54700   33.39800  
C    29.46400   18.89900   31.78800  
H    29.56700   19.77300   31.13900  
H    30.38700   18.35700   32.00800  
H    28.62500   18.33000   31.37800  
O    28.86200   18.25600   34.14900  
C    15.41400   9.31900    29.22000  
H    16.23100   9.04300    28.54900  
H    15.71200   9.22500    30.26700  
H    14.60900   8.62700    28.95900  
S    14.89400   11.02800   28.94100  
C    16.05100   11.68400   30.16400  
H    15.82800   11.16100   31.09800  
H    17.06300   11.46700   29.81300  
H    15.80700   12.74800   30.23500  
O    13.71300   11.03200   29.86000  
C    17.18800   14.88600   24.62400  
H    16.62100   15.79000   24.38600  
H    18.23700   15.17400   24.73100  
H    17.21400   14.19600   23.77700  
S    16.60400   14.10800   26.14600  
C    17.27500   12.48600   25.72000  
H    16.73900   12.16300   24.82300  
H    18.34100   12.71500   25.63800  
H    17.05300   11.80400   26.54500  
O    15.14500   13.86700   25.91500  
C    23.80600   6.80100    29.93600  
H    22.74500   6.72300    29.68600  
H    24.56800   6.25700    29.37200  
H    23.93800   6.41900    30.95200  
S    24.28500   8.54200    29.88100  
C    22.91600   9.19100    30.86600  
H    22.02200   8.95900    30.28200  
H    22.97100   8.75600    31.86700  
H    23.09200   10.26800   30.94200  
O    23.90600   8.92100    28.48300  
C    21.33500   12.27800   21.52100  
H    20.49900   12.22800   20.81800  
H    21.84900   13.20600   21.25800  
H    21.85300   11.33600   21.32100  
S    20.76800   12.25100   23.23600  
C    21.58600   13.77200   23.76900  
H    21.47700   14.56400   23.02400  
H    21.21400   14.14700   24.72600  
H    22.65200   13.54900   23.86100  
O    21.73500   11.28500   23.84600  
C    28.23500   15.81100   27.31200  
H    27.66500   15.47600   26.44300  
H    27.95300   16.81600   27.63600  
H    29.29400   15.84800   27.04400  
S    27.85900   14.71600   28.69900  
C    26.98000   16.00700   29.60900  
H    27.82000   16.61600   29.95200  
H    26.31700   16.60300   28.97600  
H    26.51100   15.48600   30.44700  
O    29.21400   14.65800   29.33300  
C    24.19700   19.98000   23.11400  
H    24.33700   20.78200   22.38500  
H    23.32700   19.33100   22.98600  
H    24.03200   20.45900   24.08200  
S    25.68900   18.96300   23.20000  
C    26.85200   20.34100   23.09100  
H    26.40100   21.08400   22.42900  
H    26.99400   20.75300   24.09400  
H    27.76900   19.99400   22.60800  
O    25.64100   18.21800   21.90300  
C    17.37400   15.09100   29.40600  
H    17.98800   14.70000   28.59100  
H    16.34000   14.74200   29.34200  
H    17.51800   16.17300   29.45900  
S    18.17300   14.40400   30.87400  
C    16.99600   14.89600   32.15400  
H    16.92100   15.98300   32.06600  
H    16.04400   14.41200   31.92300  
H    17.42900   14.72300   33.14200  
O    19.38400   15.28000   30.96300  
C    15.73400   19.51700   25.42900  
H    16.30400   19.21700   24.54600  
H    14.70500   19.69000   25.10700  
H    16.08200   20.41300   25.95000  
S    15.73000   18.09500   26.54400  
C    14.33300   18.50100   27.61600  
H    13.46900   18.84800   27.04200  
H    14.12600   17.73500   28.36700  
H    14.69800   19.33000   28.22800  
O    16.98300   18.53100   27.23700  
C    21.15000   18.35300   31.57000  
H    21.49400   18.45900   30.53800  
H    21.83100   18.63200   32.37900  
H    20.87200   17.30900   31.73600  
S    19.58700   19.23200   31.79400  
C    19.02400   18.59600   30.19900  
H    17.97700   18.82600   29.98700  
H    19.49300   19.10500   29.35300  
H    19.16800   17.51300   30.16600  
O    19.91200   20.64400   31.41600  
C    24.64100   12.34500   31.85700  
H    25.43700   12.79400   32.45600  
H    23.81600   12.14900   32.54600  
H    24.93600   11.37800   31.44100  
S    23.96300   13.35400   30.51900  
C    23.04100   14.31100   31.74300  
H    22.46700   15.07900   31.21900  
H    22.39000   13.72300   32.39500  
H    23.78000   14.74100   32.42400  
O    22.92200   12.50800   29.85500  
C    28.94400   19.36900   26.73600  
H    28.88800   19.93300   25.80100  
H    29.87400   19.57100   27.27400  
H    28.85600   18.31900   26.44300  
S    27.52700   19.92700   27.70800  
C    28.11200   21.55100   28.24200  
H    27.47400   21.82500   29.08600  
H    29.13000   21.46800   28.63000  
H    28.11000   22.32500   27.46900  
O    27.78900   19.10400   28.93000  
C    28.94000   16.95900   23.77000  
H    28.69000   16.69900   22.73800  
H    28.86900   16.07100   24.40300  
H    28.30300   17.75500   24.16300  
S    30.65100   17.53700   23.85500  
C    31.35800   15.96200   23.32200  
H    31.43400   15.13400   24.03100  
H    30.83300   15.64800   22.41600  
H    32.38600   16.20600   23.04100  
O    31.00100   17.62500   25.30800  
C    20.15800   11.70300   30.83500  
H    20.36200   12.71500   31.19300  
H    21.03900   11.14800   30.50400  
H    19.41200   11.64400   30.03800  
S    19.70900   10.78000   32.32300  
C    18.83000   9.29300    31.79100  
H    19.23500   8.82600    30.89000  
H    18.90100   8.57700    32.61400  
H    17.78000   9.59800    31.79900  
O    18.63600   11.52500   33.05300  
C    25.55800   14.79000   20.80900  
H    25.84300   14.26300   19.89500  
H    24.46700   14.84800   20.78200  
H    26.02600   15.77000   20.92900  
S    26.20500   13.88600   22.23400  
C    25.47500   14.99000   23.46500  
H    24.47700   15.33300   23.18100  
H    25.53100   14.51800   24.44900  
H    26.04400   15.92000   23.40100  
O    27.69000   14.05300   22.15300  
C    24.87800   24.95200   25.98300  
H    24.96600   25.41700   24.99700  
H    24.09600   25.51600   26.49800  
H    25.79700   24.94800   26.57300  
S    24.32900   23.26400   25.64600  
C    24.19000   22.74800   27.37300  
H    25.15100   22.95400   27.85100  
H    23.39600   23.36000   27.80900  
H    23.95500   21.70000   27.17000  
O    25.66400   22.73000   25.22900  
C    20.28200   8.02700    27.51600  
H    21.09200   7.73600    26.84200  
H    20.75700   8.43000    28.41400  
H    19.64100   7.18400    27.78500  
S    19.24400   9.33200    26.82000  
C    20.66500   10.44600   26.74500  
H    21.26500   9.89200    26.01900  
H    20.22800   11.40700   26.46100  
H    21.13700   10.53000   27.72700  
O    18.52900   9.86800    28.02200  
C    19.56300   21.02000   26.70000  
H    19.62700   19.94100   26.54200  
H    19.37700   21.22000   27.75900  
H    18.78400   21.46000   26.07200  
S    21.14400   21.81100   26.32800  
C    20.61300   23.50900   26.64700  
H    20.04000   23.85100   25.78200  
H    19.94900   23.55000   27.51300  
H    21.51800   24.11000   26.77000  
O    21.23400   21.69100   24.83800  
C    19.31800   26.08500   31.30800  
H    19.87100   25.88100   32.22800  
H    20.00200   26.60900   30.63400  
H    18.35100   26.55600   31.49800  
S    18.95600   24.41600   30.72000  
C    20.65700   23.81500   30.61100  
H    21.13000   24.57300   29.98200  
H    21.16200   23.62000   31.56100  
H    20.55300   22.90600   30.01400  
O    18.55200   24.64700   29.29800  
C    18.71500   15.03700   21.39300  
H    19.69800   15.09300   20.91900  
H    18.32200   16.05100   21.49700  
H    18.73900   14.50600   22.34800  
S    17.65100   14.06100   20.30600  
C    17.35000   15.44900   19.18900  
H    17.28800   16.36400   19.78500  
H    18.22800   15.45900   18.53800  
H    16.40100   15.16100   18.72900  
O    16.34900   14.06400   21.04400  
C    23.78600   11.83200   26.60700  
H    23.04100   11.06200   26.38700  
H    24.12600   11.71600   27.63900  
H    23.41700   12.86000   26.56000  
S    25.23200   11.81500   25.52400  
C    25.79900   10.26200   26.25200  
H    26.85100   10.13600   25.98100  
H    25.71800   10.29200   27.34100  
H    25.20400   9.45200    25.82200  
O    26.11700   12.80600   26.21400  
C    23.26200   18.96100   19.21600  
H    23.33300   19.98800   19.58200  
H    24.10400   18.33500   19.52200  
H    23.08200   18.90000   18.14000  
S    21.85600   18.29900   20.13800  
C    21.83300   16.83400   19.08100  
H    21.90600   17.02600   18.00800  
H    22.72600   16.29700   19.41200  
H    20.91900   16.28600   19.32700  
O    20.71800   19.21800   19.82400  
C    24.66900   10.55700   21.69700  
H    24.41400   9.56000    21.32900  
H    23.83700   10.91200   22.31000  
H    24.91300   11.09200   20.77600  
S    26.18800   10.23800   22.62300  
C    27.05700   9.57900    21.18200  
H    27.30400   10.43900   20.55300  
H    27.99000   9.15300    21.55900  
H    26.45200   8.78400    20.74000  
O    25.83600   8.95300    23.30500  
$end

$rem
JOBTYPE  SP
METHOD  B3LYP
BASIS  6-31+G(D)
SYMMETRY  FALSE
SYM_IGNORE  TRUE
MEM_TOTAL  12000
MEM_STATIC  4000
BASIS_LIN_DEP_THRESH  6
THRESH  14
SCF_CONVERGENCE  8
FD_MAT_VEC_PROD  FALSE
XC_GRID  000075000302
NL_GRID  1
MAX_SCF_CYCLES  200
SCF_GUESS  READ
GEN_SCFMAN  FALSE
SKIP_SCFMAN  TRUE
ESP_GRID  0
ESP_EFIELD  1
$end
