$molecule
0 1
--
0 1
C    26.69000   20.41400   26.24200  
C    27.58400   21.25000   27.17400  
C    29.00700   20.76300   27.49300  
C    29.78800   20.24900   26.27300  
C    28.85400   19.27500   25.53500  
C    27.48000   19.79200   25.07900  
H    29.50200   21.65100   27.90500  
H    27.61600   22.23300   26.68900  
H    26.30600   19.63700   26.91500  
H    25.87300   21.01600   25.82700  
H    30.06300   21.13500   25.68700  
H    30.69500   19.70800   26.56900  
H    29.37900   18.96900   24.62200  
H    28.73800   18.34700   26.10700  
H    27.54800   20.50500   24.24800  
H    26.83400   18.94600   24.81400  
H    28.96000   19.92300   28.19600  
N    26.83900   21.37800   28.42500  
H    27.15300   20.85600   29.23500  
C    25.86000   22.30700   28.70500  
H    25.53400   22.31800   29.76100  
O    25.52900   23.07600   27.82000  
--
0 1
C    25.31100   28.48500   23.13400  
H    26.08000   27.94500   23.69200  
H    25.53400   28.31500   22.07700  
H    25.21000   29.56500   23.27400  
S    23.81400   27.57000   23.56400  
C    22.74200   28.76100   22.72700  
H    23.04300   29.75900   23.05300  
H    22.81400   28.64700   21.64200  
H    21.68700   28.56300   22.93200  
O    23.64500   27.85100   25.02400  
C    28.61400   22.76500   31.46600  
H    29.58200   22.85300   30.96600  
H    27.73100   22.82000   30.82500  
H    28.40900   23.50500   32.24400  
S    28.64400   21.22000   32.40300  
C    30.33200   21.60400   32.92000  
H    30.61900   20.76700   33.56100  
H    30.89400   21.52900   31.98500  
H    30.29600   22.47300   33.58100  
O    28.91400   20.37500   31.19700  
C    30.60800   25.18400   33.82300  
H    31.40300   24.49200   34.11400  
H    30.39000   25.97100   34.54900  
H    29.64100   24.69200   33.69500  
S    30.92800   26.12500   32.31400  
C    29.34900   26.99700   32.20000  
H    29.32200   27.55700   33.13800  
H    29.27800   27.68400   31.35300  
H    28.53800   26.26600   32.13900  
O    30.69000   25.09300   31.25600  
C    31.81300   23.25300   28.27400  
H    31.39100   23.71100   27.37600  
H    31.58500   22.18900   28.37600  
H    31.40600   23.80500   29.12600  
S    33.61900   23.23100   28.25500  
C    33.99000   24.99100   28.43400  
H    33.76100   25.34900   29.44100  
H    35.06300   25.09800   28.25800  
H    33.37400   25.61500   27.78100  
O    33.92200   22.80900   26.85200  
C    21.31500   22.11700   32.24100  
H    21.00600   22.88600   31.52900  
H    21.66800   22.66600   33.11700  
H    22.04700   21.44200   31.79000  
S    19.93500   21.06600   32.74800  
C    20.95900   19.78100   33.49900  
H    21.52500   20.11000   34.37400  
H    20.37500   18.91500   33.81900  
H    21.64700   19.50800   32.69500  
O    19.43600   20.45700   31.47400  
C    28.56700   13.12700   26.51900  
H    28.83500   12.08600   26.71500  
H    28.34600   13.57300   27.49200  
H    27.78300   13.27300   25.77200  
S    29.97600   13.98200   25.77700  
C    30.82200   14.03400   27.37300  
H    30.67900   13.06800   27.86300  
H    31.86900   14.30100   27.21000  
H    30.40600   14.83800   27.98600  
O    29.46300   15.35200   25.45800  
C    24.36800   18.27500   32.33100  
H    24.77800   17.56600   33.05500  
H    23.30500   18.52200   32.39400  
H    24.48900   17.79400   31.35700  
S    25.38700   19.76200   32.21200  
C    25.24800   20.13000   33.97600  
H    25.51400   19.17500   34.43600  
H    25.87300   21.00000   34.19500  
H    24.20900   20.29700   34.27300  
O    24.46600   20.77400   31.60600  
C    28.09600   25.54600   28.80800  
H    28.82600   26.33900   28.62700  
H    28.28800   25.23500   29.83800  
H    28.22300   24.67400   28.16100  
S    26.39900   26.15000   28.66000  
C    26.40500   26.07800   26.85500  
H    27.30500   26.51700   26.41700  
H    26.47400   25.01900   26.59200  
H    25.54300   26.61400   26.44900  
O    26.44000   27.63700   28.82600  
C    24.36300   22.16600   23.19700  
H    24.88700   23.12600   23.17500  
H    23.93400   22.10200   24.20000  
H    24.99100   21.32800   22.88400  
S    23.12000   22.63300   21.97100  
C    22.21800   21.08100   22.17400  
H    21.28200   21.09800   21.60900  
H    22.79500   20.21700   21.83500  
H    22.04700   20.82000   23.22100  
O    23.78300   22.46200   20.64000  
C    31.59900   15.77200   19.43700  
H    30.67000   16.29000   19.68900  
H    32.40800   16.44800   19.15000  
H    31.31500   15.02600   18.69100  
S    32.00800   14.70500   20.83700  
C    31.86800   16.13200   21.93700  
H    32.04800   15.74500   22.94300  
H    32.61400   16.87300   21.64000  
H    30.83200   16.48000   21.90900  
O    33.46300   14.48000   20.57000  
C    35.69800   18.76900   29.22400  
H    35.46100   17.79500   28.78900  
H    36.05800   18.52300   30.22600  
H    34.88700   19.50200   29.19900  
S    37.07200   19.47800   28.29000  
C    36.14600   19.71400   26.75700  
H    35.63200   20.67400   26.66700  
H    36.78000   19.54300   25.88300  
H    35.38500   18.93600   26.86200  
O    37.89400   18.24700   28.06400  
C    32.02900   17.52200   27.91900  
H    32.21800   18.47500   27.41800  
H    32.97100   17.21100   28.37600  
H    31.75800   16.75000   27.19500  
S    30.78400   17.64200   29.22300  
C    31.56700   18.96800   30.16700  
H    31.46600   19.96200   29.72400  
H    31.14200   19.13000   31.16100  
H    32.63000   18.74900   30.29800  
O    30.84700   16.33400   29.94800  
C    26.96800   24.39600   21.13600  
H    27.91100   24.02700   20.72400  
H    27.29700   24.89900   22.04900  
H    26.23000   23.59300   21.19900  
S    26.15800   25.55900   20.01500  
C    27.42200   26.84700   20.10700  
H    27.12100   27.88000   19.91800  
H    27.88100   26.74900   21.09400  
H    28.07200   26.63200   19.25400  
O    25.11000   26.13200   20.91800  
C    28.79400   24.52100   25.00100  
H    28.49700   23.70400   25.66400  
H    28.88600   25.49200   25.49600  
H    28.11100   24.65800   24.15900  
S    30.34400   23.94700   24.27100  
C    30.24400   25.06000   22.85100  
H    30.37600   26.11100   23.11900  
H    30.95000   24.81900   22.05200  
H    29.22600   25.07400   22.45400  
O    29.84600   22.65900   23.69400  
C    27.42700   16.40300   28.13800  
H    26.86200   15.54700   27.75900  
H    27.60600   17.06200   27.28500  
H    28.39700   16.00000   28.43900  
S    26.56200   17.48500   29.29800  
C    27.14300   16.53000   30.71800  
H    26.66200   15.55300   30.63300  
H    28.22600   16.40800   30.63400  
H    26.86200   17.07900   31.62100  
O    25.17400   16.95100   29.12500  
C    34.19300   23.90900   31.99600  
H    35.25300   24.07900   31.78800  
H    33.45800   24.18700   31.23600  
H    33.83900   24.41500   32.89800  
S    33.87700   22.14300   32.21400  
C    35.34500   21.70700   33.17300  
H    35.06500   22.06100   34.16900  
H    35.42000   20.61600   33.16000  
H    36.26400   22.14500   32.77600  
O    34.01200   21.65400   30.80600  
C    33.53400   21.74700   23.29700  
H    34.53200   21.62900   23.72900  
H    33.50100   22.08700   22.25900  
H    32.93100   22.34800   23.98300  
S    32.59400   20.20400   23.26600  
C    33.22700   19.60700   24.84900  
H    34.31300   19.64100   24.96500  
H    32.78400   20.28000   25.58800  
H    33.06000   18.53300   24.96400  
O    33.19700   19.20200   22.33100  
C    30.85100   19.74900   20.03200  
H    31.88700   19.81300   19.68900  
H    30.81000   19.27500   21.01600  
H    30.26200   19.27400   19.24400  
S    30.18500   21.38200   20.42500  
C    28.66800   20.77900   21.20000  
H    28.08200   20.22400   20.46300  
H    28.95900   20.10500   22.01000  
H    28.22900   21.70000   21.59200  
O    29.78400   22.05100   19.14700  
C    37.19300   15.83100   25.56300  
H    37.91100   15.75000   24.74200  
H    37.30200   16.82600   26.00300  
H    37.14500   14.99300   26.26200  
S    35.60700   15.96400   24.70600  
C    35.78400   17.41500   23.64400  
H    34.90100   17.48700   23.00400  
H    35.77600   18.30900   24.27300  
H    36.75700   17.38600   23.14600  
O    34.61200   16.34500   25.75800  
C    22.67900   25.52500   27.57800  
H    23.49600   25.83500   28.23500  
H    22.83900   24.50700   27.21400  
H    22.38400   26.14800   26.73000  
S    21.25300   25.27500   28.65900  
C    21.40300   26.76600   29.66900  
H    22.42900   26.78200   30.04500  
H    21.30200   27.69900   29.10900  
H    20.74800   26.65900   30.53800  
O    21.65700   24.06800   29.44700  
C    27.30700   16.34400   23.02100  
H    28.30200   16.76700   23.18200  
H    26.48000   17.05600   22.95800  
H    27.13800   15.65100   23.84800  
S    27.37300   15.47000   21.44000  
C    28.36600   14.10200   22.07700  
H    29.15900   14.51600   22.70500  
H    27.63200   13.59300   22.70700  
H    28.78600   13.53600   21.24200  
O    28.36100   16.28700   20.66800  
C    20.50300   20.45000   28.11700  
H    21.01700   21.00900   28.90400  
H    20.06400   21.14300   27.39400  
H    19.70700   19.83900   28.55000  
S    21.76600   19.57800   27.16300  
C    23.01600   20.84700   27.46200  
H    23.85200   20.58300   26.80900  
H    22.65000   21.84200   27.19600  
H    23.41900   20.74800   28.47300  
O    21.38300   20.01800   25.78400  
C    20.71900   23.31100   25.42900  
H    19.89500   22.59300   25.46000  
H    21.65900   22.75400   25.44800  
H    20.64400   23.93100   26.32600  
S    20.46600   24.32400   23.95400  
C    18.87500   25.11300   24.29000  
H    18.84600   25.73500   25.18800  
H    18.54800   25.68900   23.42000  
H    18.28600   24.20600   24.45000  
O    20.00600   23.24000   23.03000  
C    33.15500   27.16100   24.77400  
H    33.26800   28.24600   24.71500  
H    32.17800   26.83300   24.40800  
H    33.12300   26.91600   25.83800  
S    34.60700   26.47200   23.94700  
C    34.13300   24.72800   23.96800  
H    34.93700   24.14500   23.51200  
H    33.82500   24.37400   24.95500  
H    33.27300   24.62900   23.30100  
O    35.68100   26.66500   24.97100  
C    24.06200   24.57900   31.34500  
H    24.66400   24.37600   30.45600  
H    23.16100   23.96000   31.34100  
H    23.60600   25.57300   31.36200  
S    25.11700   24.43800   32.80500  
C    23.87000   25.20700   33.86300  
H    22.93100   24.65300   33.78300  
H    24.34900   25.29400   34.84100  
H    23.83300   26.25100   33.54200  
O    26.17100   25.49800   32.72800  
C    24.04000   16.90700   26.01300  
H    23.44800   16.12400   26.49500  
H    25.08200   16.63700   25.82700  
H    23.97600   17.83800   26.58100  
S    23.22900   17.14400   24.41600  
C    21.71000   16.24000   24.79200  
H    21.24000   16.68200   25.67500  
H    21.04600   16.36100   23.93300  
H    21.93100   15.18000   24.93800  
O    23.98400   16.08900   23.66800  
C    26.66300   16.78300   17.82500  
H    26.92900   16.26300   18.74900  
H    25.58100   16.66500   17.72300  
H    27.24800   16.61800   16.91600  
S    26.91400   18.54600   18.12700  
C    25.69700   18.59400   19.46300  
H    25.48300   19.63400   19.72300  
H    24.82500   18.04900   19.09200  
H    26.11300   18.00200   20.28200  
O    26.28500   19.16500   16.91800  
C    31.54200   28.19100   29.26800  
H    31.92200   29.05100   29.82600  
H    30.68700   27.72100   29.76000  
H    32.29000   27.39500   29.22200  
S    31.12300   28.55300   27.54800  
C    29.46400   29.19800   27.85900  
H    29.03300   29.48300   26.89600  
H    28.82100   28.40200   28.24400  
H    29.55100   30.07000   28.51300  
O    30.79400   27.16600   27.09100  
$end

$rem
JOBTYPE  SP
METHOD  B3LYP
BASIS  6-31+G(D)
SYMMETRY  FALSE
SYM_IGNORE  TRUE
MEM_TOTAL  12000
MEM_STATIC  4000
BASIS_LIN_DEP_THRESH  6
THRESH  14
SCF_CONVERGENCE  8
FD_MAT_VEC_PROD  FALSE
XC_GRID  000075000302
NL_GRID  1
MAX_SCF_CYCLES  200
ENV_METHOD  B3LYP
GEN_SCFMAN_EMBED  TRUE
SPADE_PARTITION  TRUE
EMBEDDING_EARLY_STOP  TRUE
$end

@@@

$molecule
0 1
@C    26.69000   20.41400   26.24200  
@C    27.58400   21.25000   27.17400  
@C    29.00700   20.76300   27.49300  
@C    29.78800   20.24900   26.27300  
@C    28.85400   19.27500   25.53500  
@C    27.48000   19.79200   25.07900  
@H    29.50200   21.65100   27.90500  
@H    27.61600   22.23300   26.68900  
@H    26.30600   19.63700   26.91500  
@H    25.87300   21.01600   25.82700  
@H    30.06300   21.13500   25.68700  
@H    30.69500   19.70800   26.56900  
@H    29.37900   18.96900   24.62200  
@H    28.73800   18.34700   26.10700  
@H    27.54800   20.50500   24.24800  
@H    26.83400   18.94600   24.81400  
@H    28.96000   19.92300   28.19600  
@N    26.83900   21.37800   28.42500  
@H    27.15300   20.85600   29.23500  
@C    25.86000   22.30700   28.70500  
@H    25.53400   22.31800   29.76100  
@O    25.52900   23.07600   27.82000  
C    25.31100   28.48500   23.13400  
H    26.08000   27.94500   23.69200  
H    25.53400   28.31500   22.07700  
H    25.21000   29.56500   23.27400  
S    23.81400   27.57000   23.56400  
C    22.74200   28.76100   22.72700  
H    23.04300   29.75900   23.05300  
H    22.81400   28.64700   21.64200  
H    21.68700   28.56300   22.93200  
O    23.64500   27.85100   25.02400  
C    28.61400   22.76500   31.46600  
H    29.58200   22.85300   30.96600  
H    27.73100   22.82000   30.82500  
H    28.40900   23.50500   32.24400  
S    28.64400   21.22000   32.40300  
C    30.33200   21.60400   32.92000  
H    30.61900   20.76700   33.56100  
H    30.89400   21.52900   31.98500  
H    30.29600   22.47300   33.58100  
O    28.91400   20.37500   31.19700  
C    30.60800   25.18400   33.82300  
H    31.40300   24.49200   34.11400  
H    30.39000   25.97100   34.54900  
H    29.64100   24.69200   33.69500  
S    30.92800   26.12500   32.31400  
C    29.34900   26.99700   32.20000  
H    29.32200   27.55700   33.13800  
H    29.27800   27.68400   31.35300  
H    28.53800   26.26600   32.13900  
O    30.69000   25.09300   31.25600  
C    31.81300   23.25300   28.27400  
H    31.39100   23.71100   27.37600  
H    31.58500   22.18900   28.37600  
H    31.40600   23.80500   29.12600  
S    33.61900   23.23100   28.25500  
C    33.99000   24.99100   28.43400  
H    33.76100   25.34900   29.44100  
H    35.06300   25.09800   28.25800  
H    33.37400   25.61500   27.78100  
O    33.92200   22.80900   26.85200  
C    21.31500   22.11700   32.24100  
H    21.00600   22.88600   31.52900  
H    21.66800   22.66600   33.11700  
H    22.04700   21.44200   31.79000  
S    19.93500   21.06600   32.74800  
C    20.95900   19.78100   33.49900  
H    21.52500   20.11000   34.37400  
H    20.37500   18.91500   33.81900  
H    21.64700   19.50800   32.69500  
O    19.43600   20.45700   31.47400  
C    28.56700   13.12700   26.51900  
H    28.83500   12.08600   26.71500  
H    28.34600   13.57300   27.49200  
H    27.78300   13.27300   25.77200  
S    29.97600   13.98200   25.77700  
C    30.82200   14.03400   27.37300  
H    30.67900   13.06800   27.86300  
H    31.86900   14.30100   27.21000  
H    30.40600   14.83800   27.98600  
O    29.46300   15.35200   25.45800  
C    24.36800   18.27500   32.33100  
H    24.77800   17.56600   33.05500  
H    23.30500   18.52200   32.39400  
H    24.48900   17.79400   31.35700  
S    25.38700   19.76200   32.21200  
C    25.24800   20.13000   33.97600  
H    25.51400   19.17500   34.43600  
H    25.87300   21.00000   34.19500  
H    24.20900   20.29700   34.27300  
O    24.46600   20.77400   31.60600  
C    28.09600   25.54600   28.80800  
H    28.82600   26.33900   28.62700  
H    28.28800   25.23500   29.83800  
H    28.22300   24.67400   28.16100  
S    26.39900   26.15000   28.66000  
C    26.40500   26.07800   26.85500  
H    27.30500   26.51700   26.41700  
H    26.47400   25.01900   26.59200  
H    25.54300   26.61400   26.44900  
O    26.44000   27.63700   28.82600  
C    24.36300   22.16600   23.19700  
H    24.88700   23.12600   23.17500  
H    23.93400   22.10200   24.20000  
H    24.99100   21.32800   22.88400  
S    23.12000   22.63300   21.97100  
C    22.21800   21.08100   22.17400  
H    21.28200   21.09800   21.60900  
H    22.79500   20.21700   21.83500  
H    22.04700   20.82000   23.22100  
O    23.78300   22.46200   20.64000  
C    31.59900   15.77200   19.43700  
H    30.67000   16.29000   19.68900  
H    32.40800   16.44800   19.15000  
H    31.31500   15.02600   18.69100  
S    32.00800   14.70500   20.83700  
C    31.86800   16.13200   21.93700  
H    32.04800   15.74500   22.94300  
H    32.61400   16.87300   21.64000  
H    30.83200   16.48000   21.90900  
O    33.46300   14.48000   20.57000  
C    35.69800   18.76900   29.22400  
H    35.46100   17.79500   28.78900  
H    36.05800   18.52300   30.22600  
H    34.88700   19.50200   29.19900  
S    37.07200   19.47800   28.29000  
C    36.14600   19.71400   26.75700  
H    35.63200   20.67400   26.66700  
H    36.78000   19.54300   25.88300  
H    35.38500   18.93600   26.86200  
O    37.89400   18.24700   28.06400  
C    32.02900   17.52200   27.91900  
H    32.21800   18.47500   27.41800  
H    32.97100   17.21100   28.37600  
H    31.75800   16.75000   27.19500  
S    30.78400   17.64200   29.22300  
C    31.56700   18.96800   30.16700  
H    31.46600   19.96200   29.72400  
H    31.14200   19.13000   31.16100  
H    32.63000   18.74900   30.29800  
O    30.84700   16.33400   29.94800  
C    26.96800   24.39600   21.13600  
H    27.91100   24.02700   20.72400  
H    27.29700   24.89900   22.04900  
H    26.23000   23.59300   21.19900  
S    26.15800   25.55900   20.01500  
C    27.42200   26.84700   20.10700  
H    27.12100   27.88000   19.91800  
H    27.88100   26.74900   21.09400  
H    28.07200   26.63200   19.25400  
O    25.11000   26.13200   20.91800  
C    28.79400   24.52100   25.00100  
H    28.49700   23.70400   25.66400  
H    28.88600   25.49200   25.49600  
H    28.11100   24.65800   24.15900  
S    30.34400   23.94700   24.27100  
C    30.24400   25.06000   22.85100  
H    30.37600   26.11100   23.11900  
H    30.95000   24.81900   22.05200  
H    29.22600   25.07400   22.45400  
O    29.84600   22.65900   23.69400  
C    27.42700   16.40300   28.13800  
H    26.86200   15.54700   27.75900  
H    27.60600   17.06200   27.28500  
H    28.39700   16.00000   28.43900  
S    26.56200   17.48500   29.29800  
C    27.14300   16.53000   30.71800  
H    26.66200   15.55300   30.63300  
H    28.22600   16.40800   30.63400  
H    26.86200   17.07900   31.62100  
O    25.17400   16.95100   29.12500  
C    34.19300   23.90900   31.99600  
H    35.25300   24.07900   31.78800  
H    33.45800   24.18700   31.23600  
H    33.83900   24.41500   32.89800  
S    33.87700   22.14300   32.21400  
C    35.34500   21.70700   33.17300  
H    35.06500   22.06100   34.16900  
H    35.42000   20.61600   33.16000  
H    36.26400   22.14500   32.77600  
O    34.01200   21.65400   30.80600  
C    33.53400   21.74700   23.29700  
H    34.53200   21.62900   23.72900  
H    33.50100   22.08700   22.25900  
H    32.93100   22.34800   23.98300  
S    32.59400   20.20400   23.26600  
C    33.22700   19.60700   24.84900  
H    34.31300   19.64100   24.96500  
H    32.78400   20.28000   25.58800  
H    33.06000   18.53300   24.96400  
O    33.19700   19.20200   22.33100  
C    30.85100   19.74900   20.03200  
H    31.88700   19.81300   19.68900  
H    30.81000   19.27500   21.01600  
H    30.26200   19.27400   19.24400  
S    30.18500   21.38200   20.42500  
C    28.66800   20.77900   21.20000  
H    28.08200   20.22400   20.46300  
H    28.95900   20.10500   22.01000  
H    28.22900   21.70000   21.59200  
O    29.78400   22.05100   19.14700  
C    37.19300   15.83100   25.56300  
H    37.91100   15.75000   24.74200  
H    37.30200   16.82600   26.00300  
H    37.14500   14.99300   26.26200  
S    35.60700   15.96400   24.70600  
C    35.78400   17.41500   23.64400  
H    34.90100   17.48700   23.00400  
H    35.77600   18.30900   24.27300  
H    36.75700   17.38600   23.14600  
O    34.61200   16.34500   25.75800  
C    22.67900   25.52500   27.57800  
H    23.49600   25.83500   28.23500  
H    22.83900   24.50700   27.21400  
H    22.38400   26.14800   26.73000  
S    21.25300   25.27500   28.65900  
C    21.40300   26.76600   29.66900  
H    22.42900   26.78200   30.04500  
H    21.30200   27.69900   29.10900  
H    20.74800   26.65900   30.53800  
O    21.65700   24.06800   29.44700  
C    27.30700   16.34400   23.02100  
H    28.30200   16.76700   23.18200  
H    26.48000   17.05600   22.95800  
H    27.13800   15.65100   23.84800  
S    27.37300   15.47000   21.44000  
C    28.36600   14.10200   22.07700  
H    29.15900   14.51600   22.70500  
H    27.63200   13.59300   22.70700  
H    28.78600   13.53600   21.24200  
O    28.36100   16.28700   20.66800  
C    20.50300   20.45000   28.11700  
H    21.01700   21.00900   28.90400  
H    20.06400   21.14300   27.39400  
H    19.70700   19.83900   28.55000  
S    21.76600   19.57800   27.16300  
C    23.01600   20.84700   27.46200  
H    23.85200   20.58300   26.80900  
H    22.65000   21.84200   27.19600  
H    23.41900   20.74800   28.47300  
O    21.38300   20.01800   25.78400  
C    20.71900   23.31100   25.42900  
H    19.89500   22.59300   25.46000  
H    21.65900   22.75400   25.44800  
H    20.64400   23.93100   26.32600  
S    20.46600   24.32400   23.95400  
C    18.87500   25.11300   24.29000  
H    18.84600   25.73500   25.18800  
H    18.54800   25.68900   23.42000  
H    18.28600   24.20600   24.45000  
O    20.00600   23.24000   23.03000  
C    33.15500   27.16100   24.77400  
H    33.26800   28.24600   24.71500  
H    32.17800   26.83300   24.40800  
H    33.12300   26.91600   25.83800  
S    34.60700   26.47200   23.94700  
C    34.13300   24.72800   23.96800  
H    34.93700   24.14500   23.51200  
H    33.82500   24.37400   24.95500  
H    33.27300   24.62900   23.30100  
O    35.68100   26.66500   24.97100  
C    24.06200   24.57900   31.34500  
H    24.66400   24.37600   30.45600  
H    23.16100   23.96000   31.34100  
H    23.60600   25.57300   31.36200  
S    25.11700   24.43800   32.80500  
C    23.87000   25.20700   33.86300  
H    22.93100   24.65300   33.78300  
H    24.34900   25.29400   34.84100  
H    23.83300   26.25100   33.54200  
O    26.17100   25.49800   32.72800  
C    24.04000   16.90700   26.01300  
H    23.44800   16.12400   26.49500  
H    25.08200   16.63700   25.82700  
H    23.97600   17.83800   26.58100  
S    23.22900   17.14400   24.41600  
C    21.71000   16.24000   24.79200  
H    21.24000   16.68200   25.67500  
H    21.04600   16.36100   23.93300  
H    21.93100   15.18000   24.93800  
O    23.98400   16.08900   23.66800  
C    26.66300   16.78300   17.82500  
H    26.92900   16.26300   18.74900  
H    25.58100   16.66500   17.72300  
H    27.24800   16.61800   16.91600  
S    26.91400   18.54600   18.12700  
C    25.69700   18.59400   19.46300  
H    25.48300   19.63400   19.72300  
H    24.82500   18.04900   19.09200  
H    26.11300   18.00200   20.28200  
O    26.28500   19.16500   16.91800  
C    31.54200   28.19100   29.26800  
H    31.92200   29.05100   29.82600  
H    30.68700   27.72100   29.76000  
H    32.29000   27.39500   29.22200  
S    31.12300   28.55300   27.54800  
C    29.46400   29.19800   27.85900  
H    29.03300   29.48300   26.89600  
H    28.82100   28.40200   28.24400  
H    29.55100   30.07000   28.51300  
O    30.79400   27.16600   27.09100  
$end

$rem
JOBTYPE  SP
METHOD  B3LYP
BASIS  6-31+G(D)
SYMMETRY  FALSE
SYM_IGNORE  TRUE
MEM_TOTAL  12000
MEM_STATIC  4000
BASIS_LIN_DEP_THRESH  6
THRESH  14
SCF_CONVERGENCE  8
FD_MAT_VEC_PROD  FALSE
XC_GRID  000075000302
NL_GRID  1
MAX_SCF_CYCLES  200
SCF_GUESS  READ
GEN_SCFMAN  FALSE
SKIP_SCFMAN  TRUE
ESP_GRID  0
ESP_EFIELD  1
$end
