$molecule
0 1
--
0 1
C    25.28500   20.88500   27.07400  
C    24.80800   22.32300   26.81200  
C    25.93900   23.11700   26.13900  
C    26.37800   22.44100   24.82900  
C    26.72200   20.96300   25.07300  
C    25.61700   20.14900   25.76500  
H    25.52700   24.11600   25.94900  
H    23.91000   22.20500   26.19400  
H    26.15200   20.95400   27.74300  
H    24.60500   20.38900   27.77700  
H    25.53700   22.56200   24.13500  
H    27.20600   22.93700   24.30800  
H    26.83700   20.53900   24.06800  
H    27.63200   20.76000   25.65200  
H    24.76500   20.01800   25.08600  
H    25.97400   19.16200   26.08600  
H    26.74600   23.25400   26.86900  
N    24.46100   22.97700   28.07200  
H    24.97400   22.69900   28.90000  
C    23.83800   24.19900   28.22100  
H    23.82300   24.60600   29.24800  
O    23.27400   24.72300   27.27800  
--
0 1
C    22.04800   27.86900   26.41300  
H    22.50400   27.25200   27.19100  
H    21.68600   27.22700   25.60600  
H    22.78600   28.52300   25.94200  
S    20.74700   28.83300   27.21700  
C    20.55100   29.92200   25.78800  
H    21.56800   30.09800   25.42700  
H    20.02800   29.37000   25.00300  
H    19.98100   30.83200   25.99100  
O    21.33500   29.84100   28.15400  
C    23.49200   29.21900   23.14800  
H    23.96100   28.75800   24.02100  
H    24.31100   29.50900   22.48500  
H    22.92300   30.11800   23.40000  
S    22.48500   27.96500   22.32500  
C    21.68400   29.11200   21.18100  
H    20.90400   28.54200   20.66900  
H    21.15500   29.97200   21.59700  
H    22.46300   29.48200   20.50900  
O    21.47100   27.61100   23.36700  
C    26.52600   16.23000   19.95000  
H    26.15100   16.07100   20.96400  
H    26.93100   15.27200   19.61300  
H    27.25800   17.03700   20.03600  
S    25.19700   16.78100   18.85600  
C    24.31000   17.77600   20.07600  
H    23.43100   18.14100   19.54000  
H    23.99800   17.03000   20.81200  
H    24.84900   18.50200   20.69000  
O    24.27500   15.66900   18.46500  
C    22.49700   27.21300   33.58900  
H    22.46100   28.20700   33.13400  
H    23.10900   26.49200   33.04100  
H    21.45400   26.88900   33.63200  
S    22.98300   27.35100   35.32400  
C    21.80100   28.62000   35.83100  
H    20.80600   28.19500   35.98700  
H    22.13300   29.00600   36.79800  
H    21.71800   29.47800   35.15900  
O    24.28100   28.09600   35.34500  
C    30.86600   18.42200   34.04700  
H    31.13200   17.50200   33.51900  
H    31.83100   18.88500   34.26500  
H    30.24200   18.30200   34.93700  
S    30.03300   19.50700   32.86600  
C    29.26700   20.67000   34.01600  
H    28.48200   21.18900   33.46000  
H    28.70900   20.25800   34.86200  
H    30.07100   21.32500   34.36000  
O    28.85900   18.69100   32.42300  
C    28.98700   21.66800   28.95400  
H    28.13600   21.68100   29.63900  
H    28.60600   21.47800   27.94700  
H    29.64100   20.84300   29.24900  
S    29.93800   23.20500   28.95500  
C    28.48000   24.05500   29.60200  
H    28.34700   23.60200   30.58800  
H    28.62400   25.13900   29.61800  
H    27.66300   23.75700   28.94100  
O    30.03900   23.69200   27.54300  
C    32.15000   19.08500   27.34200  
H    33.12400   19.57900   27.38500  
H    31.98100   18.93100   26.27300  
H    31.30800   19.62700   27.77900  
S    32.02000   17.51400   28.22500  
C    33.16600   16.63100   27.14200  
H    32.87800   16.73000   26.09200  
H    34.11200   17.09700   27.42900  
H    33.30800   15.58800   27.43700  
O    30.65100   16.94000   28.03000  
C    25.14200   19.52300   30.92700  
H    24.36800   19.81400   30.21300  
H    26.04200   19.09900   30.47300  
H    24.71900   18.90000   31.71900  
S    25.72200   20.98800   31.81100  
C    24.10600   21.52900   32.41100  
H    24.05000   22.60200   32.61000  
H    23.36300   21.39500   31.62100  
H    23.89400   21.04000   33.36600  
O    25.85500   22.01900   30.73400  
C    27.55400   26.47900   26.89800  
H    27.44000   26.71000   25.83600  
H    28.49700   26.94900   27.18800  
H    27.66100   25.39900   27.02600  
S    26.20500   27.10000   27.92800  
C    26.28400   28.75800   27.21200  
H    25.60700   29.42700   27.74900  
H    27.33600   29.05100   27.25100  
H    25.94900   28.65400   26.17700  
O    26.55700   27.10400   29.38300  
C    24.05400   20.87800   22.00000  
H    25.11800   20.98200   22.23100  
H    23.51400   21.39800   22.79600  
H    23.66900   19.85700   22.06000  
S    23.64800   21.56000   20.37700  
C    22.01900   20.79100   20.22900  
H    22.05800   19.71700   20.42900  
H    21.30900   21.24000   20.92800  
H    21.69400   20.98000   19.20300  
O    24.40600   20.60000   19.51300  
C    26.09000   27.36900   21.31200  
H    26.94000   28.05200   21.38000  
H    25.27300   27.76900   21.91700  
H    26.53500   26.43300   21.65900  
S    25.70300   27.05300   19.57500  
C    25.28600   28.76900   19.19300  
H    26.16300   29.36900   19.45000  
H    25.05300   28.83700   18.12700  
H    24.41200   29.09400   19.76300  
O    24.49700   26.16900   19.63800  
C    30.51700   25.40200   24.65900  
H    30.33600   26.34200   25.18700  
H    30.16400   24.60300   25.31600  
H    31.54500   25.25000   24.32100  
S    29.51900   25.30400   23.15600  
C    30.11900   26.95400   22.72800  
H    29.66000   27.71400   23.36500  
H    31.20900   27.01700   22.69300  
H    29.70800   27.19200   21.74300  
O    28.13200   25.49200   23.68600  
C    18.98800   19.96600   23.61900  
H    19.77300   20.36200   22.96900  
H    18.24000   20.75300   23.74500  
H    19.41600   19.78900   24.61000  
S    18.28500   18.47900   22.87100  
C    16.98200   18.37100   24.11800  
H    16.26500   19.18900   24.22200  
H    16.37500   17.52200   23.79200  
H    17.36200   18.11000   25.10900  
O    19.43400   17.55200   23.12400  
C    27.83700   15.13600   28.04900  
H    27.06800   15.00700   27.28200  
H    28.76800   15.44600   27.56800  
H    27.89100   14.36600   28.82200  
S    27.50100   16.66600   28.94900  
C    28.17300   16.14800   30.54400  
H    27.85400   15.15500   30.87100  
H    29.24700   16.29200   30.40200  
H    27.91200   16.83900   31.35000  
O    26.02700   16.86200   29.11600  
C    30.01100   21.39100   24.17100  
H    29.79400   20.33400   23.99900  
H    29.82000   21.57600   25.23100  
H    29.29200   21.98800   23.60400  
S    31.74000   21.71700   23.75800  
C    31.61500   21.04300   22.08600  
H    32.55600   21.39700   21.65800  
H    31.67000   19.95100   22.08700  
H    30.75800   21.44000   21.53700  
O    32.54800   20.71000   24.51500  
C    27.33600   22.63700   20.38600  
H    26.45300   22.30200   20.93600  
H    28.19300   22.49900   21.05100  
H    27.39600   23.66800   20.02800  
S    27.55700   21.51800   18.98500  
C    27.74100   19.97500   19.90700  
H    28.65500   19.88400   20.50000  
H    26.85200   19.77400   20.51000  
H    27.65200   19.19400   19.14800  
O    28.99700   21.65000   18.59900  
C    20.78300   25.01100   29.63300  
H    19.79900   24.66400   29.30600  
H    20.72500   26.04800   29.97200  
H    21.36700   24.89300   28.71600  
S    21.26300   23.80100   30.88600  
C    19.84500   24.19900   31.93400  
H    18.98500   24.02700   31.28300  
H    19.84000   23.63900   32.87300  
H    19.91400   25.25600   32.20300  
O    22.45400   24.31900   31.63000  
C    23.72900   13.33100   28.01400  
H    22.83200   13.04600   27.45700  
H    23.69700   12.87000   29.00500  
H    23.94300   14.40200   28.01600  
S    25.14200   12.54900   27.20300  
C    24.53400   12.99500   25.56000  
H    24.52700   14.08800   25.54300  
H    25.15700   12.66100   24.72600  
H    23.53600   12.57000   25.41900  
O    24.99400   11.09200   27.50900  
C    30.94000   17.45000   24.41300  
H    31.46700   18.22100   23.84500  
H    31.21000   17.44800   25.47200  
H    31.09500   16.44100   24.02400  
S    29.20600   17.90200   24.18500  
C    28.57500   16.22900   24.44800  
H    28.60000   16.04000   25.52500  
H    27.54500   16.33800   24.10000  
H    29.20900   15.58300   23.83600  
O    29.27900   18.00700   22.69400  
C    21.36100   20.39800   29.23900  
H    20.76600   21.28500   29.01000  
H    21.00100   19.88000   30.13200  
H    22.42800   20.63500   29.24500  
S    21.13100   19.25900   27.85500  
C    21.95800   17.91400   28.73300  
H    22.94800   18.18600   29.10900  
H    21.43500   17.69900   29.66800  
H    21.98700   16.98100   28.16400  
O    21.99900   19.92200   26.83200  
C    16.41100   25.95800   29.40900  
H    16.46700   24.90000   29.67900  
H    17.12700   26.48900   30.04100  
H    15.37000   26.27600   29.51100  
S    17.04300   26.22700   27.73800  
C    15.84000   25.37200   26.69500  
H    14.83900   25.72300   26.95900  
H    16.01300   25.53800   25.62900  
H    16.07000   24.33000   26.93000  
O    18.32300   25.45400   27.67500  
C    22.82900   24.61600   24.21600  
H    23.28700   24.85100   23.25200  
H    22.69000   25.53700   24.78800  
H    23.33100   23.79600   24.73700  
S    21.17800   23.97100   23.86600  
C    20.94400   23.18100   25.47400  
H    20.81300   24.03800   26.13900  
H    20.06600   22.53400   25.40200  
H    21.82200   22.54100   25.59600  
O    21.47400   22.73200   23.08000  
C    25.97400   25.81100   32.25700  
H    26.65000   26.02900   31.42600  
H    24.96500   25.69100   31.85500  
H    26.02500   26.55700   33.05400  
S    26.35100   24.26900   33.12000  
C    25.17400   24.51300   34.46900  
H    25.22100   23.60300   35.07300  
H    25.44400   25.44300   34.97700  
H    24.16900   24.62900   34.05500  
O    27.68800   24.52300   33.74400  
C    24.11200   16.88400   25.96800  
H    25.09700   16.49400   26.23600  
H    23.82300   17.76400   26.54800  
H    23.33500   16.13000   26.11400  
S    24.20300   17.34000   24.22200  
C    22.42400   17.61500   24.06100  
H    22.24000   17.86200   23.01300  
H    21.84600   16.74200   24.37500  
H    22.18100   18.43900   24.73700  
O    24.50600   16.02700   23.57100  
C    31.47100   26.91900   27.72800  
H    32.06400   26.78700   26.81900  
H    32.03500   26.42600   28.52400  
H    30.53000   26.38700   27.56800  
S    31.33900   28.69100   28.05200  
C    30.18400   28.48200   29.42600  
H    30.74900   27.98300   30.21700  
H    29.80900   29.46000   29.73700  
H    29.42100   27.75400   29.14000  
O    30.36300   29.03500   26.97000  
C    31.42000   26.28200   19.16900  
H    31.21000   27.08300   18.45500  
H    31.95100   26.80500   19.96800  
H    32.10100   25.51900   18.78400  
S    29.78900   25.58400   19.51300  
C    29.63700   24.57600   18.02100  
H    30.41900   23.87300   17.72400  
H    28.73800   23.99300   18.23700  
H    29.45300   25.30000   17.22300  
O    28.80100   26.68100   19.26900  
$end

$rem
JOBTYPE  SP
METHOD  B3LYP
BASIS  6-31+G(D)
SYMMETRY  FALSE
SYM_IGNORE  TRUE
MEM_TOTAL  12000
MEM_STATIC  4000
BASIS_LIN_DEP_THRESH  6
THRESH  14
SCF_CONVERGENCE  8
FD_MAT_VEC_PROD  FALSE
XC_GRID  000075000302
NL_GRID  1
MAX_SCF_CYCLES  200
ENV_METHOD  B3LYP
GEN_SCFMAN_EMBED  TRUE
SPADE_PARTITION  TRUE
EMBEDDING_EARLY_STOP  TRUE
$end

@@@

$molecule
0 1
@C    25.28500   20.88500   27.07400  
@C    24.80800   22.32300   26.81200  
@C    25.93900   23.11700   26.13900  
@C    26.37800   22.44100   24.82900  
@C    26.72200   20.96300   25.07300  
@C    25.61700   20.14900   25.76500  
@H    25.52700   24.11600   25.94900  
@H    23.91000   22.20500   26.19400  
@H    26.15200   20.95400   27.74300  
@H    24.60500   20.38900   27.77700  
@H    25.53700   22.56200   24.13500  
@H    27.20600   22.93700   24.30800  
@H    26.83700   20.53900   24.06800  
@H    27.63200   20.76000   25.65200  
@H    24.76500   20.01800   25.08600  
@H    25.97400   19.16200   26.08600  
@H    26.74600   23.25400   26.86900  
@N    24.46100   22.97700   28.07200  
@H    24.97400   22.69900   28.90000  
@C    23.83800   24.19900   28.22100  
@H    23.82300   24.60600   29.24800  
@O    23.27400   24.72300   27.27800  
C    22.04800   27.86900   26.41300  
H    22.50400   27.25200   27.19100  
H    21.68600   27.22700   25.60600  
H    22.78600   28.52300   25.94200  
S    20.74700   28.83300   27.21700  
C    20.55100   29.92200   25.78800  
H    21.56800   30.09800   25.42700  
H    20.02800   29.37000   25.00300  
H    19.98100   30.83200   25.99100  
O    21.33500   29.84100   28.15400  
C    23.49200   29.21900   23.14800  
H    23.96100   28.75800   24.02100  
H    24.31100   29.50900   22.48500  
H    22.92300   30.11800   23.40000  
S    22.48500   27.96500   22.32500  
C    21.68400   29.11200   21.18100  
H    20.90400   28.54200   20.66900  
H    21.15500   29.97200   21.59700  
H    22.46300   29.48200   20.50900  
O    21.47100   27.61100   23.36700  
C    26.52600   16.23000   19.95000  
H    26.15100   16.07100   20.96400  
H    26.93100   15.27200   19.61300  
H    27.25800   17.03700   20.03600  
S    25.19700   16.78100   18.85600  
C    24.31000   17.77600   20.07600  
H    23.43100   18.14100   19.54000  
H    23.99800   17.03000   20.81200  
H    24.84900   18.50200   20.69000  
O    24.27500   15.66900   18.46500  
C    22.49700   27.21300   33.58900  
H    22.46100   28.20700   33.13400  
H    23.10900   26.49200   33.04100  
H    21.45400   26.88900   33.63200  
S    22.98300   27.35100   35.32400  
C    21.80100   28.62000   35.83100  
H    20.80600   28.19500   35.98700  
H    22.13300   29.00600   36.79800  
H    21.71800   29.47800   35.15900  
O    24.28100   28.09600   35.34500  
C    30.86600   18.42200   34.04700  
H    31.13200   17.50200   33.51900  
H    31.83100   18.88500   34.26500  
H    30.24200   18.30200   34.93700  
S    30.03300   19.50700   32.86600  
C    29.26700   20.67000   34.01600  
H    28.48200   21.18900   33.46000  
H    28.70900   20.25800   34.86200  
H    30.07100   21.32500   34.36000  
O    28.85900   18.69100   32.42300  
C    28.98700   21.66800   28.95400  
H    28.13600   21.68100   29.63900  
H    28.60600   21.47800   27.94700  
H    29.64100   20.84300   29.24900  
S    29.93800   23.20500   28.95500  
C    28.48000   24.05500   29.60200  
H    28.34700   23.60200   30.58800  
H    28.62400   25.13900   29.61800  
H    27.66300   23.75700   28.94100  
O    30.03900   23.69200   27.54300  
C    32.15000   19.08500   27.34200  
H    33.12400   19.57900   27.38500  
H    31.98100   18.93100   26.27300  
H    31.30800   19.62700   27.77900  
S    32.02000   17.51400   28.22500  
C    33.16600   16.63100   27.14200  
H    32.87800   16.73000   26.09200  
H    34.11200   17.09700   27.42900  
H    33.30800   15.58800   27.43700  
O    30.65100   16.94000   28.03000  
C    25.14200   19.52300   30.92700  
H    24.36800   19.81400   30.21300  
H    26.04200   19.09900   30.47300  
H    24.71900   18.90000   31.71900  
S    25.72200   20.98800   31.81100  
C    24.10600   21.52900   32.41100  
H    24.05000   22.60200   32.61000  
H    23.36300   21.39500   31.62100  
H    23.89400   21.04000   33.36600  
O    25.85500   22.01900   30.73400  
C    27.55400   26.47900   26.89800  
H    27.44000   26.71000   25.83600  
H    28.49700   26.94900   27.18800  
H    27.66100   25.39900   27.02600  
S    26.20500   27.10000   27.92800  
C    26.28400   28.75800   27.21200  
H    25.60700   29.42700   27.74900  
H    27.33600   29.05100   27.25100  
H    25.94900   28.65400   26.17700  
O    26.55700   27.10400   29.38300  
C    24.05400   20.87800   22.00000  
H    25.11800   20.98200   22.23100  
H    23.51400   21.39800   22.79600  
H    23.66900   19.85700   22.06000  
S    23.64800   21.56000   20.37700  
C    22.01900   20.79100   20.22900  
H    22.05800   19.71700   20.42900  
H    21.30900   21.24000   20.92800  
H    21.69400   20.98000   19.20300  
O    24.40600   20.60000   19.51300  
C    26.09000   27.36900   21.31200  
H    26.94000   28.05200   21.38000  
H    25.27300   27.76900   21.91700  
H    26.53500   26.43300   21.65900  
S    25.70300   27.05300   19.57500  
C    25.28600   28.76900   19.19300  
H    26.16300   29.36900   19.45000  
H    25.05300   28.83700   18.12700  
H    24.41200   29.09400   19.76300  
O    24.49700   26.16900   19.63800  
C    30.51700   25.40200   24.65900  
H    30.33600   26.34200   25.18700  
H    30.16400   24.60300   25.31600  
H    31.54500   25.25000   24.32100  
S    29.51900   25.30400   23.15600  
C    30.11900   26.95400   22.72800  
H    29.66000   27.71400   23.36500  
H    31.20900   27.01700   22.69300  
H    29.70800   27.19200   21.74300  
O    28.13200   25.49200   23.68600  
C    18.98800   19.96600   23.61900  
H    19.77300   20.36200   22.96900  
H    18.24000   20.75300   23.74500  
H    19.41600   19.78900   24.61000  
S    18.28500   18.47900   22.87100  
C    16.98200   18.37100   24.11800  
H    16.26500   19.18900   24.22200  
H    16.37500   17.52200   23.79200  
H    17.36200   18.11000   25.10900  
O    19.43400   17.55200   23.12400  
C    27.83700   15.13600   28.04900  
H    27.06800   15.00700   27.28200  
H    28.76800   15.44600   27.56800  
H    27.89100   14.36600   28.82200  
S    27.50100   16.66600   28.94900  
C    28.17300   16.14800   30.54400  
H    27.85400   15.15500   30.87100  
H    29.24700   16.29200   30.40200  
H    27.91200   16.83900   31.35000  
O    26.02700   16.86200   29.11600  
C    30.01100   21.39100   24.17100  
H    29.79400   20.33400   23.99900  
H    29.82000   21.57600   25.23100  
H    29.29200   21.98800   23.60400  
S    31.74000   21.71700   23.75800  
C    31.61500   21.04300   22.08600  
H    32.55600   21.39700   21.65800  
H    31.67000   19.95100   22.08700  
H    30.75800   21.44000   21.53700  
O    32.54800   20.71000   24.51500  
C    27.33600   22.63700   20.38600  
H    26.45300   22.30200   20.93600  
H    28.19300   22.49900   21.05100  
H    27.39600   23.66800   20.02800  
S    27.55700   21.51800   18.98500  
C    27.74100   19.97500   19.90700  
H    28.65500   19.88400   20.50000  
H    26.85200   19.77400   20.51000  
H    27.65200   19.19400   19.14800  
O    28.99700   21.65000   18.59900  
C    20.78300   25.01100   29.63300  
H    19.79900   24.66400   29.30600  
H    20.72500   26.04800   29.97200  
H    21.36700   24.89300   28.71600  
S    21.26300   23.80100   30.88600  
C    19.84500   24.19900   31.93400  
H    18.98500   24.02700   31.28300  
H    19.84000   23.63900   32.87300  
H    19.91400   25.25600   32.20300  
O    22.45400   24.31900   31.63000  
C    23.72900   13.33100   28.01400  
H    22.83200   13.04600   27.45700  
H    23.69700   12.87000   29.00500  
H    23.94300   14.40200   28.01600  
S    25.14200   12.54900   27.20300  
C    24.53400   12.99500   25.56000  
H    24.52700   14.08800   25.54300  
H    25.15700   12.66100   24.72600  
H    23.53600   12.57000   25.41900  
O    24.99400   11.09200   27.50900  
C    30.94000   17.45000   24.41300  
H    31.46700   18.22100   23.84500  
H    31.21000   17.44800   25.47200  
H    31.09500   16.44100   24.02400  
S    29.20600   17.90200   24.18500  
C    28.57500   16.22900   24.44800  
H    28.60000   16.04000   25.52500  
H    27.54500   16.33800   24.10000  
H    29.20900   15.58300   23.83600  
O    29.27900   18.00700   22.69400  
C    21.36100   20.39800   29.23900  
H    20.76600   21.28500   29.01000  
H    21.00100   19.88000   30.13200  
H    22.42800   20.63500   29.24500  
S    21.13100   19.25900   27.85500  
C    21.95800   17.91400   28.73300  
H    22.94800   18.18600   29.10900  
H    21.43500   17.69900   29.66800  
H    21.98700   16.98100   28.16400  
O    21.99900   19.92200   26.83200  
C    16.41100   25.95800   29.40900  
H    16.46700   24.90000   29.67900  
H    17.12700   26.48900   30.04100  
H    15.37000   26.27600   29.51100  
S    17.04300   26.22700   27.73800  
C    15.84000   25.37200   26.69500  
H    14.83900   25.72300   26.95900  
H    16.01300   25.53800   25.62900  
H    16.07000   24.33000   26.93000  
O    18.32300   25.45400   27.67500  
C    22.82900   24.61600   24.21600  
H    23.28700   24.85100   23.25200  
H    22.69000   25.53700   24.78800  
H    23.33100   23.79600   24.73700  
S    21.17800   23.97100   23.86600  
C    20.94400   23.18100   25.47400  
H    20.81300   24.03800   26.13900  
H    20.06600   22.53400   25.40200  
H    21.82200   22.54100   25.59600  
O    21.47400   22.73200   23.08000  
C    25.97400   25.81100   32.25700  
H    26.65000   26.02900   31.42600  
H    24.96500   25.69100   31.85500  
H    26.02500   26.55700   33.05400  
S    26.35100   24.26900   33.12000  
C    25.17400   24.51300   34.46900  
H    25.22100   23.60300   35.07300  
H    25.44400   25.44300   34.97700  
H    24.16900   24.62900   34.05500  
O    27.68800   24.52300   33.74400  
C    24.11200   16.88400   25.96800  
H    25.09700   16.49400   26.23600  
H    23.82300   17.76400   26.54800  
H    23.33500   16.13000   26.11400  
S    24.20300   17.34000   24.22200  
C    22.42400   17.61500   24.06100  
H    22.24000   17.86200   23.01300  
H    21.84600   16.74200   24.37500  
H    22.18100   18.43900   24.73700  
O    24.50600   16.02700   23.57100  
C    31.47100   26.91900   27.72800  
H    32.06400   26.78700   26.81900  
H    32.03500   26.42600   28.52400  
H    30.53000   26.38700   27.56800  
S    31.33900   28.69100   28.05200  
C    30.18400   28.48200   29.42600  
H    30.74900   27.98300   30.21700  
H    29.80900   29.46000   29.73700  
H    29.42100   27.75400   29.14000  
O    30.36300   29.03500   26.97000  
C    31.42000   26.28200   19.16900  
H    31.21000   27.08300   18.45500  
H    31.95100   26.80500   19.96800  
H    32.10100   25.51900   18.78400  
S    29.78900   25.58400   19.51300  
C    29.63700   24.57600   18.02100  
H    30.41900   23.87300   17.72400  
H    28.73800   23.99300   18.23700  
H    29.45300   25.30000   17.22300  
O    28.80100   26.68100   19.26900  
$end

$rem
JOBTYPE  SP
METHOD  B3LYP
BASIS  6-31+G(D)
SYMMETRY  FALSE
SYM_IGNORE  TRUE
MEM_TOTAL  12000
MEM_STATIC  4000
BASIS_LIN_DEP_THRESH  6
THRESH  14
SCF_CONVERGENCE  8
FD_MAT_VEC_PROD  FALSE
XC_GRID  000075000302
NL_GRID  1
MAX_SCF_CYCLES  200
SCF_GUESS  READ
GEN_SCFMAN  FALSE
SKIP_SCFMAN  TRUE
ESP_GRID  0
ESP_EFIELD  1
$end
