$molecule
0 1
--
0 1
C    24.10700   21.53000   27.17400  
C    24.96700   22.04700   28.33900  
C    26.40200   22.41800   27.93100  
C    26.43500   23.28700   26.66300  
C    25.54500   22.77700   25.51700  
C    24.11400   22.57200   26.04200  
H    27.01400   22.91600   28.69300  
H    24.52300   23.01400   28.60300  
H    24.53500   20.61300   26.75100  
H    23.06900   21.32800   27.46500  
H    26.01200   24.26700   26.91400  
H    27.48600   23.31300   26.35100  
H    25.54400   23.57100   24.76000  
H    25.96500   21.87800   25.05000  
H    23.52400   23.47300   26.24700  
H    23.49300   22.17400   25.23100  
H    27.03700   21.54400   27.74400  
N    24.95500   21.14100   29.48700  
H    25.73200   20.50600   29.62400  
C    23.85500   20.92600   30.29000  
H    23.93700   20.10300   31.02300  
O    22.84100   21.58000   30.11900  
--
0 1
C    25.41200   25.97000   29.53200  
H    26.16000   26.39500   30.20700  
H    25.63100   24.90100   29.47400  
H    25.61700   26.50600   28.60200  
S    23.67800   26.24600   29.95900  
C    23.08500   25.58200   28.38700  
H    22.84300   24.51700   28.38400  
H    22.22100   26.24400   28.28900  
H    23.81400   25.86100   27.62200  
O    23.35900   27.70600   29.87100  
C    21.61400   18.98400   20.56300  
H    22.11500   19.10100   19.59800  
H    20.53300   18.83600   20.51100  
H    21.87800   19.81500   21.22200  
S    22.32500   17.45800   21.22200  
C    23.38900   17.16300   19.79200  
H    22.81100   17.12700   18.86500  
H    24.09100   18.00000   19.74200  
H    23.90300   16.21700   19.98100  
O    21.20000   16.47600   21.12400  
C    22.70400   25.38100   35.16100  
H    22.63400   26.29200   34.56000  
H    21.91300   24.70300   34.83200  
H    22.48300   25.67100   36.19100  
S    24.35800   24.67100   35.00100  
C    24.26500   23.47000   36.34800  
H    23.52800   22.68700   36.15000  
H    25.25700   23.04700   36.52100  
H    23.87700   24.06300   37.18000  
O    25.22600   25.73500   35.59700  
C    30.71700   25.48900   30.56800  
H    30.16000   24.93200   31.32500  
H    30.10900   25.27000   29.68600  
H    31.72400   25.07300   30.48100  
S    30.83600   27.25500   30.93500  
C    31.36700   26.92000   32.62900  
H    30.63100   26.42400   33.26700  
H    32.29300   26.34400   32.56300  
H    31.55400   27.87900   33.11800  
O    29.39900   27.65900   31.05300  
C    33.65700   21.11100   33.07500  
H    34.21800   20.17300   33.09800  
H    34.25000   22.01100   33.26100  
H    32.85000   20.94200   33.79200  
S    32.91100   21.17000   31.43000  
C    31.85200   22.55700   31.90000  
H    32.50600   23.43100   31.83500  
H    30.97900   22.51000   31.24500  
H    31.47700   22.46000   32.92200  
O    32.00800   19.97900   31.35000  
C    31.47700   23.80000   26.74200  
H    32.09200   23.37700   25.94400  
H    30.54800   24.23700   26.36700  
H    32.06400   24.56000   27.26500  
S    31.07200   22.51000   27.94100  
C    29.94500   21.65500   26.81700  
H    30.54400   21.19200   26.02900  
H    29.29500   20.84200   27.15200  
H    29.26600   22.37400   26.35100  
O    29.96900   23.07000   28.78300  
C    23.05100   18.68000   35.72600  
H    23.40600   19.27400   36.57200  
H    22.32700   17.89000   35.94000  
H    23.99200   18.19700   35.44900  
S    22.45800   19.76200   34.40700  
C    22.71100   18.58700   33.05700  
H    22.15900   18.99600   32.20700  
H    23.80000   18.60100   32.96000  
H    22.26100   17.61000   33.24600  
O    23.60700   20.67600   34.11700  
C    31.26100   18.13500   27.84200  
H    31.21800   18.17700   26.75100  
H    30.73800   17.19800   28.05200  
H    30.72800   18.91400   28.39400  
S    32.97500   17.85800   28.34000  
C    33.62100   19.48800   27.90500  
H    33.43600   20.25300   28.66400  
H    34.68400   19.39500   27.66700  
H    33.03300   19.83500   27.05100  
O    33.55600   17.00300   27.25700  
C    29.01600   17.95200   31.48100  
H    28.99700   16.85900   31.45800  
H    30.04200   18.32700   31.49300  
H    28.63400   18.30300   32.44300  
S    28.05400   18.69800   30.14600  
C    28.85600   20.31700   30.11900  
H    28.43600   20.93700   29.32300  
H    28.70100   20.76000   31.10600  
H    29.90900   20.23800   29.84000  
O    26.69100   19.06600   30.64300  
C    24.22200   22.54700   19.43700  
H    24.38000   23.57500   19.77600  
H    24.79600   22.37900   18.52200  
H    23.14800   22.35900   19.36100  
S    24.80000   21.71200   20.93200  
C    26.53000   22.00200   20.49700  
H    27.14300   21.48700   21.24100  
H    26.71100   21.46000   19.56600  
H    26.72200   23.06200   20.31000  
O    24.60100   20.24700   20.69500  
C    26.63800   19.97500   35.14400  
H    26.33300   20.00600   34.09500  
H    27.08800   19.01500   35.40700  
H    25.80000   20.07400   35.83900  
S    27.89500   21.24700   35.40600  
C    29.06200   20.26900   34.43200  
H    29.08800   19.25700   34.84400  
H    28.72700   20.29400   33.39200  
H    30.04600   20.67900   34.67400  
O    28.48900   20.90800   36.73800  
C    19.50000   22.77300   22.12800  
H    19.17700   23.68700   21.62200  
H    18.94400   22.56300   23.04500  
H    20.55900   22.88200   22.37500  
S    19.34300   21.33100   21.05100  
C    20.52200   21.91200   19.81200  
H    20.30500   22.76500   19.16400  
H    21.40800   22.18000   20.39400  
H    20.85900   21.07100   19.20100  
O    17.99900   21.43000   20.40000  
C    20.25300   28.96300   24.69800  
H    21.22000   29.47000   24.64900  
H    20.19300   28.22400   23.89500  
H    19.41800   29.65100   24.54300  
S    19.98900   28.16800   26.29900  
C    20.32000   29.61500   27.33000  
H    19.41700   30.23000   27.37600  
H    20.63300   29.21900   28.29900  
H    21.05000   30.20600   26.77000  
O    21.25300   27.37400   26.41700  
C    26.67700   29.32100   25.42900  
H    27.42500   28.82100   24.80900  
H    26.57000   30.39100   25.23300  
H    27.08100   29.22600   26.44000  
S    25.08200   28.47200   25.46100  
C    24.21200   29.28800   26.81900  
H    24.81300   29.21900   27.72900  
H    24.08100   30.36200   26.66600  
H    23.29100   28.70800   26.92300  
O    25.35500   27.10300   25.99900  
C    28.69000   26.49800   27.74100  
H    28.75000   26.89400   28.75900  
H    27.78400   26.76400   27.19000  
H    28.90100   25.42600   27.76500  
S    30.13500   27.08900   26.83200  
C    30.05300   28.81400   27.36300  
H    29.15100   29.33200   27.02800  
H    30.05000   28.89400   28.45300  
H    30.97900   29.18600   26.91800  
O    29.72500   27.14700   25.39300  
C    25.75800   16.35700   32.43800  
H    25.54800   17.23900   31.82700  
H    25.81500   16.69600   33.47500  
H    26.72000   15.91100   32.17200  
S    24.47300   15.10600   32.21700  
C    25.16300   14.37100   30.71800  
H    26.04200   13.82500   31.06900  
H    24.38700   13.77000   30.23600  
H    25.42600   15.17300   30.02300  
O    23.30000   15.88300   31.70500  
C    25.42500   28.17200   20.04700  
H    25.64300   29.00000   19.36800  
H    26.34500   27.63400   20.29300  
H    24.70300   27.48300   19.60000  
S    24.69600   28.85300   21.55400  
C    23.39600   29.77400   20.70100  
H    22.97600   30.61000   21.26600  
H    23.73000   30.19000   19.74700  
H    22.57900   29.10000   20.43000  
O    25.82200   29.79300   21.85400  
C    21.38500   19.57900   24.79400  
H    21.74900   19.84600   23.79900  
H    20.68600   20.26900   25.27400  
H    22.29900   19.62000   25.39200  
S    20.77600   17.87800   24.77000  
C    19.44800   18.09200   23.56400  
H    19.87000   17.99900   22.56000  
H    18.78200   17.22700   23.61700  
H    19.03900   19.09800   23.68700  
O    20.10600   17.80800   26.10700  
C    30.25500   19.83300   21.52700  
H    31.28200   20.16700   21.69300  
H    29.68400   20.62300   22.02100  
H    30.11700   18.84500   21.97300  
S    30.01900   19.87100   19.73600  
C    28.44500   18.98400   19.71000  
H    27.80600   19.37300   20.50700  
H    27.92300   19.10200   18.75700  
H    28.61100   17.93400   19.96400  
O    31.04900   18.90300   19.24400  
C    28.52600   23.33300   23.57700  
H    27.84200   22.95200   22.81400  
H    28.92800   22.50400   24.16600  
H    27.97800   24.06400   24.17700  
S    29.87100   24.19100   22.72700  
C    28.80800   25.52400   22.12800  
H    28.13300   25.07000   21.39700  
H    28.35900   26.07800   22.95600  
H    29.51000   26.21700   21.65800  
O    30.19000   23.34600   21.53300  
C    19.42900   23.19200   31.11600  
H    18.80100   23.02100   31.99400  
H    18.93000   23.86200   30.41200  
H    19.71800   22.29500   30.56200  
S    20.91500   24.00700   31.74300  
C    21.24400   22.76000   33.00900  
H    21.38100   21.78700   32.53000  
H    22.09500   23.08600   33.61300  
H    20.43500   22.60400   33.72700  
O    20.23100   24.95300   32.68100  
C    24.89400   19.21200   23.63000  
H    24.66500   20.23800   23.92800  
H    24.49600   19.01900   22.63000  
H    24.65200   18.48900   24.41300  
S    26.68100   19.34100   23.39900  
C    26.69000   17.64700   22.77000  
H    27.71100   17.52900   22.39700  
H    26.43000   16.88100   23.50400  
H    26.04900   17.53900   21.89100  
O    27.22900   19.38700   24.79100  
C    18.43800   19.80000   29.13000  
H    18.73300   19.37700   28.16600  
H    17.61200   19.24000   29.57600  
H    18.18100   20.85800   29.03200  
S    19.87000   19.56800   30.20700  
C    19.85900   17.77100   30.01800  
H    18.97900   17.45900   30.58600  
H    19.68300   17.50700   28.97200  
H    20.77700   17.27600   30.34400  
O    19.40400   19.73600   31.62000  
C    18.70700   24.60900   25.27900  
H    17.86500   23.92400   25.40300  
H    18.34400   25.63700   25.36400  
H    19.29400   24.35600   24.39200  
S    19.84200   24.44700   26.67600  
C    20.60400   22.83800   26.36800  
H    19.84100   22.13200   26.02900  
H    21.39700   22.96700   25.62700  
H    20.92200   22.42700   27.32900  
O    18.86400   24.20300   27.78300  
C    22.68000   26.03200   21.69500  
H    23.76600   25.92800   21.77600  
H    22.19800   25.77100   20.75000  
H    22.40900   27.04400   22.00400  
S    21.98300   25.06300   23.05200  
C    22.95200   25.72100   24.42800  
H    22.69600   26.78100   24.49200  
H    22.59000   25.28300   25.36200  
H    24.02800   25.56900   24.31000  
O    22.73900   23.78200   22.88900  
C    27.38900   25.40000   32.65400  
H    28.25500   26.04600   32.48700  
H    26.49300   25.86400   32.23500  
H    27.27300   25.36500   33.74100  
S    27.81600   23.74300   32.07300  
C    26.31100   23.02900   32.77400  
H    25.46700   23.65800   32.48000  
H    26.17600   21.95200   32.64600  
H    26.39100   23.29000   33.83200  
O    28.86600   23.32300   33.05300  
C    23.31900   17.49600   27.73400  
H    23.62400   18.52600   27.53200  
H    22.38200   17.20100   27.25300  
H    23.23000   17.46200   28.82300  
S    24.56900   16.39000   27.04100  
C    25.98200   17.48600   27.29800  
H    25.99700   18.36100   26.64400  
H    25.98100   17.85100   28.32900  
H    26.90800   16.91100   27.21900  
O    24.34800   16.44000   25.56100  
C    26.76500   23.93000   16.93300  
H    26.74100   22.97200   17.45900  
H    25.78000   24.28900   16.62500  
H    27.46700   23.79700   16.10500  
S    27.50100   25.16800   18.02400  
C    28.94900   24.22900   18.56000  
H    29.54400   24.57700   19.40800  
H    28.49200   23.28500   18.86900  
H    29.54000   24.13100   17.64600  
O    26.65900   25.27900   19.25700  
$end

$rem
JOBTYPE  SP
METHOD  B3LYP
BASIS  6-31+G(D)
SYMMETRY  FALSE
SYM_IGNORE  TRUE
MEM_TOTAL  16000
MEM_STATIC  8000
MAX_SUB_FILE_NUM  16000
BASIS_LIN_DEP_THRESH  6
THRESH  14
SCF_CONVERGENCE  8
GEN_SCFMAN  TRUE
SCF_GUESS  SAD
FD_MAT_VEC_PROD  FALSE
XC_GRID  000075000302
NL_GRID  1
MAX_SCF_CYCLES  200
ENV_METHOD  B3LYP
GEN_SCFMAN_EMBED  TRUE
SPADE_PARTITION  TRUE
$end

$development
embedding_early_stop  1
$end

@@@

$molecule
0 1
@C    24.10700   21.53000   27.17400  
@C    24.96700   22.04700   28.33900  
@C    26.40200   22.41800   27.93100  
@C    26.43500   23.28700   26.66300  
@C    25.54500   22.77700   25.51700  
@C    24.11400   22.57200   26.04200  
@H    27.01400   22.91600   28.69300  
@H    24.52300   23.01400   28.60300  
@H    24.53500   20.61300   26.75100  
@H    23.06900   21.32800   27.46500  
@H    26.01200   24.26700   26.91400  
@H    27.48600   23.31300   26.35100  
@H    25.54400   23.57100   24.76000  
@H    25.96500   21.87800   25.05000  
@H    23.52400   23.47300   26.24700  
@H    23.49300   22.17400   25.23100  
@H    27.03700   21.54400   27.74400  
@N    24.95500   21.14100   29.48700  
@H    25.73200   20.50600   29.62400  
@C    23.85500   20.92600   30.29000  
@H    23.93700   20.10300   31.02300  
@O    22.84100   21.58000   30.11900  
C    25.41200   25.97000   29.53200  
H    26.16000   26.39500   30.20700  
H    25.63100   24.90100   29.47400  
H    25.61700   26.50600   28.60200  
S    23.67800   26.24600   29.95900  
C    23.08500   25.58200   28.38700  
H    22.84300   24.51700   28.38400  
H    22.22100   26.24400   28.28900  
H    23.81400   25.86100   27.62200  
O    23.35900   27.70600   29.87100  
C    21.61400   18.98400   20.56300  
H    22.11500   19.10100   19.59800  
H    20.53300   18.83600   20.51100  
H    21.87800   19.81500   21.22200  
S    22.32500   17.45800   21.22200  
C    23.38900   17.16300   19.79200  
H    22.81100   17.12700   18.86500  
H    24.09100   18.00000   19.74200  
H    23.90300   16.21700   19.98100  
O    21.20000   16.47600   21.12400  
C    22.70400   25.38100   35.16100  
H    22.63400   26.29200   34.56000  
H    21.91300   24.70300   34.83200  
H    22.48300   25.67100   36.19100  
S    24.35800   24.67100   35.00100  
C    24.26500   23.47000   36.34800  
H    23.52800   22.68700   36.15000  
H    25.25700   23.04700   36.52100  
H    23.87700   24.06300   37.18000  
O    25.22600   25.73500   35.59700  
C    30.71700   25.48900   30.56800  
H    30.16000   24.93200   31.32500  
H    30.10900   25.27000   29.68600  
H    31.72400   25.07300   30.48100  
S    30.83600   27.25500   30.93500  
C    31.36700   26.92000   32.62900  
H    30.63100   26.42400   33.26700  
H    32.29300   26.34400   32.56300  
H    31.55400   27.87900   33.11800  
O    29.39900   27.65900   31.05300  
C    33.65700   21.11100   33.07500  
H    34.21800   20.17300   33.09800  
H    34.25000   22.01100   33.26100  
H    32.85000   20.94200   33.79200  
S    32.91100   21.17000   31.43000  
C    31.85200   22.55700   31.90000  
H    32.50600   23.43100   31.83500  
H    30.97900   22.51000   31.24500  
H    31.47700   22.46000   32.92200  
O    32.00800   19.97900   31.35000  
C    31.47700   23.80000   26.74200  
H    32.09200   23.37700   25.94400  
H    30.54800   24.23700   26.36700  
H    32.06400   24.56000   27.26500  
S    31.07200   22.51000   27.94100  
C    29.94500   21.65500   26.81700  
H    30.54400   21.19200   26.02900  
H    29.29500   20.84200   27.15200  
H    29.26600   22.37400   26.35100  
O    29.96900   23.07000   28.78300  
C    23.05100   18.68000   35.72600  
H    23.40600   19.27400   36.57200  
H    22.32700   17.89000   35.94000  
H    23.99200   18.19700   35.44900  
S    22.45800   19.76200   34.40700  
C    22.71100   18.58700   33.05700  
H    22.15900   18.99600   32.20700  
H    23.80000   18.60100   32.96000  
H    22.26100   17.61000   33.24600  
O    23.60700   20.67600   34.11700  
C    31.26100   18.13500   27.84200  
H    31.21800   18.17700   26.75100  
H    30.73800   17.19800   28.05200  
H    30.72800   18.91400   28.39400  
S    32.97500   17.85800   28.34000  
C    33.62100   19.48800   27.90500  
H    33.43600   20.25300   28.66400  
H    34.68400   19.39500   27.66700  
H    33.03300   19.83500   27.05100  
O    33.55600   17.00300   27.25700  
C    29.01600   17.95200   31.48100  
H    28.99700   16.85900   31.45800  
H    30.04200   18.32700   31.49300  
H    28.63400   18.30300   32.44300  
S    28.05400   18.69800   30.14600  
C    28.85600   20.31700   30.11900  
H    28.43600   20.93700   29.32300  
H    28.70100   20.76000   31.10600  
H    29.90900   20.23800   29.84000  
O    26.69100   19.06600   30.64300  
C    24.22200   22.54700   19.43700  
H    24.38000   23.57500   19.77600  
H    24.79600   22.37900   18.52200  
H    23.14800   22.35900   19.36100  
S    24.80000   21.71200   20.93200  
C    26.53000   22.00200   20.49700  
H    27.14300   21.48700   21.24100  
H    26.71100   21.46000   19.56600  
H    26.72200   23.06200   20.31000  
O    24.60100   20.24700   20.69500  
C    26.63800   19.97500   35.14400  
H    26.33300   20.00600   34.09500  
H    27.08800   19.01500   35.40700  
H    25.80000   20.07400   35.83900  
S    27.89500   21.24700   35.40600  
C    29.06200   20.26900   34.43200  
H    29.08800   19.25700   34.84400  
H    28.72700   20.29400   33.39200  
H    30.04600   20.67900   34.67400  
O    28.48900   20.90800   36.73800  
C    19.50000   22.77300   22.12800  
H    19.17700   23.68700   21.62200  
H    18.94400   22.56300   23.04500  
H    20.55900   22.88200   22.37500  
S    19.34300   21.33100   21.05100  
C    20.52200   21.91200   19.81200  
H    20.30500   22.76500   19.16400  
H    21.40800   22.18000   20.39400  
H    20.85900   21.07100   19.20100  
O    17.99900   21.43000   20.40000  
C    20.25300   28.96300   24.69800  
H    21.22000   29.47000   24.64900  
H    20.19300   28.22400   23.89500  
H    19.41800   29.65100   24.54300  
S    19.98900   28.16800   26.29900  
C    20.32000   29.61500   27.33000  
H    19.41700   30.23000   27.37600  
H    20.63300   29.21900   28.29900  
H    21.05000   30.20600   26.77000  
O    21.25300   27.37400   26.41700  
C    26.67700   29.32100   25.42900  
H    27.42500   28.82100   24.80900  
H    26.57000   30.39100   25.23300  
H    27.08100   29.22600   26.44000  
S    25.08200   28.47200   25.46100  
C    24.21200   29.28800   26.81900  
H    24.81300   29.21900   27.72900  
H    24.08100   30.36200   26.66600  
H    23.29100   28.70800   26.92300  
O    25.35500   27.10300   25.99900  
C    28.69000   26.49800   27.74100  
H    28.75000   26.89400   28.75900  
H    27.78400   26.76400   27.19000  
H    28.90100   25.42600   27.76500  
S    30.13500   27.08900   26.83200  
C    30.05300   28.81400   27.36300  
H    29.15100   29.33200   27.02800  
H    30.05000   28.89400   28.45300  
H    30.97900   29.18600   26.91800  
O    29.72500   27.14700   25.39300  
C    25.75800   16.35700   32.43800  
H    25.54800   17.23900   31.82700  
H    25.81500   16.69600   33.47500  
H    26.72000   15.91100   32.17200  
S    24.47300   15.10600   32.21700  
C    25.16300   14.37100   30.71800  
H    26.04200   13.82500   31.06900  
H    24.38700   13.77000   30.23600  
H    25.42600   15.17300   30.02300  
O    23.30000   15.88300   31.70500  
C    25.42500   28.17200   20.04700  
H    25.64300   29.00000   19.36800  
H    26.34500   27.63400   20.29300  
H    24.70300   27.48300   19.60000  
S    24.69600   28.85300   21.55400  
C    23.39600   29.77400   20.70100  
H    22.97600   30.61000   21.26600  
H    23.73000   30.19000   19.74700  
H    22.57900   29.10000   20.43000  
O    25.82200   29.79300   21.85400  
C    21.38500   19.57900   24.79400  
H    21.74900   19.84600   23.79900  
H    20.68600   20.26900   25.27400  
H    22.29900   19.62000   25.39200  
S    20.77600   17.87800   24.77000  
C    19.44800   18.09200   23.56400  
H    19.87000   17.99900   22.56000  
H    18.78200   17.22700   23.61700  
H    19.03900   19.09800   23.68700  
O    20.10600   17.80800   26.10700  
C    30.25500   19.83300   21.52700  
H    31.28200   20.16700   21.69300  
H    29.68400   20.62300   22.02100  
H    30.11700   18.84500   21.97300  
S    30.01900   19.87100   19.73600  
C    28.44500   18.98400   19.71000  
H    27.80600   19.37300   20.50700  
H    27.92300   19.10200   18.75700  
H    28.61100   17.93400   19.96400  
O    31.04900   18.90300   19.24400  
C    28.52600   23.33300   23.57700  
H    27.84200   22.95200   22.81400  
H    28.92800   22.50400   24.16600  
H    27.97800   24.06400   24.17700  
S    29.87100   24.19100   22.72700  
C    28.80800   25.52400   22.12800  
H    28.13300   25.07000   21.39700  
H    28.35900   26.07800   22.95600  
H    29.51000   26.21700   21.65800  
O    30.19000   23.34600   21.53300  
C    19.42900   23.19200   31.11600  
H    18.80100   23.02100   31.99400  
H    18.93000   23.86200   30.41200  
H    19.71800   22.29500   30.56200  
S    20.91500   24.00700   31.74300  
C    21.24400   22.76000   33.00900  
H    21.38100   21.78700   32.53000  
H    22.09500   23.08600   33.61300  
H    20.43500   22.60400   33.72700  
O    20.23100   24.95300   32.68100  
C    24.89400   19.21200   23.63000  
H    24.66500   20.23800   23.92800  
H    24.49600   19.01900   22.63000  
H    24.65200   18.48900   24.41300  
S    26.68100   19.34100   23.39900  
C    26.69000   17.64700   22.77000  
H    27.71100   17.52900   22.39700  
H    26.43000   16.88100   23.50400  
H    26.04900   17.53900   21.89100  
O    27.22900   19.38700   24.79100  
C    18.43800   19.80000   29.13000  
H    18.73300   19.37700   28.16600  
H    17.61200   19.24000   29.57600  
H    18.18100   20.85800   29.03200  
S    19.87000   19.56800   30.20700  
C    19.85900   17.77100   30.01800  
H    18.97900   17.45900   30.58600  
H    19.68300   17.50700   28.97200  
H    20.77700   17.27600   30.34400  
O    19.40400   19.73600   31.62000  
C    18.70700   24.60900   25.27900  
H    17.86500   23.92400   25.40300  
H    18.34400   25.63700   25.36400  
H    19.29400   24.35600   24.39200  
S    19.84200   24.44700   26.67600  
C    20.60400   22.83800   26.36800  
H    19.84100   22.13200   26.02900  
H    21.39700   22.96700   25.62700  
H    20.92200   22.42700   27.32900  
O    18.86400   24.20300   27.78300  
C    22.68000   26.03200   21.69500  
H    23.76600   25.92800   21.77600  
H    22.19800   25.77100   20.75000  
H    22.40900   27.04400   22.00400  
S    21.98300   25.06300   23.05200  
C    22.95200   25.72100   24.42800  
H    22.69600   26.78100   24.49200  
H    22.59000   25.28300   25.36200  
H    24.02800   25.56900   24.31000  
O    22.73900   23.78200   22.88900  
C    27.38900   25.40000   32.65400  
H    28.25500   26.04600   32.48700  
H    26.49300   25.86400   32.23500  
H    27.27300   25.36500   33.74100  
S    27.81600   23.74300   32.07300  
C    26.31100   23.02900   32.77400  
H    25.46700   23.65800   32.48000  
H    26.17600   21.95200   32.64600  
H    26.39100   23.29000   33.83200  
O    28.86600   23.32300   33.05300  
C    23.31900   17.49600   27.73400  
H    23.62400   18.52600   27.53200  
H    22.38200   17.20100   27.25300  
H    23.23000   17.46200   28.82300  
S    24.56900   16.39000   27.04100  
C    25.98200   17.48600   27.29800  
H    25.99700   18.36100   26.64400  
H    25.98100   17.85100   28.32900  
H    26.90800   16.91100   27.21900  
O    24.34800   16.44000   25.56100  
C    26.76500   23.93000   16.93300  
H    26.74100   22.97200   17.45900  
H    25.78000   24.28900   16.62500  
H    27.46700   23.79700   16.10500  
S    27.50100   25.16800   18.02400  
C    28.94900   24.22900   18.56000  
H    29.54400   24.57700   19.40800  
H    28.49200   23.28500   18.86900  
H    29.54000   24.13100   17.64600  
O    26.65900   25.27900   19.25700  
$end

$rem
JOBTYPE  SP
METHOD  B3LYP
BASIS  6-31+G(D)
SYMMETRY  FALSE
SYM_IGNORE  TRUE
MEM_TOTAL  16000
MEM_STATIC  8000
MAX_SUB_FILE_NUM  16000
BASIS_LIN_DEP_THRESH  6
THRESH  14
SCF_CONVERGENCE  8
GEN_SCFMAN  FALSE
SCF_GUESS  READ
FD_MAT_VEC_PROD  FALSE
XC_GRID  000075000302
NL_GRID  1
MAX_SCF_CYCLES  200
SKIP_SCFMAN  TRUE
ESP_GRID  0
ESP_EFIELD  1
$end
