$molecule
0 1
--
0 1
C    28.79300   22.82700   25.12900  
C    28.60200   23.86400   26.24700  
C    28.63700   25.31000   25.72600  
C    27.67400   25.51000   24.54400  
C    27.87800   24.53600   23.37200  
C    27.82100   23.12300   23.97400  
H    28.48500   25.99600   26.56800  
H    27.62400   23.69900   26.71700  
H    29.85600   22.87700   24.86400  
H    28.57000   21.84700   25.56900  
H    26.64400   25.41000   24.90600  
H    27.84500   26.55000   24.24000  
H    27.17500   24.70300   22.54700  
H    28.84700   24.82300   22.94600  
H    26.81600   22.91600   24.36200  
H    28.08600   22.49700   23.11300  
H    29.64000   25.54600   25.34900  
N    29.63800   23.72300   27.26800  
H    30.61100   23.70500   26.98800  
C    29.43600   24.00400   28.60300  
H    30.36100   23.84300   29.18600  
O    28.32300   24.22900   29.04400  
--
0 1
C    27.51200   30.64300   22.64400  
H    28.34700   30.59600   21.93900  
H    27.37700   31.65800   23.02600  
H    27.57400   29.81300   23.35300  
S    26.18500   30.13500   21.52800  
C    25.03500   29.82900   22.88700  
H    25.44600   29.04700   23.53100  
H    24.85100   30.71700   23.49800  
H    24.10800   29.51600   22.40100  
O    26.64400   28.76100   21.14900  
C    25.83700   26.80100   29.74500  
H    26.18000   25.84600   29.33800  
H    25.16500   27.27100   29.02300  
H    26.72500   27.43000   29.84900  
S    25.10200   26.46800   31.36200  
C    24.33900   24.88100   30.95600  
H    24.72400   24.32300   30.09900  
H    24.37600   24.28000   31.86900  
H    23.31600   25.21100   30.75800  
O    23.96700   27.44000   31.45100  
C    30.30100   27.20900   29.82600  
H    31.06700   26.55500   30.25100  
H    29.50500   26.48400   29.63900  
H    30.54900   27.56600   28.82300  
S    29.81300   28.51100   30.98000  
C    29.06600   27.43300   32.22300  
H    28.80800   26.62400   31.53500  
H    29.73000   27.05900   33.00700  
H    28.10400   27.82800   32.56000  
O    28.55700   28.98200   30.31600  
C    32.09300   24.12300   34.03300  
H    31.11000   24.26800   34.48600  
H    32.27400   23.04700   34.10300  
H    32.84700   24.80000   34.44300  
S    32.00300   24.55100   32.27900  
C    33.51700   23.65100   31.87700  
H    33.18500   22.61600   31.76100  
H    33.96800   23.96700   30.93300  
H    34.28200   23.65200   32.65800  
O    32.40600   25.99200   32.34400  
C    31.41600   19.37700   23.82600  
H    31.16900   19.27800   24.88700  
H    32.25600   18.72500   23.57500  
H    31.69600   20.39800   23.55400  
S    30.08400   18.89600   22.70300  
C    30.97600   19.39900   21.21400  
H    31.83800   18.74400   21.06800  
H    30.25500   19.32800   20.39500  
H    31.34900   20.42500   21.25700  
O    28.92500   19.82200   22.90000  
C    23.08100   20.60900   32.79500  
H    23.68300   19.70500   32.67400  
H    23.63800   21.29800   33.43500  
H    22.17800   20.34900   33.35300  
S    22.81300   21.45900   31.22300  
C    21.58400   22.64400   31.81400  
H    22.11000   23.32500   32.48700  
H    21.21500   23.09100   30.88700  
H    20.82700   22.00000   32.26900  
O    21.95200   20.52300   30.43500  
C    33.83700   17.08000   28.87200  
H    34.80700   16.59700   29.01200  
H    33.61100   17.49600   29.85700  
H    32.99400   16.42400   28.64200  
S    34.01000   18.30500   27.55500  
C    33.44800   17.33800   26.13500  
H    32.38400   17.21800   25.91700  
H    33.78600   17.79600   25.20200  
H    33.88400   16.33600   26.16500  
O    35.46500   18.36000   27.20700  
C    30.74400   19.16100   30.97800  
H    31.79100   18.91600   30.77900  
H    30.49800   19.38800   32.01900  
H    30.07900   18.40600   30.55200  
S    30.16800   20.63100   30.10100  
C    31.15300   20.19800   28.65000  
H    30.83500   19.20400   28.32400  
H    30.94000   20.97800   27.91500  
H    32.22300   20.18000   28.87100  
O    31.07000   21.67300   30.68500  
C    29.10200   22.22000   19.89800  
H    28.03900   22.07600   19.69200  
H    29.44500   21.47300   20.61800  
H    29.31500   23.19000   20.35400  
S    30.01600   22.05400   18.34700  
C    29.38300   20.43300   17.85800  
H    29.75500   19.59000   18.44600  
H    28.29700   20.52900   17.93900  
H    29.55100   20.35600   16.78100  
O    31.41100   21.82400   18.83700  
C    26.26700   23.17200   34.33200  
H    25.77000   22.62900   35.14000  
H    26.99800   23.88200   34.72800  
H    25.53500   23.74100   33.75300  
S    27.29600   22.14800   33.25600  
C    28.07900   23.42600   32.24600  
H    27.22300   23.91700   31.77700  
H    28.63500   24.08300   32.91900  
H    28.69400   22.96800   31.46700  
O    26.51300   21.54900   32.13000  
C    21.34700   19.13300   26.07500  
H    21.02000   18.09000   26.07700  
H    22.31700   19.32100   25.60700  
H    21.55800   19.55700   27.06000  
S    20.20700   20.21700   25.18700  
C    20.83000   19.72900   23.56300  
H    20.50800   18.71800   23.30000  
H    20.52400   20.47100   22.82100  
H    21.91200   19.88400   23.56500  
O    20.96700   21.48900   25.39700  
C    34.30000   28.04600   25.80700  
H    34.00100   27.88900   26.84700  
H    33.72500   28.89300   25.42400  
H    33.98400   27.17500   25.22800  
S    36.08800   28.29300   25.72200  
C    36.21300   27.83900   23.97700  
H    35.99600   28.71200   23.35600  
H    37.25300   27.55500   23.79500  
H    35.47600   27.06000   23.76700  
O    36.67100   27.05400   26.32600  
C    28.66600   28.86600   26.67900  
H    28.59700   29.95200   26.57300  
H    27.85000   28.33300   26.18400  
H    28.72900   28.62900   27.74400  
S    30.36400   28.51900   26.17000  
C    31.24900   29.91300   26.90400  
H    31.04800   30.71300   26.18600  
H    30.73700   30.29100   27.79300  
H    32.32100   29.73900   27.02400  
O    30.35700   28.85400   24.71100  
C    26.20800   18.49700   33.16900  
H    26.89100   18.06800   33.90600  
H    25.97800   19.55800   33.29500  
H    25.28400   17.91900   33.08300  
S    27.12300   18.46000   31.61200  
C    25.73000   18.42500   30.46100  
H    25.17500   17.48400   30.47000  
H    24.99600   19.19900   30.70100  
H    26.18100   18.57000   29.47600  
O    27.61200   17.05800   31.42300  
C    31.79800   25.39600   19.07500  
H    32.39200   25.69800   19.94200  
H    31.41000   24.37900   18.97900  
H    32.34100   25.61100   18.15000  
S    30.40900   26.55100   19.11700  
C    29.92400   26.26700   20.83400  
H    28.99600   26.81800   21.00400  
H    29.75600   25.19500   20.96400  
H    30.75400   26.54400   21.49000  
O    29.33800   25.76900   18.42300  
C    36.38000   21.58000   24.80900  
H    36.31000   21.93600   25.84000  
H    37.24100   20.90800   24.78500  
H    36.38300   22.38900   24.07400  
S    34.86300   20.64000   24.53000  
C    35.15700   20.21700   22.79800  
H    35.95400   19.47200   22.85800  
H    34.24700   19.80800   22.35300  
H    35.51500   21.11900   22.29400  
O    33.81600   21.71000   24.52400  
C    25.73600   31.64000   26.92900  
H    26.34700   32.35600   27.48300  
H    26.42300   30.85100   26.61400  
H    25.10600   32.06600   26.14400  
S    24.40200   31.11900   28.03200  
C    25.62800   30.23800   29.02500  
H    25.21900   29.41700   29.61800  
H    26.32500   29.77700   28.32000  
H    26.18500   30.87100   29.72100  
O    23.73800   30.12200   27.13400  
C    22.24400   22.91500   21.89200  
H    22.72400   22.45100   21.02700  
H    22.82900   23.78900   22.18700  
H    22.13000   22.21500   22.72500  
S    20.57500   23.45600   21.46000  
C    19.96000   24.12300   23.02200  
H    20.34100   23.46700   23.80900  
H    20.42300   25.10300   23.16300  
H    18.87200   24.20900   23.08100  
O    19.81100   22.19400   21.20400  
C    23.99900   26.88700   26.17800  
H    24.72100   27.37600   26.83700  
H    24.33800   27.20100   25.18700  
H    22.99000   27.26900   26.35300  
S    23.87100   25.08500   26.16100  
C    22.56800   24.89200   24.92400  
H    22.28600   23.85200   24.74400  
H    21.69900   25.46300   25.26100  
H    22.89200   25.34600   23.98400  
O    23.23000   24.77400   27.47800  
C    33.09900   29.36800   22.28200  
H    33.51900   28.71500   21.51200  
H    33.68700   29.47200   23.19800  
H    32.12300   29.01400   22.62100  
S    32.83000   31.04600   21.66800  
C    31.67700   31.55700   22.96200  
H    30.88100   30.80800   22.95000  
H    32.22700   31.65300   23.90200  
H    31.38600   32.58500   22.73200  
O    31.89100   30.68400   20.55900  
C    25.36100   19.78400   23.77000  
H    25.29200   18.85500   24.34100  
H    26.21600   20.43900   23.95300  
H    24.46600   20.38400   23.95200  
S    25.42400   19.30900   22.02800  
C    25.81900   20.92800   21.33200  
H    25.61700   20.83200   20.26200  
H    25.11400   21.64800   21.75500  
H    26.86400   21.16400   21.54800  
O    23.97100   19.22900   21.67600  
C    26.46400   21.51700   28.86200  
H    27.46500   21.08400   28.92800  
H    26.40400   22.59900   29.00600  
H    25.83400   21.01800   29.60300  
S    25.65000   21.05500   27.31600  
C    23.95000   21.33600   27.86000  
H    23.91200   22.40200   28.09500  
H    23.23900   21.14300   27.05200  
H    23.85800   20.73300   28.76700  
O    25.99000   19.59800   27.28000  
C    24.45200   26.10100   22.08200  
H    24.96400   27.05100   22.25300  
H    23.37700   26.24300   22.21500  
H    24.83100   25.31100   22.73600  
S    24.81200   25.67000   20.36500  
C    23.90200   27.09100   19.71900  
H    23.05400   27.38400   20.34500  
H    24.59500   27.92500   19.58400  
H    23.46100   26.73700   18.78400  
O    23.85800   24.53700   20.14400  
C    32.69800   23.48400   22.08100  
H    31.77500   23.87800   21.64700  
H    33.37300   23.26800   21.24900  
H    32.52300   22.59000   22.68600  
S    33.40900   24.88100   22.97900  
C    31.94100   25.08100   24.01200  
H    32.21300   25.70500   24.86800  
H    31.16000   25.49300   23.36900  
H    31.62900   24.06600   24.27100  
O    33.13100   26.06100   22.10000  
C    28.27500   18.15100   26.11000  
H    28.73400   18.46900   25.17100  
H    27.22700   17.95500   25.86900  
H    28.36800   19.01700   26.77000  
S    29.12700   16.69100   26.75000  
C    28.32800   16.92400   28.35400  
H    27.24700   17.03200   28.22800  
H    28.46600   16.10400   29.06300  
H    28.73500   17.84800   28.77200  
O    30.44800   17.33400   27.03800  
C    25.63500   22.24300   15.47300  
H    24.96500   21.38000   15.42600  
H    25.24500   23.04600   14.84200  
H    26.66500   22.01700   15.18500  
S    25.49300   22.68900   17.21800  
C    26.82200   23.91300   17.19500  
H    27.64900   23.29100   16.84100  
H    26.65500   24.76600   16.53300  
H    27.07300   24.24200   18.20600  
O    26.18000   21.58300   17.95800  
C    34.57900   24.36900   26.33300  
H    35.59800   24.02400   26.52400  
H    34.02800   23.77700   25.59800  
H    34.64600   25.42900   26.07500  
S    33.86700   24.43000   27.99300  
C    33.62600   22.63900   28.00100  
H    34.63800   22.25200   28.14700  
H    32.95100   22.35100   28.81100  
H    33.17600   22.40700   27.03300  
O    32.48000   24.96200   27.80700  
$end

$rem
JOBTYPE  SP
METHOD  B3LYP
BASIS  6-31+G(D)
SYMMETRY  FALSE
SYM_IGNORE  TRUE
MEM_TOTAL  16000
MEM_STATIC  8000
MAX_SUB_FILE_NUM  16000
BASIS_LIN_DEP_THRESH  6
THRESH  14
SCF_CONVERGENCE  8
GEN_SCFMAN  TRUE
SCF_GUESS  SAD
FD_MAT_VEC_PROD  FALSE
XC_GRID  000075000302
NL_GRID  1
MAX_SCF_CYCLES  200
ENV_METHOD  B3LYP
GEN_SCFMAN_EMBED  TRUE
SPADE_PARTITION  TRUE
$end

$development
embedding_early_stop  1
$end

@@@

$molecule
0 1
@C    28.79300   22.82700   25.12900  
@C    28.60200   23.86400   26.24700  
@C    28.63700   25.31000   25.72600  
@C    27.67400   25.51000   24.54400  
@C    27.87800   24.53600   23.37200  
@C    27.82100   23.12300   23.97400  
@H    28.48500   25.99600   26.56800  
@H    27.62400   23.69900   26.71700  
@H    29.85600   22.87700   24.86400  
@H    28.57000   21.84700   25.56900  
@H    26.64400   25.41000   24.90600  
@H    27.84500   26.55000   24.24000  
@H    27.17500   24.70300   22.54700  
@H    28.84700   24.82300   22.94600  
@H    26.81600   22.91600   24.36200  
@H    28.08600   22.49700   23.11300  
@H    29.64000   25.54600   25.34900  
@N    29.63800   23.72300   27.26800  
@H    30.61100   23.70500   26.98800  
@C    29.43600   24.00400   28.60300  
@H    30.36100   23.84300   29.18600  
@O    28.32300   24.22900   29.04400  
C    27.51200   30.64300   22.64400  
H    28.34700   30.59600   21.93900  
H    27.37700   31.65800   23.02600  
H    27.57400   29.81300   23.35300  
S    26.18500   30.13500   21.52800  
C    25.03500   29.82900   22.88700  
H    25.44600   29.04700   23.53100  
H    24.85100   30.71700   23.49800  
H    24.10800   29.51600   22.40100  
O    26.64400   28.76100   21.14900  
C    25.83700   26.80100   29.74500  
H    26.18000   25.84600   29.33800  
H    25.16500   27.27100   29.02300  
H    26.72500   27.43000   29.84900  
S    25.10200   26.46800   31.36200  
C    24.33900   24.88100   30.95600  
H    24.72400   24.32300   30.09900  
H    24.37600   24.28000   31.86900  
H    23.31600   25.21100   30.75800  
O    23.96700   27.44000   31.45100  
C    30.30100   27.20900   29.82600  
H    31.06700   26.55500   30.25100  
H    29.50500   26.48400   29.63900  
H    30.54900   27.56600   28.82300  
S    29.81300   28.51100   30.98000  
C    29.06600   27.43300   32.22300  
H    28.80800   26.62400   31.53500  
H    29.73000   27.05900   33.00700  
H    28.10400   27.82800   32.56000  
O    28.55700   28.98200   30.31600  
C    32.09300   24.12300   34.03300  
H    31.11000   24.26800   34.48600  
H    32.27400   23.04700   34.10300  
H    32.84700   24.80000   34.44300  
S    32.00300   24.55100   32.27900  
C    33.51700   23.65100   31.87700  
H    33.18500   22.61600   31.76100  
H    33.96800   23.96700   30.93300  
H    34.28200   23.65200   32.65800  
O    32.40600   25.99200   32.34400  
C    31.41600   19.37700   23.82600  
H    31.16900   19.27800   24.88700  
H    32.25600   18.72500   23.57500  
H    31.69600   20.39800   23.55400  
S    30.08400   18.89600   22.70300  
C    30.97600   19.39900   21.21400  
H    31.83800   18.74400   21.06800  
H    30.25500   19.32800   20.39500  
H    31.34900   20.42500   21.25700  
O    28.92500   19.82200   22.90000  
C    23.08100   20.60900   32.79500  
H    23.68300   19.70500   32.67400  
H    23.63800   21.29800   33.43500  
H    22.17800   20.34900   33.35300  
S    22.81300   21.45900   31.22300  
C    21.58400   22.64400   31.81400  
H    22.11000   23.32500   32.48700  
H    21.21500   23.09100   30.88700  
H    20.82700   22.00000   32.26900  
O    21.95200   20.52300   30.43500  
C    33.83700   17.08000   28.87200  
H    34.80700   16.59700   29.01200  
H    33.61100   17.49600   29.85700  
H    32.99400   16.42400   28.64200  
S    34.01000   18.30500   27.55500  
C    33.44800   17.33800   26.13500  
H    32.38400   17.21800   25.91700  
H    33.78600   17.79600   25.20200  
H    33.88400   16.33600   26.16500  
O    35.46500   18.36000   27.20700  
C    30.74400   19.16100   30.97800  
H    31.79100   18.91600   30.77900  
H    30.49800   19.38800   32.01900  
H    30.07900   18.40600   30.55200  
S    30.16800   20.63100   30.10100  
C    31.15300   20.19800   28.65000  
H    30.83500   19.20400   28.32400  
H    30.94000   20.97800   27.91500  
H    32.22300   20.18000   28.87100  
O    31.07000   21.67300   30.68500  
C    29.10200   22.22000   19.89800  
H    28.03900   22.07600   19.69200  
H    29.44500   21.47300   20.61800  
H    29.31500   23.19000   20.35400  
S    30.01600   22.05400   18.34700  
C    29.38300   20.43300   17.85800  
H    29.75500   19.59000   18.44600  
H    28.29700   20.52900   17.93900  
H    29.55100   20.35600   16.78100  
O    31.41100   21.82400   18.83700  
C    26.26700   23.17200   34.33200  
H    25.77000   22.62900   35.14000  
H    26.99800   23.88200   34.72800  
H    25.53500   23.74100   33.75300  
S    27.29600   22.14800   33.25600  
C    28.07900   23.42600   32.24600  
H    27.22300   23.91700   31.77700  
H    28.63500   24.08300   32.91900  
H    28.69400   22.96800   31.46700  
O    26.51300   21.54900   32.13000  
C    21.34700   19.13300   26.07500  
H    21.02000   18.09000   26.07700  
H    22.31700   19.32100   25.60700  
H    21.55800   19.55700   27.06000  
S    20.20700   20.21700   25.18700  
C    20.83000   19.72900   23.56300  
H    20.50800   18.71800   23.30000  
H    20.52400   20.47100   22.82100  
H    21.91200   19.88400   23.56500  
O    20.96700   21.48900   25.39700  
C    34.30000   28.04600   25.80700  
H    34.00100   27.88900   26.84700  
H    33.72500   28.89300   25.42400  
H    33.98400   27.17500   25.22800  
S    36.08800   28.29300   25.72200  
C    36.21300   27.83900   23.97700  
H    35.99600   28.71200   23.35600  
H    37.25300   27.55500   23.79500  
H    35.47600   27.06000   23.76700  
O    36.67100   27.05400   26.32600  
C    28.66600   28.86600   26.67900  
H    28.59700   29.95200   26.57300  
H    27.85000   28.33300   26.18400  
H    28.72900   28.62900   27.74400  
S    30.36400   28.51900   26.17000  
C    31.24900   29.91300   26.90400  
H    31.04800   30.71300   26.18600  
H    30.73700   30.29100   27.79300  
H    32.32100   29.73900   27.02400  
O    30.35700   28.85400   24.71100  
C    26.20800   18.49700   33.16900  
H    26.89100   18.06800   33.90600  
H    25.97800   19.55800   33.29500  
H    25.28400   17.91900   33.08300  
S    27.12300   18.46000   31.61200  
C    25.73000   18.42500   30.46100  
H    25.17500   17.48400   30.47000  
H    24.99600   19.19900   30.70100  
H    26.18100   18.57000   29.47600  
O    27.61200   17.05800   31.42300  
C    31.79800   25.39600   19.07500  
H    32.39200   25.69800   19.94200  
H    31.41000   24.37900   18.97900  
H    32.34100   25.61100   18.15000  
S    30.40900   26.55100   19.11700  
C    29.92400   26.26700   20.83400  
H    28.99600   26.81800   21.00400  
H    29.75600   25.19500   20.96400  
H    30.75400   26.54400   21.49000  
O    29.33800   25.76900   18.42300  
C    36.38000   21.58000   24.80900  
H    36.31000   21.93600   25.84000  
H    37.24100   20.90800   24.78500  
H    36.38300   22.38900   24.07400  
S    34.86300   20.64000   24.53000  
C    35.15700   20.21700   22.79800  
H    35.95400   19.47200   22.85800  
H    34.24700   19.80800   22.35300  
H    35.51500   21.11900   22.29400  
O    33.81600   21.71000   24.52400  
C    25.73600   31.64000   26.92900  
H    26.34700   32.35600   27.48300  
H    26.42300   30.85100   26.61400  
H    25.10600   32.06600   26.14400  
S    24.40200   31.11900   28.03200  
C    25.62800   30.23800   29.02500  
H    25.21900   29.41700   29.61800  
H    26.32500   29.77700   28.32000  
H    26.18500   30.87100   29.72100  
O    23.73800   30.12200   27.13400  
C    22.24400   22.91500   21.89200  
H    22.72400   22.45100   21.02700  
H    22.82900   23.78900   22.18700  
H    22.13000   22.21500   22.72500  
S    20.57500   23.45600   21.46000  
C    19.96000   24.12300   23.02200  
H    20.34100   23.46700   23.80900  
H    20.42300   25.10300   23.16300  
H    18.87200   24.20900   23.08100  
O    19.81100   22.19400   21.20400  
C    23.99900   26.88700   26.17800  
H    24.72100   27.37600   26.83700  
H    24.33800   27.20100   25.18700  
H    22.99000   27.26900   26.35300  
S    23.87100   25.08500   26.16100  
C    22.56800   24.89200   24.92400  
H    22.28600   23.85200   24.74400  
H    21.69900   25.46300   25.26100  
H    22.89200   25.34600   23.98400  
O    23.23000   24.77400   27.47800  
C    33.09900   29.36800   22.28200  
H    33.51900   28.71500   21.51200  
H    33.68700   29.47200   23.19800  
H    32.12300   29.01400   22.62100  
S    32.83000   31.04600   21.66800  
C    31.67700   31.55700   22.96200  
H    30.88100   30.80800   22.95000  
H    32.22700   31.65300   23.90200  
H    31.38600   32.58500   22.73200  
O    31.89100   30.68400   20.55900  
C    25.36100   19.78400   23.77000  
H    25.29200   18.85500   24.34100  
H    26.21600   20.43900   23.95300  
H    24.46600   20.38400   23.95200  
S    25.42400   19.30900   22.02800  
C    25.81900   20.92800   21.33200  
H    25.61700   20.83200   20.26200  
H    25.11400   21.64800   21.75500  
H    26.86400   21.16400   21.54800  
O    23.97100   19.22900   21.67600  
C    26.46400   21.51700   28.86200  
H    27.46500   21.08400   28.92800  
H    26.40400   22.59900   29.00600  
H    25.83400   21.01800   29.60300  
S    25.65000   21.05500   27.31600  
C    23.95000   21.33600   27.86000  
H    23.91200   22.40200   28.09500  
H    23.23900   21.14300   27.05200  
H    23.85800   20.73300   28.76700  
O    25.99000   19.59800   27.28000  
C    24.45200   26.10100   22.08200  
H    24.96400   27.05100   22.25300  
H    23.37700   26.24300   22.21500  
H    24.83100   25.31100   22.73600  
S    24.81200   25.67000   20.36500  
C    23.90200   27.09100   19.71900  
H    23.05400   27.38400   20.34500  
H    24.59500   27.92500   19.58400  
H    23.46100   26.73700   18.78400  
O    23.85800   24.53700   20.14400  
C    32.69800   23.48400   22.08100  
H    31.77500   23.87800   21.64700  
H    33.37300   23.26800   21.24900  
H    32.52300   22.59000   22.68600  
S    33.40900   24.88100   22.97900  
C    31.94100   25.08100   24.01200  
H    32.21300   25.70500   24.86800  
H    31.16000   25.49300   23.36900  
H    31.62900   24.06600   24.27100  
O    33.13100   26.06100   22.10000  
C    28.27500   18.15100   26.11000  
H    28.73400   18.46900   25.17100  
H    27.22700   17.95500   25.86900  
H    28.36800   19.01700   26.77000  
S    29.12700   16.69100   26.75000  
C    28.32800   16.92400   28.35400  
H    27.24700   17.03200   28.22800  
H    28.46600   16.10400   29.06300  
H    28.73500   17.84800   28.77200  
O    30.44800   17.33400   27.03800  
C    25.63500   22.24300   15.47300  
H    24.96500   21.38000   15.42600  
H    25.24500   23.04600   14.84200  
H    26.66500   22.01700   15.18500  
S    25.49300   22.68900   17.21800  
C    26.82200   23.91300   17.19500  
H    27.64900   23.29100   16.84100  
H    26.65500   24.76600   16.53300  
H    27.07300   24.24200   18.20600  
O    26.18000   21.58300   17.95800  
C    34.57900   24.36900   26.33300  
H    35.59800   24.02400   26.52400  
H    34.02800   23.77700   25.59800  
H    34.64600   25.42900   26.07500  
S    33.86700   24.43000   27.99300  
C    33.62600   22.63900   28.00100  
H    34.63800   22.25200   28.14700  
H    32.95100   22.35100   28.81100  
H    33.17600   22.40700   27.03300  
O    32.48000   24.96200   27.80700  
$end

$rem
JOBTYPE  SP
METHOD  B3LYP
BASIS  6-31+G(D)
SYMMETRY  FALSE
SYM_IGNORE  TRUE
MEM_TOTAL  16000
MEM_STATIC  8000
MAX_SUB_FILE_NUM  16000
BASIS_LIN_DEP_THRESH  6
THRESH  14
SCF_CONVERGENCE  8
GEN_SCFMAN  FALSE
SCF_GUESS  READ
FD_MAT_VEC_PROD  FALSE
XC_GRID  000075000302
NL_GRID  1
MAX_SCF_CYCLES  200
SKIP_SCFMAN  TRUE
ESP_GRID  0
ESP_EFIELD  1
$end
