$molecule
0 1
--
0 1
C    23.55300   15.93400   28.60800  
C    22.55300   15.51900   29.70000  
C    22.75100   16.34000   30.98500  
C    22.79700   17.85900   30.75000  
C    23.61600   18.31100   29.53000  
C    23.48600   17.43400   28.27400  
H    22.03100   16.03900   31.75600  
H    21.56900   15.69300   29.24700  
H    24.57600   15.72500   28.94400  
H    23.33900   15.34900   27.70500  
H    21.81200   18.23400   30.44900  
H    23.04300   18.34800   31.70100  
H    23.28400   19.31800   29.25000  
H    24.65000   18.40300   29.88600  
H    22.44100   17.53700   27.95800  
H    24.15100   17.68800   27.43900  
H    23.70300   16.05600   31.45000  
N    22.67000   14.08800   29.97500  
H    23.59000   13.73400   30.21000  
C    21.77500   13.11700   29.58000  
H    22.26000   12.12700   29.50500  
O    20.65400   13.34100   29.16000  
--
0 1
C    24.67400   19.22500   23.88100  
H    24.95900   18.95700   22.86100  
H    25.53600   19.57500   24.45500  
H    24.38200   18.29300   24.37200  
S    23.27700   20.36100   24.03200  
C    22.41600   19.65000   25.45300  
H    21.69600   20.42000   25.74200  
H    22.10700   18.63600   25.18600  
H    23.21700   19.59900   26.19500  
O    22.38400   19.96100   22.90000  
C    16.88000   18.30200   32.59700  
H    16.60500   19.12500   31.93200  
H    16.82800   17.37600   32.01900  
H    16.17000   18.31700   33.42800  
S    18.49100   18.57400   33.36700  
C    18.14900   20.09400   34.28200  
H    17.85000   20.84700   33.54900  
H    17.33500   19.91600   34.99000  
H    18.95800   20.31900   34.98300  
O    19.33500   19.11000   32.25300  
C    22.56900   16.97600   21.09800  
H    21.71200   17.36900   21.65200  
H    23.42000   17.66100   21.13800  
H    22.22700   16.91900   20.06200  
S    23.02500   15.42500   21.90600  
C    24.42200   14.92600   20.87400  
H    25.08900   14.21900   21.37300  
H    23.96500   14.61800   19.92900  
H    24.99900   15.84300   20.72700  
O    21.94600   14.41100   21.68400  
C    24.81800   25.38200   31.65100  
H    23.84600   25.40700   32.15100  
H    25.54200   26.15700   31.91500  
H    24.63700   25.39400   30.57400  
S    25.63700   23.83000   32.08500  
C    27.01700   24.05700   30.94100  
H    27.74100   23.24900   31.07000  
H    26.62200   24.01400   29.92300  
H    27.50700   25.02900   31.04000  
O    24.75500   22.96200   31.24200  
C    29.96100   13.88200   25.03700  
H    29.23800   13.98500   24.22400  
H    30.87600   13.73200   24.45900  
H    29.76600   12.94300   25.56300  
S    29.89400   15.31800   26.13200  
C    30.84900   14.38300   27.34800  
H    31.62500   13.75900   26.89800  
H    31.24800   14.98600   28.16800  
H    30.16000   13.62400   27.72600  
O    28.50500   15.37300   26.68700  
C    26.16100   19.90900   32.01800  
H    25.88100   19.68000   33.04900  
H    25.56200   20.80600   31.84100  
H    26.09600   19.08600   31.30100  
S    27.87500   20.48000   31.96300  
C    28.52900   19.10400   32.93500  
H    27.77300   18.85400   33.68300  
H    28.73200   18.26800   32.26100  
H    29.39300   19.47000   33.49600  
O    27.88600   21.62900   32.92200  
C    24.43700   21.38100   34.59700  
H    24.53800   21.92900   33.65700  
H    23.94200   22.05200   35.30500  
H    25.40300   21.06700   35.00100  
S    23.12000   20.14400   34.56400  
C    22.13000   21.27300   33.55800  
H    22.49700   21.18200   32.53300  
H    21.10300   20.91300   33.66700  
H    22.11300   22.33100   33.83100  
O    22.37700   20.21000   35.86200  
C    24.21500   10.35600   31.59100  
H    23.71800   10.33400   30.61800  
H    25.28500   10.25600   31.39300  
H    23.95500   9.43400    32.11600  
S    23.92000   11.83300   32.59000  
C    24.31600   11.17500   34.22500  
H    23.93300   11.93800   34.90700  
H    23.77500   10.22700   34.28800  
H    25.39600   11.04400   34.33200  
O    22.44100   12.06800   32.58900  
C    21.38100   14.53100   25.33400  
H    22.41200   14.57500   24.97300  
H    20.59500   14.80600   24.62700  
H    21.14700   15.22800   26.14200  
S    21.09900   12.77300   25.64300  
C    21.23800   12.15000   23.95300  
H    20.76100   11.16700   23.96500  
H    20.63700   12.90100   23.43400  
H    22.26900   12.07500   23.59600  
O    19.62000   12.59000   25.77800  
C    30.67700   20.16000   27.50500  
H    30.30000   20.95900   28.14800  
H    31.74700   19.93400   27.50800  
H    30.32600   20.32500   26.48300  
S    29.90700   18.65200   28.13600  
C    28.21400   19.20200   27.82600  
H    27.53600   18.50200   28.32200  
H    28.18000   20.19000   28.29200  
H    28.05700   19.25800   26.74600  
O    30.15200   18.74400   29.61000  
C    18.97100   15.60800   30.68800  
H    18.78600   16.01100   31.68700  
H    19.97300   15.18100   30.59800  
H    18.87500   16.39800   29.93900  
S    17.67100   14.41500   30.29500  
C    17.82700   14.48800   28.49600  
H    17.28900   13.67600   28.00100  
H    17.45300   15.47100   28.20000  
H    18.86900   14.47100   28.16600  
O    16.47800   15.25800   30.62200  
C    21.46200   17.05000   34.84800  
H    21.10600   17.98900   35.27900  
H    22.53300   16.90800   35.01500  
H    21.31800   17.12100   33.76600  
S    20.64500   15.60000   35.55100  
C    21.62300   14.25400   34.84700  
H    21.37600   14.10600   33.79200  
H    22.67000   14.49900   35.03900  
H    21.39500   13.35700   35.42800  
O    19.38500   15.46600   34.75300  
C    27.97500   11.08100   32.69200  
H    27.69800   10.29500   33.39900  
H    27.85100   12.05800   33.16700  
H    27.22100   10.99600   31.90500  
S    29.57600   10.92000   31.87100  
C    30.62100   11.37400   33.27400  
H    30.38100   10.74200   34.13300  
H    31.64500   11.37100   32.89400  
H    30.28200   12.39300   33.47600  
O    29.67300   11.97300   30.81100  
C    23.09200   6.23300    32.17700  
H    22.69400   5.76400    33.08100  
H    22.59300   7.18500    31.97800  
H    23.20500   5.65600    31.25600  
S    24.72900   6.90300    32.54800  
C    25.70500   5.42000    32.88200  
H    25.80800   4.90100    31.92500  
H    26.72200   5.70700    33.16300  
H    25.36600   4.83000    33.73700  
O    24.38600   7.46300    33.89400  
C    17.50900   18.34200   25.84000  
H    17.15500   17.82600   24.94500  
H    17.37700   17.76800   26.76100  
H    16.98200   19.29400   25.93700  
S    19.23200   18.67500   25.41100  
C    18.93200   19.25500   23.72600  
H    18.11900   19.97000   23.87600  
H    19.79800   19.81500   23.36400  
H    18.73000   18.39600   23.08100  
O    19.90400   17.35800   25.17800  
C    19.29200   21.60400   28.78500  
H    18.67300   21.25400   27.95500  
H    18.77700   21.43800   29.73400  
H    19.34500   22.69500   28.76000  
S    20.97200   21.01500   28.47300  
C    21.63500   21.40000   30.10900  
H    21.17700   20.69800   30.81100  
H    22.72300   21.29000   30.10300  
H    21.28600   22.41200   30.32900  
O    21.51100   22.06500   27.55200  
C    26.87000   15.51800   35.89400  
H    26.73600   14.46200   36.14000  
H    27.74600   15.70500   35.26900  
H    26.91700   16.03000   36.85900  
S    25.49700   15.97200   34.81000  
C    25.71500   14.70100   33.54400  
H    26.60400   14.89400   32.93800  
H    25.85800   13.71500   33.99400  
H    24.81000   14.62100   32.93700  
O    25.98700   17.26900   34.24600  
C    17.05500   13.22500   35.69700  
H    16.03300   13.17800   36.08000  
H    17.52400   12.27900   35.98100  
H    17.47900   14.07200   36.24300  
S    16.99700   13.50200   33.91300  
C    15.89800   14.93600   33.90300  
H    15.11000   14.78100   34.64500  
H    16.48200   15.84900   34.04700  
H    15.51300   15.01600   32.88400  
O    16.13900   12.39000   33.39400  
C    28.74100   17.80600   21.93700  
H    28.32400   18.36700   21.09800  
H    29.80400   17.96900   22.13600  
H    28.47700   16.74600   21.93500  
S    27.88900   18.49400   23.37400  
C    27.78000   20.20700   22.80700  
H    26.86400   20.51100   22.29400  
H    27.84100   20.77100   23.74100  
H    28.72600   20.39200   22.29200  
O    29.05000   18.63400   24.30900  
C    25.04100   13.34700   24.43200  
H    24.23000   13.66300   23.77100  
H    25.60400   12.49600   24.04100  
H    24.64700   13.11800   25.42600  
S    26.24000   14.68600   24.62400  
C    25.23400   15.62500   25.79600  
H    24.28300   15.63800   25.25600  
H    25.31100   15.09300   26.74700  
H    25.65400   16.61100   26.00800  
O    26.00600   15.51000   23.39600  
C    16.37000   10.59400   25.54600  
H    16.27400   10.50500   24.46000  
H    15.32600   10.49500   25.85500  
H    16.83900   11.55700   25.76400  
S    17.17300   9.16100    26.29800  
C    18.29800   9.00100    24.89300  
H    18.96700   9.86400    24.85400  
H    18.77800   8.06400    25.18700  
H    17.76600   8.91500    23.94300  
O    16.24200   8.06000    25.89300  
C    20.81200   9.20900    31.26100  
H    21.13800   8.39100    30.61300  
H    21.59700   9.75800    31.78800  
H    20.08700   8.84800    31.99400  
S    19.72200   10.24900   30.26300  
C    19.06500   11.19900   31.65300  
H    19.67300   12.04100   31.99400  
H    18.10000   11.62400   31.36600  
H    18.96900   10.46300   32.45500  
O    18.74000   9.18000    29.89800  
C    16.05500   11.00000   29.74400  
H    15.58300   10.76600   28.78600  
H    15.86500   12.04700   29.99500  
H    17.12900   10.84100   29.61400  
S    15.34900   9.81600    30.91200  
C    15.40200   8.51800    29.65600  
H    15.19300   7.65400    30.29200  
H    14.59700   8.67000    28.93300  
H    16.32300   8.44900    29.07000  
O    13.88200   10.10400   30.83100  
C    24.71100   23.77200   27.56400  
H    24.12700   23.76900   28.48800  
H    25.71100   24.08100   27.87800  
H    24.23500   24.56900   26.98600  
S    24.71000   22.17400   26.72200  
C    25.35000   21.35700   28.20100  
H    25.67200   20.36800   27.86500  
H    26.20900   21.96500   28.49600  
H    24.61300   21.36200   29.00800  
O    25.94700   22.10100   25.88200  
C    26.51600   6.64000    29.14200  
H    26.19500   6.68600    28.09900  
H    27.32600   5.90600    29.13700  
H    25.67800   6.34600    29.77900  
S    27.09700   8.29300    29.58300  
C    28.50800   8.26100    28.45500  
H    29.31300   7.79700    29.03100  
H    28.25300   7.64600    27.58800  
H    28.77700   9.27500    28.14900  
O    27.75500   8.12400    30.91700  
C    27.45400   11.76600   28.75300  
H    28.45800   12.02900   28.41000  
H    27.38300   11.28600   29.73300  
H    26.90000   11.11900   28.06800  
S    26.40900   13.23900   28.72100  
C    27.53500   14.34400   29.60200  
H    28.29300   14.67100   28.88600  
H    26.98800   15.20100   30.00500  
H    28.01100   13.68600   30.33400  
O    25.34000   12.84800   29.69300  
C    22.34900   8.86500    26.08600  
H    23.24300   8.72300    25.47300  
H    21.91500   7.86700    26.18700  
H    21.64000   9.59900    25.69400  
S    22.92500   9.18900    27.76800  
C    24.17900   10.45600   27.47100  
H    24.98300   10.06300   26.84200  
H    23.63600   11.23800   26.93500  
H    24.62400   10.80000   28.40800  
O    23.77600   8.03300    28.19200  
$end

$rem
JOBTYPE  SP
METHOD  B3LYP
BASIS  6-31+G(D)
SYMMETRY  FALSE
SYM_IGNORE  TRUE
MEM_TOTAL  12000
MEM_STATIC  4000
BASIS_LIN_DEP_THRESH  6
THRESH  14
SCF_CONVERGENCE  8
FD_MAT_VEC_PROD  FALSE
XC_GRID  000075000302
NL_GRID  1
MAX_SCF_CYCLES  200
ENV_METHOD  B3LYP
GEN_SCFMAN_EMBED  TRUE
SPADE_PARTITION  TRUE
EMBEDDING_EARLY_STOP  TRUE
$end

@@@

$molecule
0 1
@C    23.55300   15.93400   28.60800  
@C    22.55300   15.51900   29.70000  
@C    22.75100   16.34000   30.98500  
@C    22.79700   17.85900   30.75000  
@C    23.61600   18.31100   29.53000  
@C    23.48600   17.43400   28.27400  
@H    22.03100   16.03900   31.75600  
@H    21.56900   15.69300   29.24700  
@H    24.57600   15.72500   28.94400  
@H    23.33900   15.34900   27.70500  
@H    21.81200   18.23400   30.44900  
@H    23.04300   18.34800   31.70100  
@H    23.28400   19.31800   29.25000  
@H    24.65000   18.40300   29.88600  
@H    22.44100   17.53700   27.95800  
@H    24.15100   17.68800   27.43900  
@H    23.70300   16.05600   31.45000  
@N    22.67000   14.08800   29.97500  
@H    23.59000   13.73400   30.21000  
@C    21.77500   13.11700   29.58000  
@H    22.26000   12.12700   29.50500  
@O    20.65400   13.34100   29.16000  
C    24.67400   19.22500   23.88100  
H    24.95900   18.95700   22.86100  
H    25.53600   19.57500   24.45500  
H    24.38200   18.29300   24.37200  
S    23.27700   20.36100   24.03200  
C    22.41600   19.65000   25.45300  
H    21.69600   20.42000   25.74200  
H    22.10700   18.63600   25.18600  
H    23.21700   19.59900   26.19500  
O    22.38400   19.96100   22.90000  
C    16.88000   18.30200   32.59700  
H    16.60500   19.12500   31.93200  
H    16.82800   17.37600   32.01900  
H    16.17000   18.31700   33.42800  
S    18.49100   18.57400   33.36700  
C    18.14900   20.09400   34.28200  
H    17.85000   20.84700   33.54900  
H    17.33500   19.91600   34.99000  
H    18.95800   20.31900   34.98300  
O    19.33500   19.11000   32.25300  
C    22.56900   16.97600   21.09800  
H    21.71200   17.36900   21.65200  
H    23.42000   17.66100   21.13800  
H    22.22700   16.91900   20.06200  
S    23.02500   15.42500   21.90600  
C    24.42200   14.92600   20.87400  
H    25.08900   14.21900   21.37300  
H    23.96500   14.61800   19.92900  
H    24.99900   15.84300   20.72700  
O    21.94600   14.41100   21.68400  
C    24.81800   25.38200   31.65100  
H    23.84600   25.40700   32.15100  
H    25.54200   26.15700   31.91500  
H    24.63700   25.39400   30.57400  
S    25.63700   23.83000   32.08500  
C    27.01700   24.05700   30.94100  
H    27.74100   23.24900   31.07000  
H    26.62200   24.01400   29.92300  
H    27.50700   25.02900   31.04000  
O    24.75500   22.96200   31.24200  
C    29.96100   13.88200   25.03700  
H    29.23800   13.98500   24.22400  
H    30.87600   13.73200   24.45900  
H    29.76600   12.94300   25.56300  
S    29.89400   15.31800   26.13200  
C    30.84900   14.38300   27.34800  
H    31.62500   13.75900   26.89800  
H    31.24800   14.98600   28.16800  
H    30.16000   13.62400   27.72600  
O    28.50500   15.37300   26.68700  
C    26.16100   19.90900   32.01800  
H    25.88100   19.68000   33.04900  
H    25.56200   20.80600   31.84100  
H    26.09600   19.08600   31.30100  
S    27.87500   20.48000   31.96300  
C    28.52900   19.10400   32.93500  
H    27.77300   18.85400   33.68300  
H    28.73200   18.26800   32.26100  
H    29.39300   19.47000   33.49600  
O    27.88600   21.62900   32.92200  
C    24.43700   21.38100   34.59700  
H    24.53800   21.92900   33.65700  
H    23.94200   22.05200   35.30500  
H    25.40300   21.06700   35.00100  
S    23.12000   20.14400   34.56400  
C    22.13000   21.27300   33.55800  
H    22.49700   21.18200   32.53300  
H    21.10300   20.91300   33.66700  
H    22.11300   22.33100   33.83100  
O    22.37700   20.21000   35.86200  
C    24.21500   10.35600   31.59100  
H    23.71800   10.33400   30.61800  
H    25.28500   10.25600   31.39300  
H    23.95500   9.43400    32.11600  
S    23.92000   11.83300   32.59000  
C    24.31600   11.17500   34.22500  
H    23.93300   11.93800   34.90700  
H    23.77500   10.22700   34.28800  
H    25.39600   11.04400   34.33200  
O    22.44100   12.06800   32.58900  
C    21.38100   14.53100   25.33400  
H    22.41200   14.57500   24.97300  
H    20.59500   14.80600   24.62700  
H    21.14700   15.22800   26.14200  
S    21.09900   12.77300   25.64300  
C    21.23800   12.15000   23.95300  
H    20.76100   11.16700   23.96500  
H    20.63700   12.90100   23.43400  
H    22.26900   12.07500   23.59600  
O    19.62000   12.59000   25.77800  
C    30.67700   20.16000   27.50500  
H    30.30000   20.95900   28.14800  
H    31.74700   19.93400   27.50800  
H    30.32600   20.32500   26.48300  
S    29.90700   18.65200   28.13600  
C    28.21400   19.20200   27.82600  
H    27.53600   18.50200   28.32200  
H    28.18000   20.19000   28.29200  
H    28.05700   19.25800   26.74600  
O    30.15200   18.74400   29.61000  
C    18.97100   15.60800   30.68800  
H    18.78600   16.01100   31.68700  
H    19.97300   15.18100   30.59800  
H    18.87500   16.39800   29.93900  
S    17.67100   14.41500   30.29500  
C    17.82700   14.48800   28.49600  
H    17.28900   13.67600   28.00100  
H    17.45300   15.47100   28.20000  
H    18.86900   14.47100   28.16600  
O    16.47800   15.25800   30.62200  
C    21.46200   17.05000   34.84800  
H    21.10600   17.98900   35.27900  
H    22.53300   16.90800   35.01500  
H    21.31800   17.12100   33.76600  
S    20.64500   15.60000   35.55100  
C    21.62300   14.25400   34.84700  
H    21.37600   14.10600   33.79200  
H    22.67000   14.49900   35.03900  
H    21.39500   13.35700   35.42800  
O    19.38500   15.46600   34.75300  
C    27.97500   11.08100   32.69200  
H    27.69800   10.29500   33.39900  
H    27.85100   12.05800   33.16700  
H    27.22100   10.99600   31.90500  
S    29.57600   10.92000   31.87100  
C    30.62100   11.37400   33.27400  
H    30.38100   10.74200   34.13300  
H    31.64500   11.37100   32.89400  
H    30.28200   12.39300   33.47600  
O    29.67300   11.97300   30.81100  
C    23.09200   6.23300    32.17700  
H    22.69400   5.76400    33.08100  
H    22.59300   7.18500    31.97800  
H    23.20500   5.65600    31.25600  
S    24.72900   6.90300    32.54800  
C    25.70500   5.42000    32.88200  
H    25.80800   4.90100    31.92500  
H    26.72200   5.70700    33.16300  
H    25.36600   4.83000    33.73700  
O    24.38600   7.46300    33.89400  
C    17.50900   18.34200   25.84000  
H    17.15500   17.82600   24.94500  
H    17.37700   17.76800   26.76100  
H    16.98200   19.29400   25.93700  
S    19.23200   18.67500   25.41100  
C    18.93200   19.25500   23.72600  
H    18.11900   19.97000   23.87600  
H    19.79800   19.81500   23.36400  
H    18.73000   18.39600   23.08100  
O    19.90400   17.35800   25.17800  
C    19.29200   21.60400   28.78500  
H    18.67300   21.25400   27.95500  
H    18.77700   21.43800   29.73400  
H    19.34500   22.69500   28.76000  
S    20.97200   21.01500   28.47300  
C    21.63500   21.40000   30.10900  
H    21.17700   20.69800   30.81100  
H    22.72300   21.29000   30.10300  
H    21.28600   22.41200   30.32900  
O    21.51100   22.06500   27.55200  
C    26.87000   15.51800   35.89400  
H    26.73600   14.46200   36.14000  
H    27.74600   15.70500   35.26900  
H    26.91700   16.03000   36.85900  
S    25.49700   15.97200   34.81000  
C    25.71500   14.70100   33.54400  
H    26.60400   14.89400   32.93800  
H    25.85800   13.71500   33.99400  
H    24.81000   14.62100   32.93700  
O    25.98700   17.26900   34.24600  
C    17.05500   13.22500   35.69700  
H    16.03300   13.17800   36.08000  
H    17.52400   12.27900   35.98100  
H    17.47900   14.07200   36.24300  
S    16.99700   13.50200   33.91300  
C    15.89800   14.93600   33.90300  
H    15.11000   14.78100   34.64500  
H    16.48200   15.84900   34.04700  
H    15.51300   15.01600   32.88400  
O    16.13900   12.39000   33.39400  
C    28.74100   17.80600   21.93700  
H    28.32400   18.36700   21.09800  
H    29.80400   17.96900   22.13600  
H    28.47700   16.74600   21.93500  
S    27.88900   18.49400   23.37400  
C    27.78000   20.20700   22.80700  
H    26.86400   20.51100   22.29400  
H    27.84100   20.77100   23.74100  
H    28.72600   20.39200   22.29200  
O    29.05000   18.63400   24.30900  
C    25.04100   13.34700   24.43200  
H    24.23000   13.66300   23.77100  
H    25.60400   12.49600   24.04100  
H    24.64700   13.11800   25.42600  
S    26.24000   14.68600   24.62400  
C    25.23400   15.62500   25.79600  
H    24.28300   15.63800   25.25600  
H    25.31100   15.09300   26.74700  
H    25.65400   16.61100   26.00800  
O    26.00600   15.51000   23.39600  
C    16.37000   10.59400   25.54600  
H    16.27400   10.50500   24.46000  
H    15.32600   10.49500   25.85500  
H    16.83900   11.55700   25.76400  
S    17.17300   9.16100    26.29800  
C    18.29800   9.00100    24.89300  
H    18.96700   9.86400    24.85400  
H    18.77800   8.06400    25.18700  
H    17.76600   8.91500    23.94300  
O    16.24200   8.06000    25.89300  
C    20.81200   9.20900    31.26100  
H    21.13800   8.39100    30.61300  
H    21.59700   9.75800    31.78800  
H    20.08700   8.84800    31.99400  
S    19.72200   10.24900   30.26300  
C    19.06500   11.19900   31.65300  
H    19.67300   12.04100   31.99400  
H    18.10000   11.62400   31.36600  
H    18.96900   10.46300   32.45500  
O    18.74000   9.18000    29.89800  
C    16.05500   11.00000   29.74400  
H    15.58300   10.76600   28.78600  
H    15.86500   12.04700   29.99500  
H    17.12900   10.84100   29.61400  
S    15.34900   9.81600    30.91200  
C    15.40200   8.51800    29.65600  
H    15.19300   7.65400    30.29200  
H    14.59700   8.67000    28.93300  
H    16.32300   8.44900    29.07000  
O    13.88200   10.10400   30.83100  
C    24.71100   23.77200   27.56400  
H    24.12700   23.76900   28.48800  
H    25.71100   24.08100   27.87800  
H    24.23500   24.56900   26.98600  
S    24.71000   22.17400   26.72200  
C    25.35000   21.35700   28.20100  
H    25.67200   20.36800   27.86500  
H    26.20900   21.96500   28.49600  
H    24.61300   21.36200   29.00800  
O    25.94700   22.10100   25.88200  
C    26.51600   6.64000    29.14200  
H    26.19500   6.68600    28.09900  
H    27.32600   5.90600    29.13700  
H    25.67800   6.34600    29.77900  
S    27.09700   8.29300    29.58300  
C    28.50800   8.26100    28.45500  
H    29.31300   7.79700    29.03100  
H    28.25300   7.64600    27.58800  
H    28.77700   9.27500    28.14900  
O    27.75500   8.12400    30.91700  
C    27.45400   11.76600   28.75300  
H    28.45800   12.02900   28.41000  
H    27.38300   11.28600   29.73300  
H    26.90000   11.11900   28.06800  
S    26.40900   13.23900   28.72100  
C    27.53500   14.34400   29.60200  
H    28.29300   14.67100   28.88600  
H    26.98800   15.20100   30.00500  
H    28.01100   13.68600   30.33400  
O    25.34000   12.84800   29.69300  
C    22.34900   8.86500    26.08600  
H    23.24300   8.72300    25.47300  
H    21.91500   7.86700    26.18700  
H    21.64000   9.59900    25.69400  
S    22.92500   9.18900    27.76800  
C    24.17900   10.45600   27.47100  
H    24.98300   10.06300   26.84200  
H    23.63600   11.23800   26.93500  
H    24.62400   10.80000   28.40800  
O    23.77600   8.03300    28.19200  
$end

$rem
JOBTYPE  SP
METHOD  B3LYP
BASIS  6-31+G(D)
SYMMETRY  FALSE
SYM_IGNORE  TRUE
MEM_TOTAL  12000
MEM_STATIC  4000
BASIS_LIN_DEP_THRESH  6
THRESH  14
SCF_CONVERGENCE  8
FD_MAT_VEC_PROD  FALSE
XC_GRID  000075000302
NL_GRID  1
MAX_SCF_CYCLES  200
SCF_GUESS  READ
GEN_SCFMAN  FALSE
SKIP_SCFMAN  TRUE
ESP_GRID  0
ESP_EFIELD  1
$end
