$molecule
0 1
--
0 1
C    29.96600   28.27800   26.54100  
C    29.13900   28.37400   27.83400  
C    28.80300   26.96500   28.34900  
C    30.06000   26.09500   28.51700  
C    30.95900   26.08100   27.27000  
C    31.27300   27.49500   26.75200  
H    28.24900   26.98700   29.29600  
H    29.76600   28.87700   28.58000  
H    29.48200   27.76300   25.70300  
H    30.19500   29.32300   26.30100  
H    30.63700   26.45900   29.37600  
H    29.79500   25.05900   28.76100  
H    31.86400   25.50200   27.49200  
H    30.47100   25.56800   26.43300  
H    31.89000   27.95400   27.53300  
H    31.85400   27.46600   25.82300  
H    28.11600   26.56400   27.59400  
N    27.91900   29.16900   27.70700  
H    27.25600   28.94900   26.97300  
C    27.58000   30.16700   28.59500  
H    26.58400   30.58000   28.35400  
O    28.36000   30.48400   29.47600  
--
0 1
C    23.80200   31.26800   23.80000  
H    23.34200   32.21000   24.11000  
H    23.13400   30.69500   23.15100  
H    24.05600   30.64900   24.66400  
S    25.26000   31.50400   22.75900  
C    26.34800   32.13700   24.05600  
H    27.07600   32.89900   23.76500  
H    25.79500   32.50600   24.92300  
H    26.92700   31.29100   24.43600  
O    24.89600   32.69200   21.92400  
C    33.30000   31.12400   26.77400  
H    32.29100   30.96500   26.38600  
H    33.82200   31.75500   26.05000  
H    33.76500   30.13500   26.78600  
S    33.47700   32.01500   28.33600  
C    32.19100   31.02200   29.12800  
H    31.19300   31.15700   28.70200  
H    32.51300   29.98200   29.03200  
H    32.23700   31.32100   30.17800  
O    32.83800   33.36400   28.22200  
C    25.45000   25.36500   33.61600  
H    24.50400   25.33900   34.16200  
H    25.43500   24.60000   32.83500  
H    26.30700   25.32700   34.29300  
S    25.58100   26.89700   32.66700  
C    27.27600   26.56800   32.13400  
H    27.31500   25.56300   31.70500  
H    27.69100   27.35500   31.49900  
H    27.88100   26.68800   33.03600  
O    25.77900   28.01700   33.64100  
C    30.62900   36.31700   25.10800  
H    30.80600   35.83500   24.14300  
H    30.22000   37.31300   24.92500  
H    31.51600   36.34400   25.74700  
S    29.38200   35.26900   25.89000  
C    30.59600   33.93200   25.88600  
H    31.53200   34.17400   26.39600  
H    30.23100   33.08300   26.47000  
H    30.81600   33.61400   24.86400  
O    28.41400   34.84400   24.83000  
C    29.63300   29.68600   23.22300  
H    30.58600   30.04400   23.62000  
H    29.28800   30.57300   22.68500  
H    28.87100   29.36700   23.93900  
S    29.98900   28.34200   22.06900  
C    28.32300   28.32800   21.37100  
H    28.08500   27.29100   21.12200  
H    27.56700   28.89800   21.91800  
H    28.36800   28.87800   20.42800  
O    30.08100   27.15400   22.97600  
C    35.91400   22.04000   30.67600  
H    36.81200   22.15600   30.06300  
H    36.15900   22.18500   31.73100  
H    35.52500   21.02900   30.53400  
S    34.62200   23.16900   30.11000  
C    33.20800   22.39800   30.93000  
H    32.91500   22.92800   31.83900  
H    32.42500   22.49200   30.17400  
H    33.36700   21.35400   31.21400  
O    34.48400   22.57500   28.74300  
C    30.29600   34.14100   30.43800  
H    30.29300   33.12600   30.03100  
H    29.59500   34.16900   31.27700  
H    30.16700   34.95000   29.71500  
S    31.89800   34.47700   31.20200  
C    31.76600   33.28900   32.55700  
H    32.72600   33.17700   33.06800  
H    30.96400   33.68400   33.18500  
H    31.38600   32.33600   32.17900  
O    31.73300   35.87100   31.72200  
C    28.57100   21.47100   32.92100  
H    29.11000   20.74900   32.30400  
H    28.28800   21.02800   33.88000  
H    27.72300   21.92400   32.40100  
S    29.64700   22.89300   33.21500  
C    29.71500   23.31600   31.46000  
H    30.15000   22.45500   30.94600  
H    28.76600   23.53800   30.96600  
H    30.40600   24.13500   31.24300  
O    30.97600   22.23100   33.40800  
C    27.06800   23.10000   27.53400  
H    27.97000   22.98300   28.14100  
H    26.60500   22.13300   27.32000  
H    27.16700   23.69200   26.62100  
S    25.79800   23.90000   28.54000  
C    24.49300   24.03700   27.29900  
H    23.62400   24.63500   27.58800  
H    24.89700   24.61700   26.46500  
H    24.27100   23.03600   26.92100  
O    26.24000   25.32300   28.67900  
C    30.09200   22.99300   22.08500  
H    31.12700   22.64500   22.12900  
H    29.75300   23.00800   21.04600  
H    30.01600   24.01200   22.47500  
S    29.02000   21.90500   23.04900  
C    28.76500   23.07300   24.40500  
H    29.69600   23.52400   24.75400  
H    28.09400   23.86400   24.06100  
H    28.29400   22.42200   25.14600  
O    30.09500   21.08000   23.68500  
C    37.89200   24.87000   29.11800  
H    37.13700   25.61800   29.37300  
H    37.98400   24.06200   29.84800  
H    38.86600   25.35600   29.01800  
S    37.57300   24.44500   27.39100  
C    38.85300   23.18500   27.19800  
H    39.26600   23.25700   26.18900  
H    39.58300   23.36900   27.99000  
H    38.29300   22.25000   27.28800  
O    38.07700   25.62200   26.61500  
C    31.13600   22.29600   27.65600  
H    31.45000   22.81200   28.56600  
H    31.95000   22.23600   26.92900  
H    30.18400   22.67700   27.27600  
S    30.77500   20.57200   28.06300  
C    29.80100   20.15100   26.60100  
H    29.19600   19.28800   26.89300  
H    29.27500   21.03600   26.23500  
H    30.51700   19.79700   25.85500  
O    29.76500   20.80000   29.14300  
C    33.59000   24.63400   33.83300  
H    32.84900   23.85600   34.03500  
H    34.30100   24.36700   33.04700  
H    34.17600   24.96000   34.69500  
S    32.59400   26.01600   33.23100  
C    33.61400   27.39000   33.81100  
H    34.14300   27.10000   34.72200  
H    34.33900   27.53400   33.00600  
H    32.98900   28.27500   33.96100  
O    31.51600   26.03800   34.27000  
C    38.77700   30.62000   25.88800  
H    39.48000   30.66900   25.05200  
H    39.22900   31.26300   26.64700  
H    38.64700   29.58100   26.20200  
S    37.27200   31.46000   25.34400  
C    36.79900   31.91300   27.02900  
H    37.61500   32.56300   27.35500  
H    35.93000   32.57500   27.00600  
H    36.80100   31.00400   27.63700  
O    36.28700   30.37200   25.05100  
C    19.39300   30.97100   30.33300  
H    19.59400   31.33500   31.34300  
H    18.34800   30.68500   30.18900  
H    20.10600   30.17000   30.12200  
S    19.74700   32.29600   29.15700  
C    21.52500   32.41200   29.46000  
H    21.62200   33.46100   29.75000  
H    21.87700   31.74400   30.25000  
H    21.98000   32.13200   28.50600  
O    19.18200   33.55200   29.74400  
C    24.55600   27.04300   24.93300  
H    23.70900   27.65900   24.62000  
H    24.51000   26.08100   24.41600  
H    24.59200   26.89300   26.01500  
S    25.91600   28.08700   24.36100  
C    27.18500   26.81800   24.57300  
H    27.29000   26.72000   25.65700  
H    26.79200   25.89700   24.13600  
H    28.14700   27.11000   24.14400  
O    26.27500   29.00000   25.49200  
C    34.12800   28.45400   23.49900  
H    35.13100   28.09000   23.73700  
H    34.12600   29.53900   23.63100  
H    33.26500   28.00800   23.99800  
S    34.04300   28.17600   21.71500  
C    34.06000   26.36900   21.73400  
H    34.79600   26.18200   22.52000  
H    33.12500   25.90500   22.06100  
H    34.39100   25.97900   20.76800  
O    35.43100   28.51000   21.26600  
C    24.34100   33.11200   32.34200  
H    23.79300   32.41000   31.70900  
H    23.66500   33.65800   33.00500  
H    24.85800   33.76100   31.63000  
S    25.66900   32.41000   33.34600  
C    25.96500   31.09800   32.13900  
H    26.39400   30.22800   32.64100  
H    24.97700   30.84700   31.74300  
H    26.57900   31.62700   31.40500  
O    24.92600   31.87700   34.53200  
C    34.54200   22.32500   24.98300  
H    33.80300   21.71300   25.50700  
H    34.44600   22.13800   23.91000  
H    35.54300   22.22400   25.40900  
S    34.16700   24.04900   25.37100  
C    32.64800   24.06000   24.39200  
H    32.93500   23.78600   23.37400  
H    31.82000   23.46000   24.77800  
H    32.40700   25.12400   24.46300  
O    35.04100   24.92700   24.53000  
C    24.83500   28.42300   29.34900  
H    25.49800   27.98900   28.59600  
H    25.12800   29.33800   29.87100  
H    24.69500   27.63600   30.09400  
S    23.24300   28.63500   28.52200  
C    23.72700   30.02200   27.47000  
H    24.20300   30.84900   28.00300  
H    24.34600   29.70500   26.62700  
H    22.75000   30.31700   27.07900  
O    22.29500   29.31700   29.45800  
C    34.73000   31.92700   22.34800  
H    34.98900   32.07200   23.40000  
H    34.97300   30.91700   22.00800  
H    35.36600   32.58100   21.74600  
S    33.06500   32.32300   21.76900  
C    32.82100   33.78000   22.81000  
H    33.40700   34.57000   22.33300  
H    31.78500   34.12700   22.79600  
H    33.28900   33.70300   23.79500  
O    32.19800   31.32300   22.46900  
C    26.18600   34.08800   27.29000  
H    26.16500   34.54700   26.29900  
H    26.48400   34.88700   27.97300  
H    26.88200   33.24500   27.28600  
S    24.47800   33.59500   27.61500  
C    23.94500   35.29700   27.91000  
H    24.07600   35.90800   27.01400  
H    22.88300   35.31900   28.16900  
H    24.56800   35.85700   28.61100  
O    24.65300   33.02100   28.98700  
C    20.48400   29.37400   26.00700  
H    19.94200   28.71400   25.32500  
H    21.55500   29.37400   25.78800  
H    20.30100   29.13500   27.05800  
S    19.87900   31.07400   25.91000  
C    19.86600   31.20100   24.10800  
H    20.70700   30.63200   23.70300  
H    19.02000   30.75400   23.57900  
H    19.84000   32.27600   23.90900  
O    21.08700   31.89200   26.24400  
C    23.97000   20.38400   25.82600  
H    24.61900   20.42600   26.70400  
H    23.12100   21.03200   26.05800  
H    23.57100   19.39800   25.57300  
S    24.94200   21.02800   24.44500  
C    26.25800   19.86800   24.87800  
H    26.39400   20.02500   25.95100  
H    25.90400   18.87100   24.60600  
H    27.21200   20.14100   24.41900  
O    25.38100   22.40900   24.82000  
C    23.09100   25.39900   30.61200  
H    22.76500   26.19800   31.28300  
H    24.17900   25.35100   30.52100  
H    22.71200   25.59500   29.60600  
S    22.40700   23.83400   31.20200  
C    20.90200   24.57900   31.86700  
H    21.20800   25.31800   32.61200  
H    20.32400   25.11200   31.10700  
H    20.32900   23.70300   32.18200  
O    23.24300   23.44300   32.38000  
C    29.09200   31.60300   34.21100  
H    29.15700   32.47900   33.56000  
H    28.07000   31.55000   34.59600  
H    29.81100   31.63500   35.03400  
S    29.43800   30.13700   33.21300  
C    29.17800   28.91600   34.51900  
H    29.65600   27.96800   34.25900  
H    29.48600   29.38800   35.45600  
H    28.10000   28.74200   34.56600  
O    30.92000   30.01600   33.03700  
C    35.20600   27.48400   26.74500  
H    35.60100   28.25500   26.07800  
H    35.64000   26.52100   26.46400  
H    34.13400   27.40400   26.54400  
S    35.65600   27.78300   28.46900  
C    34.46300   26.60700   29.14600  
H    34.38200   26.86600   30.20500  
H    33.47100   26.71800   28.70100  
H    34.90200   25.65900   28.82600  
O    35.05700   29.11900   28.78600  
$end

$rem
JOBTYPE  SP
METHOD  B3LYP
BASIS  6-31+G(D)
SYMMETRY  FALSE
SYM_IGNORE  TRUE
MEM_TOTAL  16000
MEM_STATIC  8000
MAX_SUB_FILE_NUM  16000
BASIS_LIN_DEP_THRESH  6
THRESH  14
SCF_CONVERGENCE  8
GEN_SCFMAN  TRUE
SCF_GUESS  SAD
FD_MAT_VEC_PROD  FALSE
XC_GRID  000075000302
NL_GRID  1
MAX_SCF_CYCLES  200
ENV_METHOD  B3LYP
GEN_SCFMAN_EMBED  TRUE
SPADE_PARTITION  TRUE
$end

$development
embedding_early_stop  1
$end

@@@

$molecule
0 1
@C    29.96600   28.27800   26.54100  
@C    29.13900   28.37400   27.83400  
@C    28.80300   26.96500   28.34900  
@C    30.06000   26.09500   28.51700  
@C    30.95900   26.08100   27.27000  
@C    31.27300   27.49500   26.75200  
@H    28.24900   26.98700   29.29600  
@H    29.76600   28.87700   28.58000  
@H    29.48200   27.76300   25.70300  
@H    30.19500   29.32300   26.30100  
@H    30.63700   26.45900   29.37600  
@H    29.79500   25.05900   28.76100  
@H    31.86400   25.50200   27.49200  
@H    30.47100   25.56800   26.43300  
@H    31.89000   27.95400   27.53300  
@H    31.85400   27.46600   25.82300  
@H    28.11600   26.56400   27.59400  
@N    27.91900   29.16900   27.70700  
@H    27.25600   28.94900   26.97300  
@C    27.58000   30.16700   28.59500  
@H    26.58400   30.58000   28.35400  
@O    28.36000   30.48400   29.47600  
C    23.80200   31.26800   23.80000  
H    23.34200   32.21000   24.11000  
H    23.13400   30.69500   23.15100  
H    24.05600   30.64900   24.66400  
S    25.26000   31.50400   22.75900  
C    26.34800   32.13700   24.05600  
H    27.07600   32.89900   23.76500  
H    25.79500   32.50600   24.92300  
H    26.92700   31.29100   24.43600  
O    24.89600   32.69200   21.92400  
C    33.30000   31.12400   26.77400  
H    32.29100   30.96500   26.38600  
H    33.82200   31.75500   26.05000  
H    33.76500   30.13500   26.78600  
S    33.47700   32.01500   28.33600  
C    32.19100   31.02200   29.12800  
H    31.19300   31.15700   28.70200  
H    32.51300   29.98200   29.03200  
H    32.23700   31.32100   30.17800  
O    32.83800   33.36400   28.22200  
C    25.45000   25.36500   33.61600  
H    24.50400   25.33900   34.16200  
H    25.43500   24.60000   32.83500  
H    26.30700   25.32700   34.29300  
S    25.58100   26.89700   32.66700  
C    27.27600   26.56800   32.13400  
H    27.31500   25.56300   31.70500  
H    27.69100   27.35500   31.49900  
H    27.88100   26.68800   33.03600  
O    25.77900   28.01700   33.64100  
C    30.62900   36.31700   25.10800  
H    30.80600   35.83500   24.14300  
H    30.22000   37.31300   24.92500  
H    31.51600   36.34400   25.74700  
S    29.38200   35.26900   25.89000  
C    30.59600   33.93200   25.88600  
H    31.53200   34.17400   26.39600  
H    30.23100   33.08300   26.47000  
H    30.81600   33.61400   24.86400  
O    28.41400   34.84400   24.83000  
C    29.63300   29.68600   23.22300  
H    30.58600   30.04400   23.62000  
H    29.28800   30.57300   22.68500  
H    28.87100   29.36700   23.93900  
S    29.98900   28.34200   22.06900  
C    28.32300   28.32800   21.37100  
H    28.08500   27.29100   21.12200  
H    27.56700   28.89800   21.91800  
H    28.36800   28.87800   20.42800  
O    30.08100   27.15400   22.97600  
C    35.91400   22.04000   30.67600  
H    36.81200   22.15600   30.06300  
H    36.15900   22.18500   31.73100  
H    35.52500   21.02900   30.53400  
S    34.62200   23.16900   30.11000  
C    33.20800   22.39800   30.93000  
H    32.91500   22.92800   31.83900  
H    32.42500   22.49200   30.17400  
H    33.36700   21.35400   31.21400  
O    34.48400   22.57500   28.74300  
C    30.29600   34.14100   30.43800  
H    30.29300   33.12600   30.03100  
H    29.59500   34.16900   31.27700  
H    30.16700   34.95000   29.71500  
S    31.89800   34.47700   31.20200  
C    31.76600   33.28900   32.55700  
H    32.72600   33.17700   33.06800  
H    30.96400   33.68400   33.18500  
H    31.38600   32.33600   32.17900  
O    31.73300   35.87100   31.72200  
C    28.57100   21.47100   32.92100  
H    29.11000   20.74900   32.30400  
H    28.28800   21.02800   33.88000  
H    27.72300   21.92400   32.40100  
S    29.64700   22.89300   33.21500  
C    29.71500   23.31600   31.46000  
H    30.15000   22.45500   30.94600  
H    28.76600   23.53800   30.96600  
H    30.40600   24.13500   31.24300  
O    30.97600   22.23100   33.40800  
C    27.06800   23.10000   27.53400  
H    27.97000   22.98300   28.14100  
H    26.60500   22.13300   27.32000  
H    27.16700   23.69200   26.62100  
S    25.79800   23.90000   28.54000  
C    24.49300   24.03700   27.29900  
H    23.62400   24.63500   27.58800  
H    24.89700   24.61700   26.46500  
H    24.27100   23.03600   26.92100  
O    26.24000   25.32300   28.67900  
C    30.09200   22.99300   22.08500  
H    31.12700   22.64500   22.12900  
H    29.75300   23.00800   21.04600  
H    30.01600   24.01200   22.47500  
S    29.02000   21.90500   23.04900  
C    28.76500   23.07300   24.40500  
H    29.69600   23.52400   24.75400  
H    28.09400   23.86400   24.06100  
H    28.29400   22.42200   25.14600  
O    30.09500   21.08000   23.68500  
C    37.89200   24.87000   29.11800  
H    37.13700   25.61800   29.37300  
H    37.98400   24.06200   29.84800  
H    38.86600   25.35600   29.01800  
S    37.57300   24.44500   27.39100  
C    38.85300   23.18500   27.19800  
H    39.26600   23.25700   26.18900  
H    39.58300   23.36900   27.99000  
H    38.29300   22.25000   27.28800  
O    38.07700   25.62200   26.61500  
C    31.13600   22.29600   27.65600  
H    31.45000   22.81200   28.56600  
H    31.95000   22.23600   26.92900  
H    30.18400   22.67700   27.27600  
S    30.77500   20.57200   28.06300  
C    29.80100   20.15100   26.60100  
H    29.19600   19.28800   26.89300  
H    29.27500   21.03600   26.23500  
H    30.51700   19.79700   25.85500  
O    29.76500   20.80000   29.14300  
C    33.59000   24.63400   33.83300  
H    32.84900   23.85600   34.03500  
H    34.30100   24.36700   33.04700  
H    34.17600   24.96000   34.69500  
S    32.59400   26.01600   33.23100  
C    33.61400   27.39000   33.81100  
H    34.14300   27.10000   34.72200  
H    34.33900   27.53400   33.00600  
H    32.98900   28.27500   33.96100  
O    31.51600   26.03800   34.27000  
C    38.77700   30.62000   25.88800  
H    39.48000   30.66900   25.05200  
H    39.22900   31.26300   26.64700  
H    38.64700   29.58100   26.20200  
S    37.27200   31.46000   25.34400  
C    36.79900   31.91300   27.02900  
H    37.61500   32.56300   27.35500  
H    35.93000   32.57500   27.00600  
H    36.80100   31.00400   27.63700  
O    36.28700   30.37200   25.05100  
C    19.39300   30.97100   30.33300  
H    19.59400   31.33500   31.34300  
H    18.34800   30.68500   30.18900  
H    20.10600   30.17000   30.12200  
S    19.74700   32.29600   29.15700  
C    21.52500   32.41200   29.46000  
H    21.62200   33.46100   29.75000  
H    21.87700   31.74400   30.25000  
H    21.98000   32.13200   28.50600  
O    19.18200   33.55200   29.74400  
C    24.55600   27.04300   24.93300  
H    23.70900   27.65900   24.62000  
H    24.51000   26.08100   24.41600  
H    24.59200   26.89300   26.01500  
S    25.91600   28.08700   24.36100  
C    27.18500   26.81800   24.57300  
H    27.29000   26.72000   25.65700  
H    26.79200   25.89700   24.13600  
H    28.14700   27.11000   24.14400  
O    26.27500   29.00000   25.49200  
C    34.12800   28.45400   23.49900  
H    35.13100   28.09000   23.73700  
H    34.12600   29.53900   23.63100  
H    33.26500   28.00800   23.99800  
S    34.04300   28.17600   21.71500  
C    34.06000   26.36900   21.73400  
H    34.79600   26.18200   22.52000  
H    33.12500   25.90500   22.06100  
H    34.39100   25.97900   20.76800  
O    35.43100   28.51000   21.26600  
C    24.34100   33.11200   32.34200  
H    23.79300   32.41000   31.70900  
H    23.66500   33.65800   33.00500  
H    24.85800   33.76100   31.63000  
S    25.66900   32.41000   33.34600  
C    25.96500   31.09800   32.13900  
H    26.39400   30.22800   32.64100  
H    24.97700   30.84700   31.74300  
H    26.57900   31.62700   31.40500  
O    24.92600   31.87700   34.53200  
C    34.54200   22.32500   24.98300  
H    33.80300   21.71300   25.50700  
H    34.44600   22.13800   23.91000  
H    35.54300   22.22400   25.40900  
S    34.16700   24.04900   25.37100  
C    32.64800   24.06000   24.39200  
H    32.93500   23.78600   23.37400  
H    31.82000   23.46000   24.77800  
H    32.40700   25.12400   24.46300  
O    35.04100   24.92700   24.53000  
C    24.83500   28.42300   29.34900  
H    25.49800   27.98900   28.59600  
H    25.12800   29.33800   29.87100  
H    24.69500   27.63600   30.09400  
S    23.24300   28.63500   28.52200  
C    23.72700   30.02200   27.47000  
H    24.20300   30.84900   28.00300  
H    24.34600   29.70500   26.62700  
H    22.75000   30.31700   27.07900  
O    22.29500   29.31700   29.45800  
C    34.73000   31.92700   22.34800  
H    34.98900   32.07200   23.40000  
H    34.97300   30.91700   22.00800  
H    35.36600   32.58100   21.74600  
S    33.06500   32.32300   21.76900  
C    32.82100   33.78000   22.81000  
H    33.40700   34.57000   22.33300  
H    31.78500   34.12700   22.79600  
H    33.28900   33.70300   23.79500  
O    32.19800   31.32300   22.46900  
C    26.18600   34.08800   27.29000  
H    26.16500   34.54700   26.29900  
H    26.48400   34.88700   27.97300  
H    26.88200   33.24500   27.28600  
S    24.47800   33.59500   27.61500  
C    23.94500   35.29700   27.91000  
H    24.07600   35.90800   27.01400  
H    22.88300   35.31900   28.16900  
H    24.56800   35.85700   28.61100  
O    24.65300   33.02100   28.98700  
C    20.48400   29.37400   26.00700  
H    19.94200   28.71400   25.32500  
H    21.55500   29.37400   25.78800  
H    20.30100   29.13500   27.05800  
S    19.87900   31.07400   25.91000  
C    19.86600   31.20100   24.10800  
H    20.70700   30.63200   23.70300  
H    19.02000   30.75400   23.57900  
H    19.84000   32.27600   23.90900  
O    21.08700   31.89200   26.24400  
C    23.97000   20.38400   25.82600  
H    24.61900   20.42600   26.70400  
H    23.12100   21.03200   26.05800  
H    23.57100   19.39800   25.57300  
S    24.94200   21.02800   24.44500  
C    26.25800   19.86800   24.87800  
H    26.39400   20.02500   25.95100  
H    25.90400   18.87100   24.60600  
H    27.21200   20.14100   24.41900  
O    25.38100   22.40900   24.82000  
C    23.09100   25.39900   30.61200  
H    22.76500   26.19800   31.28300  
H    24.17900   25.35100   30.52100  
H    22.71200   25.59500   29.60600  
S    22.40700   23.83400   31.20200  
C    20.90200   24.57900   31.86700  
H    21.20800   25.31800   32.61200  
H    20.32400   25.11200   31.10700  
H    20.32900   23.70300   32.18200  
O    23.24300   23.44300   32.38000  
C    29.09200   31.60300   34.21100  
H    29.15700   32.47900   33.56000  
H    28.07000   31.55000   34.59600  
H    29.81100   31.63500   35.03400  
S    29.43800   30.13700   33.21300  
C    29.17800   28.91600   34.51900  
H    29.65600   27.96800   34.25900  
H    29.48600   29.38800   35.45600  
H    28.10000   28.74200   34.56600  
O    30.92000   30.01600   33.03700  
C    35.20600   27.48400   26.74500  
H    35.60100   28.25500   26.07800  
H    35.64000   26.52100   26.46400  
H    34.13400   27.40400   26.54400  
S    35.65600   27.78300   28.46900  
C    34.46300   26.60700   29.14600  
H    34.38200   26.86600   30.20500  
H    33.47100   26.71800   28.70100  
H    34.90200   25.65900   28.82600  
O    35.05700   29.11900   28.78600  
$end

$rem
JOBTYPE  SP
METHOD  B3LYP
BASIS  6-31+G(D)
SYMMETRY  FALSE
SYM_IGNORE  TRUE
MEM_TOTAL  16000
MEM_STATIC  8000
MAX_SUB_FILE_NUM  16000
BASIS_LIN_DEP_THRESH  6
THRESH  14
SCF_CONVERGENCE  8
GEN_SCFMAN  FALSE
SCF_GUESS  READ
FD_MAT_VEC_PROD  FALSE
XC_GRID  000075000302
NL_GRID  1
MAX_SCF_CYCLES  200
SKIP_SCFMAN  TRUE
ESP_GRID  0
ESP_EFIELD  1
$end
