$molecule
0 1
--
0 1
C    26.87100   31.51000   25.85400  
C    27.18100   30.90400   27.23200  
C    26.75400   29.42900   27.14300  
C    27.39400   28.65300   25.98000  
C    27.13400   29.22900   24.57900  
C    27.43000   30.73700   24.64800  
H    26.89800   28.95500   28.12200  
H    28.26400   31.00900   27.36900  
H    25.79700   31.59600   25.64900  
H    27.33400   32.49900   25.75100  
H    28.48700   28.69300   26.06600  
H    27.14100   27.59100   26.08300  
H    27.76500   28.73400   23.83000  
H    26.10400   28.94900   24.33000  
H    28.52400   30.76300   24.71700  
H    27.22400   31.25900   23.70500  
H    25.68100   29.30800   26.95000  
N    26.39300   31.59100   28.25500  
H    25.69300   31.07700   28.77600  
C    26.80200   32.78700   28.80600  
H    26.19000   33.20200   29.62700  
O    27.74500   33.38200   28.31500  
--
0 1
C    26.96100   30.87600   18.90800  
H    25.92300   30.94700   18.57300  
H    27.64000   31.62900   18.50000  
H    27.24400   29.87800   18.56400  
S    26.77800   30.91400   20.70500  
C    25.98200   29.29200   20.70400  
H    26.73200   28.56900   20.37600  
H    25.62100   29.00200   21.69400  
H    25.10300   29.47800   20.08000  
O    25.66800   31.86400   21.03300  
C    23.78900   34.34100   20.29800  
H    23.50200   33.45200   19.73100  
H    24.35700   35.11300   19.77300  
H    24.48300   33.96600   21.05600  
S    22.37900   35.18600   21.04800  
C    21.46500   33.73200   21.60700  
H    21.32500   33.14000   20.69900  
H    22.04500   33.17700   22.34900  
H    20.52600   34.04500   22.07100  
O    21.55900   35.50500   19.83600  
C    31.76500   29.45200   25.21300  
H    31.48300   29.14500   26.22300  
H    31.17600   30.36000   25.05900  
H    31.53700   28.76500   24.39400  
S    33.52500   29.84800   25.10300  
C    33.60100   29.85500   23.29700  
H    33.29600   28.87200   22.92800  
H    32.93300   30.66300   22.99000  
H    34.59300   30.04500   22.87900  
O    34.17000   28.53200   25.40800  
C    28.82400   34.31700   23.60900  
H    29.44400   33.42500   23.49200  
H    28.50000   34.20200   24.64700  
H    28.04100   34.23000   22.85100  
S    30.00900   35.65600   23.34900  
C    31.33100   35.15100   24.47300  
H    31.12000   35.10800   25.54500  
H    31.65400   34.12200   24.29800  
H    32.11100   35.91100   24.38400  
O    29.41500   36.86300   24.00600  
C    30.04900   29.77300   21.42000  
H    29.24400   29.79800   22.15900  
H    29.74500   29.31600   20.47400  
H    31.00300   29.47700   21.86500  
S    30.20300   31.51900   20.97900  
C    31.47800   31.20600   19.73700  
H    31.65600   32.10200   19.13800  
H    32.41600   31.06000   20.27800  
H    31.23000   30.29600   19.18500  
O    30.92300   32.01500   22.19400  
C    29.78100   34.94500   36.09000  
H    29.20900   35.02500   37.01700  
H    30.61600   34.24000   36.12800  
H    30.18700   35.91300   35.78800  
S    28.64500   34.17000   34.91700  
C    27.61500   35.61900   34.59400  
H    28.29300   36.34500   34.13700  
H    26.89800   35.29100   33.83800  
H    27.07900   35.98400   35.47400  
O    27.75900   33.45700   35.89100  
C    33.29300   33.95400   28.37400  
H    33.40100   34.96200   27.96600  
H    33.28900   33.93900   29.46700  
H    34.18500   33.42500   28.02800  
S    31.81700   33.25900   27.59900  
C    31.65600   31.94100   28.82500  
H    32.54800   31.31600   28.73000  
H    31.60400   32.41100   29.81100  
H    30.67200   31.48900   28.67600  
O    32.32600   32.51100   26.40600  
C    27.86000   34.10000   19.70000  
H    28.16200   33.43200   20.51200  
H    26.78200   34.27300   19.74600  
H    28.10800   33.59200   18.76500  
S    28.75700   35.66000   19.54300  
C    28.34700   35.94500   17.80600  
H    28.84200   35.14800   17.24600  
H    27.30100   35.62900   17.82200  
H    28.44400   36.96500   17.42700  
O    30.22900   35.39700   19.46200  
C    24.11500   25.42800   27.46900  
H    24.97000   25.22600   28.11900  
H    23.97400   24.56700   26.81000  
H    24.20400   26.37500   26.93100  
S    22.64000   25.48200   28.51200  
C    22.72100   27.19900   29.07000  
H    23.75000   27.40500   29.37600  
H    22.39300   27.84900   28.25500  
H    22.04200   27.20500   29.92700  
O    23.17000   24.82100   29.74600  
C    28.32400   23.98400   24.48800  
H    28.62700   24.95500   24.08900  
H    27.82700   24.07100   25.45800  
H    29.15900   23.31800   24.72100  
S    27.21500   23.12700   23.34800  
C    27.32600   21.41400   23.91200  
H    27.02100   20.81200   23.05200  
H    28.35800   21.25200   24.23400  
H    26.56200   21.32600   24.68900  
O    28.02700   23.27800   22.09900  
C    20.91800   35.54900   26.22000  
H    20.21800   36.14300   26.81400  
H    20.64400   34.51100   26.01700  
H    21.93500   35.62800   26.61200  
S    21.12900   36.28000   24.58100  
C    21.36200   37.93300   25.27300  
H    21.55300   38.44700   24.32700  
H    20.36000   38.28600   25.53000  
H    22.18800   38.11400   25.96600  
O    19.72300   36.25800   24.06800  
C    33.50600   34.38400   33.82400  
H    33.57800   35.45600   33.62100  
H    33.64600   34.30500   34.90500  
H    34.24700   33.72300   33.36700  
S    31.84600   33.78100   33.44200  
C    31.92900   32.26200   34.41700  
H    31.74800   32.46200   35.47600  
H    31.21600   31.57400   33.95500  
H    32.98500   32.02500   34.26600  
O    31.98800   33.31800   32.02600  
C    25.01200   34.40200   26.12200  
H    24.79900   33.63300   26.86900  
H    26.07400   34.61500   26.27200  
H    24.44800   35.32400   26.28300  
S    24.66200   33.98000   24.40000  
C    25.09800   35.62600   23.79600  
H    26.13200   35.71500   24.13700  
H    24.89700   35.72200   22.72600  
H    24.46000   36.30700   24.36500  
O    23.17100   33.93100   24.52100  
C    26.56300   26.83700   32.56100  
H    26.35300   25.91700   32.01000  
H    25.79200   27.60300   32.43700  
H    27.51000   27.37200   32.45200  
S    26.64000   26.11000   34.21300  
C    24.97600   25.40600   34.18500  
H    24.81200   24.68300   34.98900  
H    24.16500   26.13300   34.27300  
H    24.79600   24.87900   33.24500  
O    26.43000   27.25700   35.15100  
C    26.31400   20.01900   27.54100  
H    27.23800   19.68800   27.06000  
H    25.89600   19.28800   28.23900  
H    25.55900   20.04200   26.75100  
S    26.59000   21.63000   28.31000  
C    24.89700   22.01400   28.81000  
H    24.86800   23.08200   28.57900  
H    24.24000   21.43900   28.15200  
H    24.76500   21.75400   29.86400  
O    26.78700   22.57400   27.16400  
C    30.32400   35.30800   30.04800  
H    29.42700   35.17300   30.65700  
H    30.01800   35.10500   29.01800  
H    31.16300   34.68400   30.36900  
S    30.98000   36.98400   30.20100  
C    29.85700   37.73900   29.00400  
H    30.22100   38.72900   28.71800  
H    29.83900   37.17400   28.06800  
H    28.85700   37.83600   29.43600  
O    32.22900   36.93400   29.37700  
C    19.86900   26.53000   24.06300  
H    18.79100   26.70400   24.11000  
H    20.25100   27.23100   23.31700  
H    19.98100   25.46800   23.82700  
S    20.64800   27.01000   25.62000  
C    19.73800   28.56900   25.70400  
H    18.75000   28.48500   25.24400  
H    19.76400   28.76300   26.77900  
H    20.33100   29.37800   25.27100  
O    22.05700   27.31100   25.21200  
C    21.30600   34.44900   33.09500  
H    22.31500   34.05900   33.25000  
H    21.02000   34.64000   32.05800  
H    21.03500   35.19100   33.85000  
S    20.34500   32.93900   33.34200  
C    21.22200   32.31600   34.79400  
H    22.18100   31.82100   34.62100  
H    21.20500   33.09900   35.55600  
H    20.55100   31.50000   35.07600  
O    20.58900   32.00900   32.19400  
C    23.74700   25.02200   22.80600  
H    23.43600   24.04500   23.18400  
H    24.83800   25.00200   22.86900  
H    23.33900   25.78700   23.47200  
S    23.37900   25.24900   21.05100  
C    21.58100   25.41900   21.12500  
H    21.32700   26.42200   21.47700  
H    21.20100   25.33800   20.10300  
H    21.20000   24.59300   21.73100  
O    23.51300   23.83200   20.58600  
C    23.04300   29.52100   32.13000  
H    22.44700   29.96600   31.33000  
H    23.12300   28.43100   32.11400  
H    22.59600   29.94600   33.03200  
S    24.68800   30.25000   31.95700  
C    24.27100   31.93500   32.45900  
H    23.84000   32.03500   33.45800  
H    25.04000   32.69200   32.28100  
H    23.51400   32.11500   31.69200  
O    24.82200   30.39300   30.47300  
C    29.04600   25.72500   19.68300  
H    29.22700   25.40900   18.65200  
H    28.64000   24.89200   20.26200  
H    28.35900   26.57400   19.62500  
S    30.50400   26.16300   20.65500  
C    31.27800   24.53200   20.74600  
H    31.53800   24.21000   19.73500  
H    32.07400   24.60700   21.49200  
H    30.59100   23.78900   21.16000  
O    29.99900   26.49400   22.02500  
C    32.60600   25.58000   24.46800  
H    32.81500   24.81800   23.71300  
H    31.51400   25.61800   24.50200  
H    32.97000   26.54200   24.09900  
S    33.41800   25.10600   26.01200  
C    35.09500   25.24100   25.35300  
H    35.14400   24.93400   24.30500  
H    35.52200   26.23600   25.50000  
H    35.72900   24.61100   25.98200  
O    33.10900   23.67200   26.31100  
C    23.04500   30.36600   22.91200  
H    23.18300   29.75900   23.81100  
H    23.97500   30.86600   22.63000  
H    22.29500   31.11700   23.17300  
S    22.49700   29.28500   21.57200  
C    22.52800   30.43900   20.18200  
H    23.21100   31.27200   20.36800  
H    22.62100   29.80200   19.29900  
H    21.54500   30.87900   19.99700  
O    21.01800   29.20200   21.79300  
C    27.12000   38.59300   26.35300  
H    27.22300   38.34900   27.41300  
H    27.67700   37.92000   25.69500  
H    27.44000   39.62200   26.17000  
S    25.34800   38.65500   26.00600  
C    25.13500   39.99500   27.19900  
H    25.85000   40.81300   27.07600  
H    24.08400   40.29100   27.15200  
H    25.28600   39.55400   28.18800  
O    24.57300   37.50800   26.57800  
C    21.99600   33.07600   28.76300  
H    21.09400   33.49400   29.21800  
H    22.85500   33.23600   29.41900  
H    22.29100   33.50900   27.80400  
S    21.75200   31.33100   28.36100  
C    22.74900   31.14900   26.86600  
H    23.77900   31.25700   27.21600  
H    22.45100   30.25100   26.31800  
H    22.62800   32.01900   26.21500  
O    20.35900   31.14200   27.84600  
C    28.64900   32.01100   32.14200  
H    29.33000   32.83200   32.37600  
H    27.71900   32.28600   31.63700  
H    28.40900   31.53800   33.09800  
S    29.59700   30.62500   31.47300  
C    28.08700   29.64100   31.34200  
H    27.49400   29.76900   32.25100  
H    27.55800   29.98000   30.44700  
H    28.38500   28.60400   31.17100  
O    30.09400   29.97300   32.72600  
C    31.97000   27.65600   28.37100  
H    32.31800   28.62900   28.72700  
H    32.66000   26.88700   28.72800  
H    31.99500   27.62100   27.27900  
S    30.31500   27.31400   29.01100  
C    29.88700   25.96500   27.88600  
H    30.72300   25.26900   27.78100  
H    28.98600   25.42700   28.19200  
H    29.64400   26.46400   26.94500  
O    29.68000   28.57200   28.50500  
C    26.09300   36.99700   29.59700  
H    25.89900   38.07200   29.54600  
H    27.04800   36.81900   30.09800  
H    26.02900   36.54000   28.60700  
S    24.83100   36.21900   30.63000  
C    25.10600   37.18400   32.13200  
H    24.37000   37.99100   32.09100  
H    24.76500   36.57500   32.97300  
H    26.12100   37.57200   32.25600  
O    25.48700   34.91600   30.96600  
$end

$rem
JOBTYPE  SP
METHOD  B3LYP
BASIS  6-31+G(D)
SYMMETRY  FALSE
SYM_IGNORE  TRUE
MEM_TOTAL  12000
MEM_STATIC  4000
BASIS_LIN_DEP_THRESH  6
THRESH  14
SCF_CONVERGENCE  8
FD_MAT_VEC_PROD  FALSE
XC_GRID  000075000302
NL_GRID  1
MAX_SCF_CYCLES  200
ENV_METHOD  B3LYP
GEN_SCFMAN_EMBED  TRUE
SPADE_PARTITION  TRUE
EMBEDDING_EARLY_STOP  TRUE
$end

@@@

$molecule
0 1
@C    26.87100   31.51000   25.85400  
@C    27.18100   30.90400   27.23200  
@C    26.75400   29.42900   27.14300  
@C    27.39400   28.65300   25.98000  
@C    27.13400   29.22900   24.57900  
@C    27.43000   30.73700   24.64800  
@H    26.89800   28.95500   28.12200  
@H    28.26400   31.00900   27.36900  
@H    25.79700   31.59600   25.64900  
@H    27.33400   32.49900   25.75100  
@H    28.48700   28.69300   26.06600  
@H    27.14100   27.59100   26.08300  
@H    27.76500   28.73400   23.83000  
@H    26.10400   28.94900   24.33000  
@H    28.52400   30.76300   24.71700  
@H    27.22400   31.25900   23.70500  
@H    25.68100   29.30800   26.95000  
@N    26.39300   31.59100   28.25500  
@H    25.69300   31.07700   28.77600  
@C    26.80200   32.78700   28.80600  
@H    26.19000   33.20200   29.62700  
@O    27.74500   33.38200   28.31500  
C    26.96100   30.87600   18.90800  
H    25.92300   30.94700   18.57300  
H    27.64000   31.62900   18.50000  
H    27.24400   29.87800   18.56400  
S    26.77800   30.91400   20.70500  
C    25.98200   29.29200   20.70400  
H    26.73200   28.56900   20.37600  
H    25.62100   29.00200   21.69400  
H    25.10300   29.47800   20.08000  
O    25.66800   31.86400   21.03300  
C    23.78900   34.34100   20.29800  
H    23.50200   33.45200   19.73100  
H    24.35700   35.11300   19.77300  
H    24.48300   33.96600   21.05600  
S    22.37900   35.18600   21.04800  
C    21.46500   33.73200   21.60700  
H    21.32500   33.14000   20.69900  
H    22.04500   33.17700   22.34900  
H    20.52600   34.04500   22.07100  
O    21.55900   35.50500   19.83600  
C    31.76500   29.45200   25.21300  
H    31.48300   29.14500   26.22300  
H    31.17600   30.36000   25.05900  
H    31.53700   28.76500   24.39400  
S    33.52500   29.84800   25.10300  
C    33.60100   29.85500   23.29700  
H    33.29600   28.87200   22.92800  
H    32.93300   30.66300   22.99000  
H    34.59300   30.04500   22.87900  
O    34.17000   28.53200   25.40800  
C    28.82400   34.31700   23.60900  
H    29.44400   33.42500   23.49200  
H    28.50000   34.20200   24.64700  
H    28.04100   34.23000   22.85100  
S    30.00900   35.65600   23.34900  
C    31.33100   35.15100   24.47300  
H    31.12000   35.10800   25.54500  
H    31.65400   34.12200   24.29800  
H    32.11100   35.91100   24.38400  
O    29.41500   36.86300   24.00600  
C    30.04900   29.77300   21.42000  
H    29.24400   29.79800   22.15900  
H    29.74500   29.31600   20.47400  
H    31.00300   29.47700   21.86500  
S    30.20300   31.51900   20.97900  
C    31.47800   31.20600   19.73700  
H    31.65600   32.10200   19.13800  
H    32.41600   31.06000   20.27800  
H    31.23000   30.29600   19.18500  
O    30.92300   32.01500   22.19400  
C    29.78100   34.94500   36.09000  
H    29.20900   35.02500   37.01700  
H    30.61600   34.24000   36.12800  
H    30.18700   35.91300   35.78800  
S    28.64500   34.17000   34.91700  
C    27.61500   35.61900   34.59400  
H    28.29300   36.34500   34.13700  
H    26.89800   35.29100   33.83800  
H    27.07900   35.98400   35.47400  
O    27.75900   33.45700   35.89100  
C    33.29300   33.95400   28.37400  
H    33.40100   34.96200   27.96600  
H    33.28900   33.93900   29.46700  
H    34.18500   33.42500   28.02800  
S    31.81700   33.25900   27.59900  
C    31.65600   31.94100   28.82500  
H    32.54800   31.31600   28.73000  
H    31.60400   32.41100   29.81100  
H    30.67200   31.48900   28.67600  
O    32.32600   32.51100   26.40600  
C    27.86000   34.10000   19.70000  
H    28.16200   33.43200   20.51200  
H    26.78200   34.27300   19.74600  
H    28.10800   33.59200   18.76500  
S    28.75700   35.66000   19.54300  
C    28.34700   35.94500   17.80600  
H    28.84200   35.14800   17.24600  
H    27.30100   35.62900   17.82200  
H    28.44400   36.96500   17.42700  
O    30.22900   35.39700   19.46200  
C    24.11500   25.42800   27.46900  
H    24.97000   25.22600   28.11900  
H    23.97400   24.56700   26.81000  
H    24.20400   26.37500   26.93100  
S    22.64000   25.48200   28.51200  
C    22.72100   27.19900   29.07000  
H    23.75000   27.40500   29.37600  
H    22.39300   27.84900   28.25500  
H    22.04200   27.20500   29.92700  
O    23.17000   24.82100   29.74600  
C    28.32400   23.98400   24.48800  
H    28.62700   24.95500   24.08900  
H    27.82700   24.07100   25.45800  
H    29.15900   23.31800   24.72100  
S    27.21500   23.12700   23.34800  
C    27.32600   21.41400   23.91200  
H    27.02100   20.81200   23.05200  
H    28.35800   21.25200   24.23400  
H    26.56200   21.32600   24.68900  
O    28.02700   23.27800   22.09900  
C    20.91800   35.54900   26.22000  
H    20.21800   36.14300   26.81400  
H    20.64400   34.51100   26.01700  
H    21.93500   35.62800   26.61200  
S    21.12900   36.28000   24.58100  
C    21.36200   37.93300   25.27300  
H    21.55300   38.44700   24.32700  
H    20.36000   38.28600   25.53000  
H    22.18800   38.11400   25.96600  
O    19.72300   36.25800   24.06800  
C    33.50600   34.38400   33.82400  
H    33.57800   35.45600   33.62100  
H    33.64600   34.30500   34.90500  
H    34.24700   33.72300   33.36700  
S    31.84600   33.78100   33.44200  
C    31.92900   32.26200   34.41700  
H    31.74800   32.46200   35.47600  
H    31.21600   31.57400   33.95500  
H    32.98500   32.02500   34.26600  
O    31.98800   33.31800   32.02600  
C    25.01200   34.40200   26.12200  
H    24.79900   33.63300   26.86900  
H    26.07400   34.61500   26.27200  
H    24.44800   35.32400   26.28300  
S    24.66200   33.98000   24.40000  
C    25.09800   35.62600   23.79600  
H    26.13200   35.71500   24.13700  
H    24.89700   35.72200   22.72600  
H    24.46000   36.30700   24.36500  
O    23.17100   33.93100   24.52100  
C    26.56300   26.83700   32.56100  
H    26.35300   25.91700   32.01000  
H    25.79200   27.60300   32.43700  
H    27.51000   27.37200   32.45200  
S    26.64000   26.11000   34.21300  
C    24.97600   25.40600   34.18500  
H    24.81200   24.68300   34.98900  
H    24.16500   26.13300   34.27300  
H    24.79600   24.87900   33.24500  
O    26.43000   27.25700   35.15100  
C    26.31400   20.01900   27.54100  
H    27.23800   19.68800   27.06000  
H    25.89600   19.28800   28.23900  
H    25.55900   20.04200   26.75100  
S    26.59000   21.63000   28.31000  
C    24.89700   22.01400   28.81000  
H    24.86800   23.08200   28.57900  
H    24.24000   21.43900   28.15200  
H    24.76500   21.75400   29.86400  
O    26.78700   22.57400   27.16400  
C    30.32400   35.30800   30.04800  
H    29.42700   35.17300   30.65700  
H    30.01800   35.10500   29.01800  
H    31.16300   34.68400   30.36900  
S    30.98000   36.98400   30.20100  
C    29.85700   37.73900   29.00400  
H    30.22100   38.72900   28.71800  
H    29.83900   37.17400   28.06800  
H    28.85700   37.83600   29.43600  
O    32.22900   36.93400   29.37700  
C    19.86900   26.53000   24.06300  
H    18.79100   26.70400   24.11000  
H    20.25100   27.23100   23.31700  
H    19.98100   25.46800   23.82700  
S    20.64800   27.01000   25.62000  
C    19.73800   28.56900   25.70400  
H    18.75000   28.48500   25.24400  
H    19.76400   28.76300   26.77900  
H    20.33100   29.37800   25.27100  
O    22.05700   27.31100   25.21200  
C    21.30600   34.44900   33.09500  
H    22.31500   34.05900   33.25000  
H    21.02000   34.64000   32.05800  
H    21.03500   35.19100   33.85000  
S    20.34500   32.93900   33.34200  
C    21.22200   32.31600   34.79400  
H    22.18100   31.82100   34.62100  
H    21.20500   33.09900   35.55600  
H    20.55100   31.50000   35.07600  
O    20.58900   32.00900   32.19400  
C    23.74700   25.02200   22.80600  
H    23.43600   24.04500   23.18400  
H    24.83800   25.00200   22.86900  
H    23.33900   25.78700   23.47200  
S    23.37900   25.24900   21.05100  
C    21.58100   25.41900   21.12500  
H    21.32700   26.42200   21.47700  
H    21.20100   25.33800   20.10300  
H    21.20000   24.59300   21.73100  
O    23.51300   23.83200   20.58600  
C    23.04300   29.52100   32.13000  
H    22.44700   29.96600   31.33000  
H    23.12300   28.43100   32.11400  
H    22.59600   29.94600   33.03200  
S    24.68800   30.25000   31.95700  
C    24.27100   31.93500   32.45900  
H    23.84000   32.03500   33.45800  
H    25.04000   32.69200   32.28100  
H    23.51400   32.11500   31.69200  
O    24.82200   30.39300   30.47300  
C    29.04600   25.72500   19.68300  
H    29.22700   25.40900   18.65200  
H    28.64000   24.89200   20.26200  
H    28.35900   26.57400   19.62500  
S    30.50400   26.16300   20.65500  
C    31.27800   24.53200   20.74600  
H    31.53800   24.21000   19.73500  
H    32.07400   24.60700   21.49200  
H    30.59100   23.78900   21.16000  
O    29.99900   26.49400   22.02500  
C    32.60600   25.58000   24.46800  
H    32.81500   24.81800   23.71300  
H    31.51400   25.61800   24.50200  
H    32.97000   26.54200   24.09900  
S    33.41800   25.10600   26.01200  
C    35.09500   25.24100   25.35300  
H    35.14400   24.93400   24.30500  
H    35.52200   26.23600   25.50000  
H    35.72900   24.61100   25.98200  
O    33.10900   23.67200   26.31100  
C    23.04500   30.36600   22.91200  
H    23.18300   29.75900   23.81100  
H    23.97500   30.86600   22.63000  
H    22.29500   31.11700   23.17300  
S    22.49700   29.28500   21.57200  
C    22.52800   30.43900   20.18200  
H    23.21100   31.27200   20.36800  
H    22.62100   29.80200   19.29900  
H    21.54500   30.87900   19.99700  
O    21.01800   29.20200   21.79300  
C    27.12000   38.59300   26.35300  
H    27.22300   38.34900   27.41300  
H    27.67700   37.92000   25.69500  
H    27.44000   39.62200   26.17000  
S    25.34800   38.65500   26.00600  
C    25.13500   39.99500   27.19900  
H    25.85000   40.81300   27.07600  
H    24.08400   40.29100   27.15200  
H    25.28600   39.55400   28.18800  
O    24.57300   37.50800   26.57800  
C    21.99600   33.07600   28.76300  
H    21.09400   33.49400   29.21800  
H    22.85500   33.23600   29.41900  
H    22.29100   33.50900   27.80400  
S    21.75200   31.33100   28.36100  
C    22.74900   31.14900   26.86600  
H    23.77900   31.25700   27.21600  
H    22.45100   30.25100   26.31800  
H    22.62800   32.01900   26.21500  
O    20.35900   31.14200   27.84600  
C    28.64900   32.01100   32.14200  
H    29.33000   32.83200   32.37600  
H    27.71900   32.28600   31.63700  
H    28.40900   31.53800   33.09800  
S    29.59700   30.62500   31.47300  
C    28.08700   29.64100   31.34200  
H    27.49400   29.76900   32.25100  
H    27.55800   29.98000   30.44700  
H    28.38500   28.60400   31.17100  
O    30.09400   29.97300   32.72600  
C    31.97000   27.65600   28.37100  
H    32.31800   28.62900   28.72700  
H    32.66000   26.88700   28.72800  
H    31.99500   27.62100   27.27900  
S    30.31500   27.31400   29.01100  
C    29.88700   25.96500   27.88600  
H    30.72300   25.26900   27.78100  
H    28.98600   25.42700   28.19200  
H    29.64400   26.46400   26.94500  
O    29.68000   28.57200   28.50500  
C    26.09300   36.99700   29.59700  
H    25.89900   38.07200   29.54600  
H    27.04800   36.81900   30.09800  
H    26.02900   36.54000   28.60700  
S    24.83100   36.21900   30.63000  
C    25.10600   37.18400   32.13200  
H    24.37000   37.99100   32.09100  
H    24.76500   36.57500   32.97300  
H    26.12100   37.57200   32.25600  
O    25.48700   34.91600   30.96600  
$end

$rem
JOBTYPE  SP
METHOD  B3LYP
BASIS  6-31+G(D)
SYMMETRY  FALSE
SYM_IGNORE  TRUE
MEM_TOTAL  12000
MEM_STATIC  4000
BASIS_LIN_DEP_THRESH  6
THRESH  14
SCF_CONVERGENCE  8
FD_MAT_VEC_PROD  FALSE
XC_GRID  000075000302
NL_GRID  1
MAX_SCF_CYCLES  200
SCF_GUESS  READ
GEN_SCFMAN  FALSE
SKIP_SCFMAN  TRUE
ESP_GRID  0
ESP_EFIELD  1
$end
