$molecule
0 1
--
0 1
C    30.45800   28.83500   28.16900  
C    29.28200   28.47000   29.09100  
C    28.64200   27.15800   28.60900  
C    29.65300   26.00000   28.63300  
C    30.84300   26.29800   27.70700  
C    31.45700   27.68600   27.95600  
H    27.85500   26.90100   29.32900  
H    29.53900   28.25500   30.13500  
H    30.06300   29.07300   27.17400  
H    30.92600   29.76500   28.51200  
H    29.95400   25.97600   29.68800  
H    29.22100   25.03700   28.33300  
H    31.63700   25.55200   27.83500  
H    30.59200   26.22100   26.64200  
H    32.11900   27.56100   28.82100  
H    32.18400   27.93100   27.17200  
H    28.18300   27.11300   27.61400  
N    28.24500   29.49800   29.01600  
H    27.75600   29.66600   28.14400  
C    27.99000   30.49800   29.93000  
H    27.18900   31.16500   29.56500  
O    28.71400   30.56100   30.90800  
--
0 1
C    35.85200   33.09800   29.51500  
H    34.95500   32.47700   29.56900  
H    35.89500   33.57200   30.49900  
H    35.74400   33.84200   28.72100  
S    37.36800   32.13600   29.31200  
C    37.41900   31.22400   30.87100  
H    37.19600   31.85900   31.73200  
H    36.73000   30.37500   30.84600  
H    38.43900   30.87000   31.03900  
O    38.47600   33.14300   29.26300  
C    23.89000   32.09100   22.32300  
H    23.89800   32.75300   21.45400  
H    23.58600   31.11000   21.94900  
H    23.26300   32.51600   23.11100  
S    25.63000   32.13500   22.81000  
C    25.61700   33.86800   23.32000  
H    25.07100   33.92200   24.26500  
H    26.62900   34.27100   23.41900  
H    25.12700   34.50600   22.58000  
O    26.41300   32.03500   21.53800  
C    31.63900   31.51300   26.05900  
H    30.70900   32.08700   26.05000  
H    32.12900   31.53800   25.08200  
H    31.51400   30.45400   26.29700  
S    32.89600   32.13500   27.19900  
C    34.13500   30.94600   26.63500  
H    33.72800   29.93200   26.63600  
H    34.45600   31.13900   25.60900  
H    34.90500   31.03900   27.40600  
O    32.31800   31.72100   28.51600  
C    24.83100   27.37100   33.32300  
H    24.56900   26.76700   32.45100  
H    25.40600   26.70200   33.96800  
H    23.98700   27.84800   33.82900  
S    25.99100   28.66100   32.81900  
C    27.32300   27.49900   32.44500  
H    28.08500   27.95300   31.80700  
H    27.77700   27.17400   33.38400  
H    26.93500   26.61100   31.93800  
O    26.65500   29.29900   33.99900  
C    29.90000   31.60000   22.02100  
H    30.72300   31.29900   22.67400  
H    28.94200   31.13500   22.27100  
H    30.36700   31.32900   21.07100  
S    29.81600   33.40000   22.14900  
C    31.50200   33.95900   21.81300  
H    31.54700   33.89300   20.72300  
H    31.54500   34.99100   22.17000  
H    32.25000   33.32300   22.29300  
O    29.74100   33.59700   23.63100  
C    30.52900   28.20000   21.68500  
H    30.44500   27.33600   21.02100  
H    30.72100   29.14000   21.16100  
H    31.40500   28.11800   22.33400  
S    29.00100   28.13200   22.64700  
C    29.73800   28.76200   24.17200  
H    29.81600   29.85100   24.10700  
H    28.98300   28.61900   24.94800  
H    30.62700   28.18400   24.43800  
O    28.77400   26.65600   22.75600  
C    34.92700   24.35000   32.21000  
H    35.47100   25.29300   32.30600  
H    34.47600   24.05300   33.16000  
H    35.62000   23.57400   31.87500  
S    33.75800   24.62400   30.86000  
C    32.80400   23.12800   31.19900  
H    31.92500   23.20900   30.55500  
H    33.36100   22.27500   30.80200  
H    32.46500   22.93300   32.22000  
O    34.53900   24.23100   29.64500  
C    28.30400   34.21500   31.01900  
H    27.68800   35.07500   30.74000  
H    27.74600   33.30600   30.78000  
H    28.47700   34.13000   32.09400  
S    29.86600   34.42100   30.13500  
C    30.77000   33.11800   31.00100  
H    30.53000   33.19100   32.06500  
H    30.64500   32.14700   30.51500  
H    31.84900   33.29000   31.03700  
O    30.29500   35.69700   30.79000  
C    34.03000   35.37800   32.17500  
H    34.73100   34.80000   31.56600  
H    33.25200   35.87200   31.58800  
H    34.60500   36.14900   32.69500  
S    33.35700   34.24500   33.41200  
C    32.35900   35.47600   34.27900  
H    31.88300   34.98700   35.13300  
H    32.95000   36.28500   34.71500  
H    31.59900   35.90700   33.62200  
O    34.52600   34.05400   34.32800  
C    29.46600   24.26000   31.59000  
H    30.48400   24.44300   31.94200  
H    29.44300   23.86900   30.57000  
H    28.75300   25.08800   31.63000  
S    28.87500   22.85600   32.56200  
C    29.03300   23.63800   34.18300  
H    30.11300   23.72100   34.32600  
H    28.66400   24.66200   34.28300  
H    28.49900   23.14800   35.00100  
O    29.98600   21.85200   32.59700  
C    25.26300   24.84500   27.91300  
H    24.51500   24.74500   27.12300  
H    25.59000   25.88600   27.97300  
H    26.14900   24.22900   27.73400  
S    24.58300   24.35000   29.51200  
C    23.37700   25.69600   29.54600  
H    22.94700   25.68800   30.55000  
H    23.83400   26.62900   29.20400  
H    22.64500   25.38500   28.79700  
O    25.66100   24.59900   30.52100  
C    38.80400   27.70000   26.29200  
H    38.24500   26.99900   25.66600  
H    39.86500   27.45400   26.19600  
H    38.53100   27.52000   27.33400  
S    38.32100   29.37300   25.80900  
C    39.87900   30.19000   26.22200  
H    39.96900   31.26200   26.02900  
H    40.21800   30.11600   27.25800  
H    40.65400   29.81500   25.54800  
O    37.25500   29.87700   26.73200  
C    28.03800   22.87900   25.37900  
H    28.51300   22.05500   25.91700  
H    28.14000   23.75700   26.02300  
H    26.98100   22.68000   25.18600  
S    28.87600   23.10500   23.79400  
C    28.23700   21.58900   23.04600  
H    27.16900   21.72200   22.85300  
H    28.86000   21.31800   22.19000  
H    28.52100   20.75400   23.69200  
O    30.30900   22.82900   24.13000  
C    31.48000   22.70300   27.24500  
H    32.56500   22.64700   27.13000  
H    30.93500   22.78000   26.30100  
H    31.25000   23.65000   27.74100  
S    30.89700   21.37200   28.32000  
C    30.94600   20.04100   27.09900  
H    30.26100   19.24900   27.41200  
H    30.71400   20.46800   26.12000  
H    31.95700   19.63300   27.17400  
O    29.47100   21.74100   28.58700  
C    22.05300   36.10800   27.83200  
H    21.39200   35.39400   28.32900  
H    22.49300   36.93800   28.39200  
H    21.42500   36.54100   27.04900  
S    23.34500   35.25000   26.90600  
C    24.60400   35.19400   28.20100  
H    24.19400   34.68900   29.08000  
H    25.48500   34.65900   27.83600  
H    24.81600   36.22200   28.50400  
O    23.83600   36.16400   25.82700  
C    32.92700   27.28000   32.81200  
H    32.80800   27.89600   33.70700  
H    33.02000   26.22600   33.08800  
H    33.71300   27.57000   32.11100  
S    31.46400   27.58700   31.79800  
C    31.67400   29.37900   31.69800  
H    31.55800   29.63700   30.64300  
H    30.76100   29.80100   32.12700  
H    32.58900   29.64000   32.23700  
O    30.36000   27.26400   32.75600  
C    35.34600   27.92900   24.33800  
H    36.00100   28.61800   24.87800  
H    34.64400   27.40100   24.98900  
H    36.03200   27.29000   23.77600  
S    34.22000   28.75200   23.18800  
C    35.44800   29.95900   22.64100  
H    35.67400   30.56500   23.52200  
H    36.30100   29.41600   22.22600  
H    34.99400   30.64000   21.91700  
O    33.33500   29.40200   24.20500  
C    24.11500   29.08200   25.55100  
H    23.88600   28.88300   24.50100  
H    23.48800   28.58400   26.29500  
H    24.13800   30.14700   25.79700  
S    25.82900   28.60100   25.86200  
C    25.78200   26.91200   25.22100  
H    25.55700   26.88200   24.15200  
H    26.80900   26.59400   25.41900  
H    25.01200   26.30400   25.70200  
O    25.91000   28.47400   27.35100  
C    29.69200   28.01100   36.46000  
H    29.45900   28.14500   35.40000  
H    29.00800   27.27800   36.89600  
H    29.76400   28.97700   36.96600  
S    31.40200   27.42900   36.43600  
C    30.90500   25.79600   35.84400  
H    30.62900   25.89700   34.79100  
H    31.69700   25.06100   36.00900  
H    30.07200   25.39000   36.42400  
O    31.73500   27.26600   37.88600  
C    34.42700   18.13400   29.49400  
H    34.57500   18.07800   28.41300  
H    35.35400   17.77700   29.94800  
H    33.50300   17.61900   29.77000  
S    34.14900   19.88400   29.84900  
C    35.68500   20.39700   29.04800  
H    35.87200   21.47400   29.05700  
H    36.44600   19.82700   29.58700  
H    35.60300   19.97400   28.04300  
O    34.44800   20.05600   31.30600  
C    32.49700   25.51400   23.57200  
H    33.37300   25.81700   24.15000  
H    31.84400   26.38100   23.44500  
H    32.05700   24.58300   23.94000  
S    33.09700   25.20900   21.89500  
C    34.10600   23.79000   22.37800  
H    34.63600   23.36100   21.52300  
H    34.91100   24.08400   23.05600  
H    33.45500   22.99600   22.75200  
O    33.94100   26.38500   21.51400  
C    25.51300   32.56200   32.24200  
H    25.42300   33.16200   31.33400  
H    26.31700   33.00200   32.83800  
H    25.65000   31.49800   32.03200  
S    24.01300   32.85000   33.20700  
C    24.58400   31.90500   34.63700  
H    24.16700   32.32500   35.55600  
H    24.17100   30.89800   34.54200  
H    25.67600   31.93400   34.59200  
O    23.04700   31.98600   32.45700  
C    37.99200   22.88000   26.27300  
H    39.03100   23.18500   26.41800  
H    37.74800   22.41100   27.22900  
H    37.76100   22.33900   25.35100  
S    37.02300   24.39200   26.07400  
C    35.42800   23.57600   26.31400  
H    35.37700   22.70400   25.65600  
H    35.37300   23.33900   27.37900  
H    34.72000   24.33300   25.96900  
O    37.04700   24.68900   24.60700  
C    32.31800   36.19000   27.71000  
H    31.81500   36.24900   28.67800  
H    32.85500   35.24000   27.64700  
H    32.98600   37.02900   27.49900  
S    31.06700   35.87300   26.44500  
C    32.17300   35.94800   25.01800  
H    31.52900   36.00400   24.13600  
H    32.94400   36.72100   25.07100  
H    32.74500   35.01700   25.02600  
O    30.36200   37.19000   26.34300  
C    24.26200   31.66400   28.30400  
H    23.86700   32.23300   27.45900  
H    24.78500   32.36500   28.96000  
H    24.96000   30.90400   27.94400  
S    23.06600   30.87500   29.40500  
C    24.24700   29.58800   29.86700  
H    24.33300   28.91100   29.01300  
H    25.20500   30.06700   30.08600  
H    23.82300   29.06200   30.72600  
O    22.03300   30.14900   28.60100  
C    27.60400   34.57100   26.39300  
H    28.30400   34.65100   25.55800  
H    26.57000   34.54200   26.04100  
H    27.73700   35.42200   27.06700  
S    28.04900   33.03800   27.23900  
C    27.73800   31.83300   25.92900  
H    28.18700   30.87500   26.20100  
H    26.66400   31.65500   25.82800  
H    28.22800   32.25500   25.04800  
O    26.93000   32.76400   28.19500  
C    27.26800   19.41400   25.80000  
H    26.61400   20.23400   26.10800  
H    28.35000   19.55400   25.86200  
H    27.27200   19.09300   24.75500  
S    26.97900   18.07000   26.97200  
C    27.00500   19.15100   28.42000  
H    26.16700   19.83800   28.27900  
H    26.92100   18.42900   29.23700  
H    27.89800   19.74700   28.62300  
O    28.35600   17.48600   26.90800  
C    31.42500   31.88300   34.55900  
H    31.51300   30.82500   34.30000  
H    31.47100   32.47600   33.64200  
H    32.19800   32.14100   35.28700  
S    29.76600   32.09200   35.24400  
C    29.11200   31.19900   33.81500  
H    28.03400   31.32000   33.68600  
H    29.47600   31.59900   32.86500  
H    29.34200   30.13700   33.92900  
O    29.44400   33.52600   34.96000  
C    34.96100   27.42800   28.65500  
H    34.45700   28.37600   28.45000  
H    35.23700   26.85900   27.76400  
H    34.50200   26.70000   29.32900  
S    36.48000   27.91900   29.50300  
C    37.14600   26.27400   29.84500  
H    36.30500   25.70000   30.24200  
H    37.52400   25.84100   28.91500  
H    37.85000   26.47500   30.65600  
O    35.88300   28.24900   30.83500  
$end

$rem
JOBTYPE  SP
METHOD  B3LYP
BASIS  6-31+G(D)
SYMMETRY  FALSE
SYM_IGNORE  TRUE
MEM_TOTAL  16000
MEM_STATIC  8000
MAX_SUB_FILE_NUM  16000
BASIS_LIN_DEP_THRESH  6
THRESH  14
SCF_CONVERGENCE  8
GEN_SCFMAN  TRUE
SCF_GUESS  SAD
FD_MAT_VEC_PROD  FALSE
XC_GRID  000075000302
NL_GRID  1
MAX_SCF_CYCLES  200
ENV_METHOD  B3LYP
GEN_SCFMAN_EMBED  TRUE
SPADE_PARTITION  TRUE
$end

$development
embedding_early_stop  1
$end

@@@

$molecule
0 1
@C    30.45800   28.83500   28.16900  
@C    29.28200   28.47000   29.09100  
@C    28.64200   27.15800   28.60900  
@C    29.65300   26.00000   28.63300  
@C    30.84300   26.29800   27.70700  
@C    31.45700   27.68600   27.95600  
@H    27.85500   26.90100   29.32900  
@H    29.53900   28.25500   30.13500  
@H    30.06300   29.07300   27.17400  
@H    30.92600   29.76500   28.51200  
@H    29.95400   25.97600   29.68800  
@H    29.22100   25.03700   28.33300  
@H    31.63700   25.55200   27.83500  
@H    30.59200   26.22100   26.64200  
@H    32.11900   27.56100   28.82100  
@H    32.18400   27.93100   27.17200  
@H    28.18300   27.11300   27.61400  
@N    28.24500   29.49800   29.01600  
@H    27.75600   29.66600   28.14400  
@C    27.99000   30.49800   29.93000  
@H    27.18900   31.16500   29.56500  
@O    28.71400   30.56100   30.90800  
C    35.85200   33.09800   29.51500  
H    34.95500   32.47700   29.56900  
H    35.89500   33.57200   30.49900  
H    35.74400   33.84200   28.72100  
S    37.36800   32.13600   29.31200  
C    37.41900   31.22400   30.87100  
H    37.19600   31.85900   31.73200  
H    36.73000   30.37500   30.84600  
H    38.43900   30.87000   31.03900  
O    38.47600   33.14300   29.26300  
C    23.89000   32.09100   22.32300  
H    23.89800   32.75300   21.45400  
H    23.58600   31.11000   21.94900  
H    23.26300   32.51600   23.11100  
S    25.63000   32.13500   22.81000  
C    25.61700   33.86800   23.32000  
H    25.07100   33.92200   24.26500  
H    26.62900   34.27100   23.41900  
H    25.12700   34.50600   22.58000  
O    26.41300   32.03500   21.53800  
C    31.63900   31.51300   26.05900  
H    30.70900   32.08700   26.05000  
H    32.12900   31.53800   25.08200  
H    31.51400   30.45400   26.29700  
S    32.89600   32.13500   27.19900  
C    34.13500   30.94600   26.63500  
H    33.72800   29.93200   26.63600  
H    34.45600   31.13900   25.60900  
H    34.90500   31.03900   27.40600  
O    32.31800   31.72100   28.51600  
C    24.83100   27.37100   33.32300  
H    24.56900   26.76700   32.45100  
H    25.40600   26.70200   33.96800  
H    23.98700   27.84800   33.82900  
S    25.99100   28.66100   32.81900  
C    27.32300   27.49900   32.44500  
H    28.08500   27.95300   31.80700  
H    27.77700   27.17400   33.38400  
H    26.93500   26.61100   31.93800  
O    26.65500   29.29900   33.99900  
C    29.90000   31.60000   22.02100  
H    30.72300   31.29900   22.67400  
H    28.94200   31.13500   22.27100  
H    30.36700   31.32900   21.07100  
S    29.81600   33.40000   22.14900  
C    31.50200   33.95900   21.81300  
H    31.54700   33.89300   20.72300  
H    31.54500   34.99100   22.17000  
H    32.25000   33.32300   22.29300  
O    29.74100   33.59700   23.63100  
C    30.52900   28.20000   21.68500  
H    30.44500   27.33600   21.02100  
H    30.72100   29.14000   21.16100  
H    31.40500   28.11800   22.33400  
S    29.00100   28.13200   22.64700  
C    29.73800   28.76200   24.17200  
H    29.81600   29.85100   24.10700  
H    28.98300   28.61900   24.94800  
H    30.62700   28.18400   24.43800  
O    28.77400   26.65600   22.75600  
C    34.92700   24.35000   32.21000  
H    35.47100   25.29300   32.30600  
H    34.47600   24.05300   33.16000  
H    35.62000   23.57400   31.87500  
S    33.75800   24.62400   30.86000  
C    32.80400   23.12800   31.19900  
H    31.92500   23.20900   30.55500  
H    33.36100   22.27500   30.80200  
H    32.46500   22.93300   32.22000  
O    34.53900   24.23100   29.64500  
C    28.30400   34.21500   31.01900  
H    27.68800   35.07500   30.74000  
H    27.74600   33.30600   30.78000  
H    28.47700   34.13000   32.09400  
S    29.86600   34.42100   30.13500  
C    30.77000   33.11800   31.00100  
H    30.53000   33.19100   32.06500  
H    30.64500   32.14700   30.51500  
H    31.84900   33.29000   31.03700  
O    30.29500   35.69700   30.79000  
C    34.03000   35.37800   32.17500  
H    34.73100   34.80000   31.56600  
H    33.25200   35.87200   31.58800  
H    34.60500   36.14900   32.69500  
S    33.35700   34.24500   33.41200  
C    32.35900   35.47600   34.27900  
H    31.88300   34.98700   35.13300  
H    32.95000   36.28500   34.71500  
H    31.59900   35.90700   33.62200  
O    34.52600   34.05400   34.32800  
C    29.46600   24.26000   31.59000  
H    30.48400   24.44300   31.94200  
H    29.44300   23.86900   30.57000  
H    28.75300   25.08800   31.63000  
S    28.87500   22.85600   32.56200  
C    29.03300   23.63800   34.18300  
H    30.11300   23.72100   34.32600  
H    28.66400   24.66200   34.28300  
H    28.49900   23.14800   35.00100  
O    29.98600   21.85200   32.59700  
C    25.26300   24.84500   27.91300  
H    24.51500   24.74500   27.12300  
H    25.59000   25.88600   27.97300  
H    26.14900   24.22900   27.73400  
S    24.58300   24.35000   29.51200  
C    23.37700   25.69600   29.54600  
H    22.94700   25.68800   30.55000  
H    23.83400   26.62900   29.20400  
H    22.64500   25.38500   28.79700  
O    25.66100   24.59900   30.52100  
C    38.80400   27.70000   26.29200  
H    38.24500   26.99900   25.66600  
H    39.86500   27.45400   26.19600  
H    38.53100   27.52000   27.33400  
S    38.32100   29.37300   25.80900  
C    39.87900   30.19000   26.22200  
H    39.96900   31.26200   26.02900  
H    40.21800   30.11600   27.25800  
H    40.65400   29.81500   25.54800  
O    37.25500   29.87700   26.73200  
C    28.03800   22.87900   25.37900  
H    28.51300   22.05500   25.91700  
H    28.14000   23.75700   26.02300  
H    26.98100   22.68000   25.18600  
S    28.87600   23.10500   23.79400  
C    28.23700   21.58900   23.04600  
H    27.16900   21.72200   22.85300  
H    28.86000   21.31800   22.19000  
H    28.52100   20.75400   23.69200  
O    30.30900   22.82900   24.13000  
C    31.48000   22.70300   27.24500  
H    32.56500   22.64700   27.13000  
H    30.93500   22.78000   26.30100  
H    31.25000   23.65000   27.74100  
S    30.89700   21.37200   28.32000  
C    30.94600   20.04100   27.09900  
H    30.26100   19.24900   27.41200  
H    30.71400   20.46800   26.12000  
H    31.95700   19.63300   27.17400  
O    29.47100   21.74100   28.58700  
C    22.05300   36.10800   27.83200  
H    21.39200   35.39400   28.32900  
H    22.49300   36.93800   28.39200  
H    21.42500   36.54100   27.04900  
S    23.34500   35.25000   26.90600  
C    24.60400   35.19400   28.20100  
H    24.19400   34.68900   29.08000  
H    25.48500   34.65900   27.83600  
H    24.81600   36.22200   28.50400  
O    23.83600   36.16400   25.82700  
C    32.92700   27.28000   32.81200  
H    32.80800   27.89600   33.70700  
H    33.02000   26.22600   33.08800  
H    33.71300   27.57000   32.11100  
S    31.46400   27.58700   31.79800  
C    31.67400   29.37900   31.69800  
H    31.55800   29.63700   30.64300  
H    30.76100   29.80100   32.12700  
H    32.58900   29.64000   32.23700  
O    30.36000   27.26400   32.75600  
C    35.34600   27.92900   24.33800  
H    36.00100   28.61800   24.87800  
H    34.64400   27.40100   24.98900  
H    36.03200   27.29000   23.77600  
S    34.22000   28.75200   23.18800  
C    35.44800   29.95900   22.64100  
H    35.67400   30.56500   23.52200  
H    36.30100   29.41600   22.22600  
H    34.99400   30.64000   21.91700  
O    33.33500   29.40200   24.20500  
C    24.11500   29.08200   25.55100  
H    23.88600   28.88300   24.50100  
H    23.48800   28.58400   26.29500  
H    24.13800   30.14700   25.79700  
S    25.82900   28.60100   25.86200  
C    25.78200   26.91200   25.22100  
H    25.55700   26.88200   24.15200  
H    26.80900   26.59400   25.41900  
H    25.01200   26.30400   25.70200  
O    25.91000   28.47400   27.35100  
C    29.69200   28.01100   36.46000  
H    29.45900   28.14500   35.40000  
H    29.00800   27.27800   36.89600  
H    29.76400   28.97700   36.96600  
S    31.40200   27.42900   36.43600  
C    30.90500   25.79600   35.84400  
H    30.62900   25.89700   34.79100  
H    31.69700   25.06100   36.00900  
H    30.07200   25.39000   36.42400  
O    31.73500   27.26600   37.88600  
C    34.42700   18.13400   29.49400  
H    34.57500   18.07800   28.41300  
H    35.35400   17.77700   29.94800  
H    33.50300   17.61900   29.77000  
S    34.14900   19.88400   29.84900  
C    35.68500   20.39700   29.04800  
H    35.87200   21.47400   29.05700  
H    36.44600   19.82700   29.58700  
H    35.60300   19.97400   28.04300  
O    34.44800   20.05600   31.30600  
C    32.49700   25.51400   23.57200  
H    33.37300   25.81700   24.15000  
H    31.84400   26.38100   23.44500  
H    32.05700   24.58300   23.94000  
S    33.09700   25.20900   21.89500  
C    34.10600   23.79000   22.37800  
H    34.63600   23.36100   21.52300  
H    34.91100   24.08400   23.05600  
H    33.45500   22.99600   22.75200  
O    33.94100   26.38500   21.51400  
C    25.51300   32.56200   32.24200  
H    25.42300   33.16200   31.33400  
H    26.31700   33.00200   32.83800  
H    25.65000   31.49800   32.03200  
S    24.01300   32.85000   33.20700  
C    24.58400   31.90500   34.63700  
H    24.16700   32.32500   35.55600  
H    24.17100   30.89800   34.54200  
H    25.67600   31.93400   34.59200  
O    23.04700   31.98600   32.45700  
C    37.99200   22.88000   26.27300  
H    39.03100   23.18500   26.41800  
H    37.74800   22.41100   27.22900  
H    37.76100   22.33900   25.35100  
S    37.02300   24.39200   26.07400  
C    35.42800   23.57600   26.31400  
H    35.37700   22.70400   25.65600  
H    35.37300   23.33900   27.37900  
H    34.72000   24.33300   25.96900  
O    37.04700   24.68900   24.60700  
C    32.31800   36.19000   27.71000  
H    31.81500   36.24900   28.67800  
H    32.85500   35.24000   27.64700  
H    32.98600   37.02900   27.49900  
S    31.06700   35.87300   26.44500  
C    32.17300   35.94800   25.01800  
H    31.52900   36.00400   24.13600  
H    32.94400   36.72100   25.07100  
H    32.74500   35.01700   25.02600  
O    30.36200   37.19000   26.34300  
C    24.26200   31.66400   28.30400  
H    23.86700   32.23300   27.45900  
H    24.78500   32.36500   28.96000  
H    24.96000   30.90400   27.94400  
S    23.06600   30.87500   29.40500  
C    24.24700   29.58800   29.86700  
H    24.33300   28.91100   29.01300  
H    25.20500   30.06700   30.08600  
H    23.82300   29.06200   30.72600  
O    22.03300   30.14900   28.60100  
C    27.60400   34.57100   26.39300  
H    28.30400   34.65100   25.55800  
H    26.57000   34.54200   26.04100  
H    27.73700   35.42200   27.06700  
S    28.04900   33.03800   27.23900  
C    27.73800   31.83300   25.92900  
H    28.18700   30.87500   26.20100  
H    26.66400   31.65500   25.82800  
H    28.22800   32.25500   25.04800  
O    26.93000   32.76400   28.19500  
C    27.26800   19.41400   25.80000  
H    26.61400   20.23400   26.10800  
H    28.35000   19.55400   25.86200  
H    27.27200   19.09300   24.75500  
S    26.97900   18.07000   26.97200  
C    27.00500   19.15100   28.42000  
H    26.16700   19.83800   28.27900  
H    26.92100   18.42900   29.23700  
H    27.89800   19.74700   28.62300  
O    28.35600   17.48600   26.90800  
C    31.42500   31.88300   34.55900  
H    31.51300   30.82500   34.30000  
H    31.47100   32.47600   33.64200  
H    32.19800   32.14100   35.28700  
S    29.76600   32.09200   35.24400  
C    29.11200   31.19900   33.81500  
H    28.03400   31.32000   33.68600  
H    29.47600   31.59900   32.86500  
H    29.34200   30.13700   33.92900  
O    29.44400   33.52600   34.96000  
C    34.96100   27.42800   28.65500  
H    34.45700   28.37600   28.45000  
H    35.23700   26.85900   27.76400  
H    34.50200   26.70000   29.32900  
S    36.48000   27.91900   29.50300  
C    37.14600   26.27400   29.84500  
H    36.30500   25.70000   30.24200  
H    37.52400   25.84100   28.91500  
H    37.85000   26.47500   30.65600  
O    35.88300   28.24900   30.83500  
$end

$rem
JOBTYPE  SP
METHOD  B3LYP
BASIS  6-31+G(D)
SYMMETRY  FALSE
SYM_IGNORE  TRUE
MEM_TOTAL  16000
MEM_STATIC  8000
MAX_SUB_FILE_NUM  16000
BASIS_LIN_DEP_THRESH  6
THRESH  14
SCF_CONVERGENCE  8
GEN_SCFMAN  FALSE
SCF_GUESS  READ
FD_MAT_VEC_PROD  FALSE
XC_GRID  000075000302
NL_GRID  1
MAX_SCF_CYCLES  200
SKIP_SCFMAN  TRUE
ESP_GRID  0
ESP_EFIELD  1
$end
