$molecule
0 1
--
0 1
C    26.73600   22.17400   27.09200  
C    27.01200   23.53700   27.74700  
C    27.51600   24.59100   26.74800  
C    26.78500   24.65800   25.39700  
C    26.44100   23.27500   24.81900  
C    25.86700   22.26500   25.82700  
H    27.45800   25.57300   27.23300  
H    26.06900   23.90000   28.17400  
H    27.66700   21.60200   26.98900  
H    26.22300   21.65600   27.91200  
H    25.93900   25.34900   25.49100  
H    27.39300   25.23200   24.68600  
H    25.66500   23.50200   24.07800  
H    27.39600   22.88600   24.44700  
H    24.83600   22.56500   26.05000  
H    25.80700   21.27300   25.36400  
H    28.57300   24.40200   26.52700  
N    27.87900   23.33200   28.90600  
H    28.85600   23.11700   28.75100  
C    27.50700   23.53300   30.21900  
H    28.35400   23.43800   30.92300  
O    26.38800   23.91200   30.51300  
--
0 1
C    23.98000   30.15800   23.78300  
H    23.59400   30.96900   23.15900  
H    23.87200   30.42400   24.83700  
H    25.05700   30.12700   23.60000  
S    23.39200   28.57900   23.13300  
C    24.56300   27.59000   24.08900  
H    25.58000   27.98300   24.01400  
H    24.27100   27.58100   25.14300  
H    24.56200   26.54400   23.77100  
O    23.84200   28.45300   21.71000  
C    24.22000   26.65700   32.07600  
H    23.71200   27.17200   31.25700  
H    24.81700   27.38000   32.63700  
H    24.93600   25.94000   31.66700  
S    23.07400   25.82000   33.19600  
C    22.04500   25.03300   31.93700  
H    21.66500   25.84500   31.31200  
H    22.58100   24.18400   31.50500  
H    21.17300   24.61400   32.44400  
O    22.30900   26.96900   33.77500  
C    29.19200   26.27500   30.49500  
H    29.43000   25.75700   31.42800  
H    28.13500   26.12000   30.26500  
H    29.77400   25.88300   29.65800  
S    29.42400   28.01600   30.92100  
C    28.25200   28.25200   32.27600  
H    27.31700   27.78800   31.95400  
H    28.73000   27.80100   33.15000  
H    27.98100   29.25900   32.60500  
O    28.79600   28.73800   29.76900  
C    31.60100   24.82800   34.93300  
H    30.56700   25.07800   35.18700  
H    31.80600   23.78900   35.20200  
H    32.34100   25.46800   35.41900  
S    31.94300   25.08800   33.17700  
C    33.71800   24.75200   33.21900  
H    33.77900   23.66500   33.31300  
H    34.17900   25.17400   32.32200  
H    34.07600   25.17700   34.16000  
O    32.11000   26.56800   33.02900  
C    26.18100   19.85800   22.73400  
H    26.15700   19.12400   21.92500  
H    25.30000   19.75600   23.37200  
H    26.25800   20.90600   22.43200  
S    27.49600   19.35800   23.86800  
C    28.66500   20.05000   22.67600  
H    28.70900   21.14200   22.68900  
H    29.63000   19.63800   22.98300  
H    28.45900   19.65800   21.67700  
O    27.43500   17.86600   23.76500  
C    23.40300   20.90800   35.17400  
H    23.14200   19.86400   35.36500  
H    23.57000   20.87800   34.09400  
H    24.38800   21.07300   35.61900  
S    22.23800   22.25100   35.49300  
C    21.02100   21.19600   36.31100  
H    21.35600   20.90700   37.31100  
H    19.99900   21.58200   36.34500  
H    20.87900   20.33600   35.65100  
O    21.60300   22.33300   34.14000  
C    31.20200   20.60100   27.35700  
H    31.01100   21.02700   26.36800  
H    30.31500   20.17000   27.82700  
H    31.37300   21.48900   27.97100  
S    32.60900   19.50500   27.06400  
C    31.56900   18.07300   26.70000  
H    31.32700   17.61000   27.66000  
H    30.61000   18.30900   26.23100  
H    32.06000   17.34300   26.05100  
O    33.16900   19.32900   28.44100  
C    31.45200   20.16000   30.78100  
H    32.47500   19.85900   31.01900  
H    30.96400   19.42400   30.13700  
H    31.46600   21.11400   30.24600  
S    30.49200   20.48300   32.27700  
C    28.82200   20.56700   31.59400  
H    28.13300   20.83200   32.40000  
H    28.76400   21.26500   30.75500  
H    28.50100   19.62200   31.14600  
O    30.88300   21.89200   32.59900  
C    27.63200   24.09400   18.39700  
H    26.88900   24.57600   19.03700  
H    28.55700   24.67400   18.45600  
H    27.25500   23.91500   17.38600  
S    28.07500   22.60400   19.31900  
C    26.49900   21.75800   19.06500  
H    25.66900   22.46800   19.10200  
H    26.52900   21.25800   18.09300  
H    26.38000   20.93600   19.77600  
O    27.97300   22.94700   20.77300  
C    25.48800   23.78300   34.77400  
H    25.59000   24.83500   35.05300  
H    25.15600   23.90800   33.74000  
H    24.78500   23.18100   35.35500  
S    26.96700   22.75100   34.88400  
C    27.96400   23.66300   33.68500  
H    28.92700   23.17700   33.50600  
H    27.43300   23.53000   32.73800  
H    27.86100   24.72400   33.92700  
O    26.48400   21.60600   34.05000  
C    21.34400   19.76500   25.35200  
H    20.91300   18.76000   25.36500  
H    20.87700   20.35600   24.55900  
H    22.41900   19.66300   25.18400  
S    21.09500   20.63400   26.91600  
C    19.35000   20.17800   27.01600  
H    19.38300   19.09300   27.13900  
H    18.88900   20.79100   27.79500  
H    19.03700   20.40000   25.99300  
O    20.93500   22.07400   26.54100  
C    21.66700   29.58900   30.98000  
H    21.52300   29.30600   32.02500  
H    22.64100   30.07000   30.85800  
H    20.86800   30.23700   30.61200  
S    21.69300   28.16100   29.87200  
C    21.73600   29.11900   28.34100  
H    21.30600   28.45600   27.58700  
H    21.09200   29.97600   28.55300  
H    22.79500   29.22200   28.08800  
O    20.29500   27.62500   29.90100  
C    29.21600   29.77900   26.67200  
H    30.08700   30.22000   26.18200  
H    28.32500   30.30100   26.31200  
H    29.28900   29.88000   27.75800  
S    29.13900   28.00800   26.31800  
C    30.82500   27.69500   26.88800  
H    31.37300   28.59600   26.60100  
H    30.84800   27.52100   27.96700  
H    31.22800   26.85200   26.32100  
O    29.32600   27.86500   24.83900  
C    29.60800   27.68500   20.61900  
H    29.87400   26.71300   20.19500  
H    29.90900   28.42700   19.87500  
H    30.17500   27.86300   21.53600  
S    27.81000   27.58700   20.77500  
C    27.84700   26.02200   21.67900  
H    26.79200   25.76600   21.80300  
H    28.43300   25.21800   21.22700  
H    28.32000   26.33000   22.61400  
O    27.38500   27.09400   19.42700  
C    26.00000   31.74300   28.72300  
H    25.75200   31.54400   29.76900  
H    27.05900   31.54600   28.54200  
H    25.68800   32.74900   28.43200  
S    25.03800   30.60700   27.69700  
C    25.98000   29.14500   28.18600  
H    25.88500   28.34300   27.44900  
H    27.02400   29.46800   28.21000  
H    25.72400   28.80400   29.19200  
O    25.71600   30.84700   26.38500  
C    20.51100   25.25000   22.62800  
H    21.30300   24.97600   23.32800  
H    20.70500   24.57500   21.79000  
H    20.74000   26.26600   22.29600  
S    18.88500   24.86200   23.31500  
C    19.36000   23.15700   23.67700  
H    20.21800   23.03700   24.34400  
H    18.45900   22.83000   24.20300  
H    19.54000   22.72000   22.69200  
O    18.05700   24.75400   22.07200  
C    22.69700   25.25800   25.74900  
H    23.39000   25.04000   24.93200  
H    21.85000   24.56800   25.71900  
H    22.19200   26.22700   25.74900  
S    23.56000   25.25800   27.33600  
C    22.07600   25.14500   28.36100  
H    22.32700   25.48400   29.37000  
H    21.43200   25.86900   27.85600  
H    21.59500   24.16800   28.27200  
O    24.07700   26.65800   27.44900  
C    22.59400   16.76000   22.89600  
H    22.65200   16.97500   21.82600  
H    22.12400   15.79000   23.08300  
H    22.10100   17.60000   23.39200  
S    24.27400   16.71400   23.55900  
C    24.49200   14.93100   23.36200  
H    24.55900   14.75300   22.28500  
H    25.41700   14.69200   23.89300  
H    23.61800   14.42100   23.77400  
O    23.86000   16.69000   24.99700  
C    30.44300   30.82700   23.31100  
H    31.35600   31.41300   23.17900  
H    29.93900   31.17500   24.21600  
H    30.58600   29.75000   23.19400  
S    29.18700   31.32500   22.11000  
C    28.00100   30.12200   22.75200  
H    27.12500   29.96400   22.11800  
H    28.59000   29.20100   22.77900  
H    27.75400   30.32500   23.79800  
O    29.52300   30.71800   20.78400  
C    22.22000   21.29400   19.62500  
H    22.76900   20.54600   19.04600  
H    21.16800   21.04300   19.78500  
H    22.23200   22.23000   19.06000  
S    22.92800   21.71400   21.23300  
C    22.72900   20.07900   21.97700  
H    21.65200   19.89300   21.96800  
H    23.19600   19.33700   21.32400  
H    23.19000   20.06600   22.96800  
O    21.89300   22.55400   21.91300  
C    24.63300   21.40300   31.77600  
H    25.41600   22.13800   31.98000  
H    23.64200   21.51500   32.22400  
H    24.97500   20.53400   32.34500  
S    24.50000   20.94100   30.03400  
C    23.30800   22.17700   29.47200  
H    23.69200   23.20100   29.47300  
H    23.00000   21.89400   28.46200  
H    22.45400   22.11900   30.15100  
O    23.66300   19.70100   30.09500  
C    23.80300   26.89700   18.62100  
H    23.27100   27.64300   19.21700  
H    24.86100   27.08700   18.81900  
H    23.62800   27.08800   17.55900  
S    23.24500   25.23300   19.04900  
C    24.26600   25.13200   20.53600  
H    25.25000   25.43900   20.17300  
H    23.99300   25.76700   21.38300  
H    24.32000   24.09300   20.87000  
O    23.90700   24.29900   18.08400  
C    31.89200   23.13200   21.88100  
H    32.64200   23.36800   21.12200  
H    32.07000   22.26100   22.51700  
H    30.96600   23.05500   21.30600  
S    31.87300   24.53800   23.01600  
C    30.27200   24.25700   23.80500  
H    29.91200   25.18000   24.26600  
H    29.59000   24.02200   22.98300  
H    30.21200   23.49500   24.58700  
O    31.65000   25.64600   22.03600  
C    27.06900   26.36000   37.33500  
H    27.73600   26.40000   38.20000  
H    26.11200   26.78800   37.64300  
H    26.98400   25.31500   37.02800  
S    27.69700   27.22500   35.87800  
C    27.55700   28.82900   36.69700  
H    28.27900   28.74800   37.51300  
H    27.78900   29.67700   36.04700  
H    26.56900   28.96500   37.14400  
O    26.55700   27.37500   34.92000  
C    25.67400   18.57100   27.34000  
H    24.89300   17.88200   27.67300  
H    25.60100   19.60600   27.68100  
H    25.67100   18.63900   26.24900  
S    27.25400   17.83900   27.82600  
C    26.64600   17.52500   29.49800  
H    25.60000   17.20900   29.46700  
H    27.38000   16.77600   29.80800  
H    26.74100   18.43900   30.09000  
O    28.16200   19.01700   28.00100  
C    33.98900   24.09400   28.13700  
H    33.79500   24.57100   27.17400  
H    34.90200   24.56400   28.51200  
H    34.11900   23.04900   27.84400  
S    32.71200   24.34500   29.39100  
C    33.42600   23.06600   30.45000  
H    34.42900   23.30300   30.81300  
H    32.74400   22.94400   31.29500  
H    33.55100   22.15000   29.86800  
O    31.46500   23.77700   28.78900  
$end

$rem
JOBTYPE  SP
METHOD  B3LYP
BASIS  6-31+G(D)
SYMMETRY  FALSE
SYM_IGNORE  TRUE
MEM_TOTAL  12000
MEM_STATIC  4000
BASIS_LIN_DEP_THRESH  6
THRESH  14
SCF_CONVERGENCE  8
FD_MAT_VEC_PROD  FALSE
XC_GRID  000075000302
NL_GRID  1
MAX_SCF_CYCLES  200
FRGM_METHOD  STOLL
SCFMI_MODE  1
ALMO_EFIELD  TRUE
$end

$rem_frgm
SCF_CONVERGENCE  4
$end


@@@

$molecule
0 1
@C    26.73600   22.17400   27.09200  
@C    27.01200   23.53700   27.74700  
@C    27.51600   24.59100   26.74800  
@C    26.78500   24.65800   25.39700  
@C    26.44100   23.27500   24.81900  
@C    25.86700   22.26500   25.82700  
@H    27.45800   25.57300   27.23300  
@H    26.06900   23.90000   28.17400  
@H    27.66700   21.60200   26.98900  
@H    26.22300   21.65600   27.91200  
@H    25.93900   25.34900   25.49100  
@H    27.39300   25.23200   24.68600  
@H    25.66500   23.50200   24.07800  
@H    27.39600   22.88600   24.44700  
@H    24.83600   22.56500   26.05000  
@H    25.80700   21.27300   25.36400  
@H    28.57300   24.40200   26.52700  
@N    27.87900   23.33200   28.90600  
@H    28.85600   23.11700   28.75100  
@C    27.50700   23.53300   30.21900  
@H    28.35400   23.43800   30.92300  
@O    26.38800   23.91200   30.51300  
C    23.98000   30.15800   23.78300  
H    23.59400   30.96900   23.15900  
H    23.87200   30.42400   24.83700  
H    25.05700   30.12700   23.60000  
S    23.39200   28.57900   23.13300  
C    24.56300   27.59000   24.08900  
H    25.58000   27.98300   24.01400  
H    24.27100   27.58100   25.14300  
H    24.56200   26.54400   23.77100  
O    23.84200   28.45300   21.71000  
C    24.22000   26.65700   32.07600  
H    23.71200   27.17200   31.25700  
H    24.81700   27.38000   32.63700  
H    24.93600   25.94000   31.66700  
S    23.07400   25.82000   33.19600  
C    22.04500   25.03300   31.93700  
H    21.66500   25.84500   31.31200  
H    22.58100   24.18400   31.50500  
H    21.17300   24.61400   32.44400  
O    22.30900   26.96900   33.77500  
C    29.19200   26.27500   30.49500  
H    29.43000   25.75700   31.42800  
H    28.13500   26.12000   30.26500  
H    29.77400   25.88300   29.65800  
S    29.42400   28.01600   30.92100  
C    28.25200   28.25200   32.27600  
H    27.31700   27.78800   31.95400  
H    28.73000   27.80100   33.15000  
H    27.98100   29.25900   32.60500  
O    28.79600   28.73800   29.76900  
C    31.60100   24.82800   34.93300  
H    30.56700   25.07800   35.18700  
H    31.80600   23.78900   35.20200  
H    32.34100   25.46800   35.41900  
S    31.94300   25.08800   33.17700  
C    33.71800   24.75200   33.21900  
H    33.77900   23.66500   33.31300  
H    34.17900   25.17400   32.32200  
H    34.07600   25.17700   34.16000  
O    32.11000   26.56800   33.02900  
C    26.18100   19.85800   22.73400  
H    26.15700   19.12400   21.92500  
H    25.30000   19.75600   23.37200  
H    26.25800   20.90600   22.43200  
S    27.49600   19.35800   23.86800  
C    28.66500   20.05000   22.67600  
H    28.70900   21.14200   22.68900  
H    29.63000   19.63800   22.98300  
H    28.45900   19.65800   21.67700  
O    27.43500   17.86600   23.76500  
C    23.40300   20.90800   35.17400  
H    23.14200   19.86400   35.36500  
H    23.57000   20.87800   34.09400  
H    24.38800   21.07300   35.61900  
S    22.23800   22.25100   35.49300  
C    21.02100   21.19600   36.31100  
H    21.35600   20.90700   37.31100  
H    19.99900   21.58200   36.34500  
H    20.87900   20.33600   35.65100  
O    21.60300   22.33300   34.14000  
C    31.20200   20.60100   27.35700  
H    31.01100   21.02700   26.36800  
H    30.31500   20.17000   27.82700  
H    31.37300   21.48900   27.97100  
S    32.60900   19.50500   27.06400  
C    31.56900   18.07300   26.70000  
H    31.32700   17.61000   27.66000  
H    30.61000   18.30900   26.23100  
H    32.06000   17.34300   26.05100  
O    33.16900   19.32900   28.44100  
C    31.45200   20.16000   30.78100  
H    32.47500   19.85900   31.01900  
H    30.96400   19.42400   30.13700  
H    31.46600   21.11400   30.24600  
S    30.49200   20.48300   32.27700  
C    28.82200   20.56700   31.59400  
H    28.13300   20.83200   32.40000  
H    28.76400   21.26500   30.75500  
H    28.50100   19.62200   31.14600  
O    30.88300   21.89200   32.59900  
C    27.63200   24.09400   18.39700  
H    26.88900   24.57600   19.03700  
H    28.55700   24.67400   18.45600  
H    27.25500   23.91500   17.38600  
S    28.07500   22.60400   19.31900  
C    26.49900   21.75800   19.06500  
H    25.66900   22.46800   19.10200  
H    26.52900   21.25800   18.09300  
H    26.38000   20.93600   19.77600  
O    27.97300   22.94700   20.77300  
C    25.48800   23.78300   34.77400  
H    25.59000   24.83500   35.05300  
H    25.15600   23.90800   33.74000  
H    24.78500   23.18100   35.35500  
S    26.96700   22.75100   34.88400  
C    27.96400   23.66300   33.68500  
H    28.92700   23.17700   33.50600  
H    27.43300   23.53000   32.73800  
H    27.86100   24.72400   33.92700  
O    26.48400   21.60600   34.05000  
C    21.34400   19.76500   25.35200  
H    20.91300   18.76000   25.36500  
H    20.87700   20.35600   24.55900  
H    22.41900   19.66300   25.18400  
S    21.09500   20.63400   26.91600  
C    19.35000   20.17800   27.01600  
H    19.38300   19.09300   27.13900  
H    18.88900   20.79100   27.79500  
H    19.03700   20.40000   25.99300  
O    20.93500   22.07400   26.54100  
C    21.66700   29.58900   30.98000  
H    21.52300   29.30600   32.02500  
H    22.64100   30.07000   30.85800  
H    20.86800   30.23700   30.61200  
S    21.69300   28.16100   29.87200  
C    21.73600   29.11900   28.34100  
H    21.30600   28.45600   27.58700  
H    21.09200   29.97600   28.55300  
H    22.79500   29.22200   28.08800  
O    20.29500   27.62500   29.90100  
C    29.21600   29.77900   26.67200  
H    30.08700   30.22000   26.18200  
H    28.32500   30.30100   26.31200  
H    29.28900   29.88000   27.75800  
S    29.13900   28.00800   26.31800  
C    30.82500   27.69500   26.88800  
H    31.37300   28.59600   26.60100  
H    30.84800   27.52100   27.96700  
H    31.22800   26.85200   26.32100  
O    29.32600   27.86500   24.83900  
C    29.60800   27.68500   20.61900  
H    29.87400   26.71300   20.19500  
H    29.90900   28.42700   19.87500  
H    30.17500   27.86300   21.53600  
S    27.81000   27.58700   20.77500  
C    27.84700   26.02200   21.67900  
H    26.79200   25.76600   21.80300  
H    28.43300   25.21800   21.22700  
H    28.32000   26.33000   22.61400  
O    27.38500   27.09400   19.42700  
C    26.00000   31.74300   28.72300  
H    25.75200   31.54400   29.76900  
H    27.05900   31.54600   28.54200  
H    25.68800   32.74900   28.43200  
S    25.03800   30.60700   27.69700  
C    25.98000   29.14500   28.18600  
H    25.88500   28.34300   27.44900  
H    27.02400   29.46800   28.21000  
H    25.72400   28.80400   29.19200  
O    25.71600   30.84700   26.38500  
C    20.51100   25.25000   22.62800  
H    21.30300   24.97600   23.32800  
H    20.70500   24.57500   21.79000  
H    20.74000   26.26600   22.29600  
S    18.88500   24.86200   23.31500  
C    19.36000   23.15700   23.67700  
H    20.21800   23.03700   24.34400  
H    18.45900   22.83000   24.20300  
H    19.54000   22.72000   22.69200  
O    18.05700   24.75400   22.07200  
C    22.69700   25.25800   25.74900  
H    23.39000   25.04000   24.93200  
H    21.85000   24.56800   25.71900  
H    22.19200   26.22700   25.74900  
S    23.56000   25.25800   27.33600  
C    22.07600   25.14500   28.36100  
H    22.32700   25.48400   29.37000  
H    21.43200   25.86900   27.85600  
H    21.59500   24.16800   28.27200  
O    24.07700   26.65800   27.44900  
C    22.59400   16.76000   22.89600  
H    22.65200   16.97500   21.82600  
H    22.12400   15.79000   23.08300  
H    22.10100   17.60000   23.39200  
S    24.27400   16.71400   23.55900  
C    24.49200   14.93100   23.36200  
H    24.55900   14.75300   22.28500  
H    25.41700   14.69200   23.89300  
H    23.61800   14.42100   23.77400  
O    23.86000   16.69000   24.99700  
C    30.44300   30.82700   23.31100  
H    31.35600   31.41300   23.17900  
H    29.93900   31.17500   24.21600  
H    30.58600   29.75000   23.19400  
S    29.18700   31.32500   22.11000  
C    28.00100   30.12200   22.75200  
H    27.12500   29.96400   22.11800  
H    28.59000   29.20100   22.77900  
H    27.75400   30.32500   23.79800  
O    29.52300   30.71800   20.78400  
C    22.22000   21.29400   19.62500  
H    22.76900   20.54600   19.04600  
H    21.16800   21.04300   19.78500  
H    22.23200   22.23000   19.06000  
S    22.92800   21.71400   21.23300  
C    22.72900   20.07900   21.97700  
H    21.65200   19.89300   21.96800  
H    23.19600   19.33700   21.32400  
H    23.19000   20.06600   22.96800  
O    21.89300   22.55400   21.91300  
C    24.63300   21.40300   31.77600  
H    25.41600   22.13800   31.98000  
H    23.64200   21.51500   32.22400  
H    24.97500   20.53400   32.34500  
S    24.50000   20.94100   30.03400  
C    23.30800   22.17700   29.47200  
H    23.69200   23.20100   29.47300  
H    23.00000   21.89400   28.46200  
H    22.45400   22.11900   30.15100  
O    23.66300   19.70100   30.09500  
C    23.80300   26.89700   18.62100  
H    23.27100   27.64300   19.21700  
H    24.86100   27.08700   18.81900  
H    23.62800   27.08800   17.55900  
S    23.24500   25.23300   19.04900  
C    24.26600   25.13200   20.53600  
H    25.25000   25.43900   20.17300  
H    23.99300   25.76700   21.38300  
H    24.32000   24.09300   20.87000  
O    23.90700   24.29900   18.08400  
C    31.89200   23.13200   21.88100  
H    32.64200   23.36800   21.12200  
H    32.07000   22.26100   22.51700  
H    30.96600   23.05500   21.30600  
S    31.87300   24.53800   23.01600  
C    30.27200   24.25700   23.80500  
H    29.91200   25.18000   24.26600  
H    29.59000   24.02200   22.98300  
H    30.21200   23.49500   24.58700  
O    31.65000   25.64600   22.03600  
C    27.06900   26.36000   37.33500  
H    27.73600   26.40000   38.20000  
H    26.11200   26.78800   37.64300  
H    26.98400   25.31500   37.02800  
S    27.69700   27.22500   35.87800  
C    27.55700   28.82900   36.69700  
H    28.27900   28.74800   37.51300  
H    27.78900   29.67700   36.04700  
H    26.56900   28.96500   37.14400  
O    26.55700   27.37500   34.92000  
C    25.67400   18.57100   27.34000  
H    24.89300   17.88200   27.67300  
H    25.60100   19.60600   27.68100  
H    25.67100   18.63900   26.24900  
S    27.25400   17.83900   27.82600  
C    26.64600   17.52500   29.49800  
H    25.60000   17.20900   29.46700  
H    27.38000   16.77600   29.80800  
H    26.74100   18.43900   30.09000  
O    28.16200   19.01700   28.00100  
C    33.98900   24.09400   28.13700  
H    33.79500   24.57100   27.17400  
H    34.90200   24.56400   28.51200  
H    34.11900   23.04900   27.84400  
S    32.71200   24.34500   29.39100  
C    33.42600   23.06600   30.45000  
H    34.42900   23.30300   30.81300  
H    32.74400   22.94400   31.29500  
H    33.55100   22.15000   29.86800  
O    31.46500   23.77700   28.78900  
$end

$rem
JOBTYPE  SP
METHOD  B3LYP
BASIS  6-31+G(D)
SYMMETRY  FALSE
SYM_IGNORE  TRUE
MEM_TOTAL  12000
MEM_STATIC  4000
BASIS_LIN_DEP_THRESH  6
THRESH  14
SCF_CONVERGENCE  8
FD_MAT_VEC_PROD  FALSE
XC_GRID  000075000302
NL_GRID  1
MAX_SCF_CYCLES  200
SCF_GUESS  READ_DEN
ALMO_EFIELD  TRUE
GEN_SCFMAN  FALSE
SKIP_SCFMAN  TRUE
ESP_GRID  0
ESP_EFIELD  1
$end
