$molecule
0 1
--
0 1
C    27.85300   28.54700   23.94600  
C    28.50800   29.76800   24.61000  
C    28.48800   29.55900   26.13300  
C    29.24500   28.27500   26.50700  
C    28.63900   27.03200   25.83500  
C    28.53100   27.21700   24.31300  
H    28.91900   30.41800   26.66300  
H    29.50900   29.97300   24.21100  
H    26.78800   28.53500   24.20800  
H    27.83200   28.66300   22.85500  
H    30.23100   28.31400   26.02700  
H    29.39500   28.27700   27.59400  
H    29.13400   26.06100   25.95900  
H    27.60100   26.93500   26.17500  
H    29.53700   27.31300   23.88700  
H    28.03100   26.39600   23.78300  
H    27.46400   29.47300   26.51800  
N    27.68600   30.92400   24.25500  
H    26.81500   30.76400   23.76300  
C    28.09100   32.24200   24.23000  
H    27.33600   32.87900   23.73500  
O    29.11800   32.65800   24.73700  
--
0 1
C    24.42800   33.63100   22.04900  
H    25.27500   34.32200   22.03300  
H    23.59200   34.11700   21.53900  
H    24.12400   33.34100   23.05800  
S    24.98400   32.24300   21.03400  
C    23.46000   31.29700   21.25000  
H    23.56300   30.31100   20.79000  
H    23.31900   31.09800   22.31600  
H    22.55400   31.80400   20.90800  
O    25.97500   31.54000   21.91000  
C    32.26000   30.28600   25.94000  
H    32.94000   30.93300   26.49900  
H    31.28700   30.76800   25.81400  
H    32.03200   29.42400   26.57100  
S    32.88100   29.76800   24.32400  
C    32.59300   31.39900   23.59900  
H    33.01600   31.31000   22.59500  
H    31.53600   31.66900   23.53000  
H    33.18900   32.17600   24.08500  
O    31.78600   28.96600   23.69200  
C    27.65900   23.42000   31.96500  
H    27.99700   22.78300   31.14500  
H    27.35600   22.79800   32.81200  
H    26.79000   24.00300   31.64900  
S    29.01800   24.52000   32.42100  
C    29.95800   23.33600   33.41200  
H    29.27700   22.90000   34.14800  
H    30.38600   22.55000   32.78400  
H    30.74800   23.79900   34.00800  
O    28.33500   25.27700   33.51600  
C    28.74100   37.26500   21.31100  
H    29.40300   38.13000   21.40600  
H    28.87600   36.64500   20.42100  
H    27.71500   37.58400   21.11200  
S    28.74300   36.25600   22.81000  
C    30.36600   35.47300   22.68000  
H    31.17800   36.09700   23.06200  
H    30.30200   34.53600   23.24000  
H    30.46700   35.11200   21.65300  
O    27.80300   35.18800   22.34500  
C    31.86400   31.75500   19.82200  
H    31.84900   30.79600   20.34700  
H    32.43000   31.80500   18.88800  
H    32.23200   32.40600   20.61800  
S    30.10600   32.08000   19.55400  
C    29.50200   31.90300   21.24800  
H    29.88000   32.78900   21.76400  
H    28.40900   31.93400   21.26200  
H    29.86300   30.98600   21.71900  
O    29.57200   30.82100   18.94600  
C    30.77500   32.68700   29.15300  
H    30.66100   31.79700   28.52800  
H    30.99000   32.42900   30.19300  
H    29.80300   33.18600   29.14900  
S    31.99000   33.78400   28.38600  
C    30.96400   33.74900   26.89900  
H    30.01500   34.29200   26.91500  
H    31.50100   34.22400   26.07500  
H    30.83200   32.72800   26.53100  
O    33.22300   32.97200   28.14000  
C    29.46200   23.58300   27.84000  
H    29.89200   24.45700   27.34600  
H    29.66500   22.77100   27.13600  
H    28.38700   23.76000   27.92400  
S    30.11800   23.32300   29.50400  
C    31.82700   23.07800   28.97100  
H    32.37000   22.50500   29.72700  
H    31.68200   22.61900   27.99000  
H    32.16900   24.10100   28.79400  
O    29.74800   21.88400   29.69100  
C    26.52800   26.98400   28.71100  
H    26.27500   26.59600   27.72100  
H    26.77700   28.04800   28.68700  
H    27.36400   26.32800   28.96500  
S    25.22400   26.59500   29.90100  
C    26.17300   27.18200   31.32200  
H    26.75000   28.08600   31.10800  
H    25.34100   27.35600   32.00800  
H    26.75200   26.35400   31.73800  
O    25.36100   25.11000   30.02300  
C    28.51600   22.51500   22.37600  
H    27.45700   22.70500   22.56700  
H    29.03300   23.14700   21.64900  
H    28.56800   21.46300   22.08600  
S    29.35000   22.62700   23.97500  
C    30.84800   21.88300   23.29200  
H    30.64300   20.85900   22.96900  
H    31.13600   22.51000   22.44300  
H    31.60500   21.90100   24.08000  
O    28.76100   21.62700   24.92000  
C    21.57100   37.55600   24.75000  
H    21.51800   37.33600   25.81900  
H    22.54500   38.01100   24.55400  
H    20.69800   38.13800   24.44200  
S    21.74600   35.94500   23.95000  
C    22.07000   36.59800   22.29700  
H    22.37000   35.70000   21.75000  
H    21.05900   36.81900   21.94500  
H    22.80700   37.39700   22.17600  
O    20.28800   35.62600   23.83800  
C    25.37300   22.54300   28.52000  
H    25.43200   22.75600   27.44900  
H    24.52000   22.92300   29.08700  
H    26.27600   22.99300   28.94200  
S    25.38100   20.73700   28.47900  
C    27.06900   20.73300   27.83400  
H    27.64900   20.91300   28.74300  
H    27.28500   19.80700   27.29400  
H    27.13900   21.55600   27.11900  
O    24.51400   20.51000   27.28000  
C    27.97100   37.68400   29.99400  
H    28.29900   37.57600   28.95800  
H    27.11400   38.29700   30.28600  
H    28.87600   38.11500   30.43100  
S    27.82300   35.99300   30.61200  
C    28.80000   36.15000   32.12400  
H    29.49300   36.97500   31.93700  
H    28.09700   36.40900   32.92000  
H    29.29400   35.20200   32.35000  
O    28.80200   35.31800   29.70300  
C    30.04600   38.78400   26.76100  
H    29.73500   39.81100   26.55400  
H    29.13400   38.18100   26.75000  
H    30.55900   38.84100   27.72400  
S    31.08700   38.25100   25.38400  
C    32.44600   39.44100   25.40300  
H    32.01300   40.38900   25.07300  
H    32.68500   39.57600   26.46100  
H    33.24700   39.16700   24.71100  
O    30.16600   38.53500   24.23800  
C    21.52100   25.41500   24.64800  
H    21.59500   24.56700   23.96300  
H    20.53400   25.84800   24.46400  
H    22.25900   26.20000   24.46300  
S    21.73200   24.77400   26.32400  
C    22.84400   23.41800   25.88800  
H    22.41800   22.88000   25.03800  
H    23.83100   23.81600   25.63700  
H    22.87500   22.78000   26.77500  
O    20.52500   23.91900   26.55800  
C    24.95600   35.56000   19.33700  
H    24.53800   36.54300   19.10700  
H    24.14200   34.83500   19.40100  
H    25.55000   35.63100   20.25200  
S    26.02900   35.13000   17.94800  
C    27.07400   34.04400   18.94500  
H    26.46800   33.16300   19.17000  
H    27.90900   33.78400   18.28800  
H    27.51600   34.61800   19.76300  
O    26.87100   36.33300   17.65400  
C    24.39600   25.50500   20.38100  
H    24.11900   25.88400   19.39400  
H    25.45700   25.24900   20.31200  
H    23.72700   24.68400   20.65000  
S    24.42500   26.78600   21.65500  
C    24.53800   25.66800   23.07000  
H    25.50400   25.15900   23.11000  
H    24.55400   26.20600   24.02200  
H    23.76000   24.90500   22.98300  
O    23.07400   27.43100   21.66700  
C    26.99000   39.42500   24.41500  
H    26.64000   40.45100   24.27100  
H    26.98400   39.10000   25.45900  
H    27.98200   39.32600   23.96700  
S    26.02100   38.37100   23.31400  
C    26.16100   39.36800   21.81400  
H    25.56300   40.26900   21.97400  
H    27.16400   39.75400   21.61400  
H    25.76900   38.84800   20.93600  
O    24.62000   38.64100   23.76800  
C    25.70700   30.98000   29.79300  
H    25.80800   31.49800   28.83600  
H    25.43700   29.92600   29.69000  
H    25.14600   31.63000   30.46900  
S    27.33600   30.89200   30.57000  
C    27.41500   32.68900   30.74100  
H    27.58400   33.06200   29.72800  
H    26.50800   33.19600   31.08000  
H    28.26500   33.01300   31.34900  
O    28.20600   30.56000   29.39700  
C    31.85500   28.07400   17.72600  
H    31.97200   28.31000   16.66500  
H    31.17700   27.22100   17.81300  
H    31.45000   28.88300   18.33800  
S    33.41600   27.50100   18.43400  
C    33.47900   25.92600   17.55100  
H    34.46500   25.51600   17.78200  
H    32.60400   25.41600   17.96100  
H    33.32400   26.18900   16.50100  
O    33.12300   27.29300   19.88700  
C    29.97300   27.76400   20.82400  
H    30.38900   28.65100   20.34000  
H    29.38200   28.13100   21.66700  
H    30.78700   27.21300   21.30400  
S    28.97500   26.79800   19.66800  
C    27.72200   28.09500   19.55700  
H    26.84800   27.82500   18.95900  
H    27.51100   28.21700   20.62300  
H    28.18900   29.00600   19.17300  
O    28.21500   25.77200   20.44800  
C    32.93500   25.07300   23.94500  
H    32.77700   24.30500   23.18300  
H    32.65500   26.03900   23.51600  
H    33.99100   25.07700   24.22900  
S    31.96800   24.65300   25.41200  
C    32.55000   26.03300   26.42300  
H    33.64200   26.05300   26.45700  
H    32.22500   26.97900   25.98300  
H    32.16500   25.81400   27.42200  
O    32.72300   23.45500   25.89800  
C    23.48500   30.58100   26.92000  
H    23.71600   30.73000   27.97700  
H    23.73400   31.44000   26.29100  
H    22.42800   30.34900   26.76800  
S    24.55900   29.26800   26.29700  
C    23.78800   29.28700   24.66300  
H    22.86200   28.70800   24.62300  
H    23.71000   30.33200   24.35100  
H    24.50600   28.76400   24.02600  
O    24.28200   27.92000   26.88700  
C    25.52900   35.92100   25.76300  
H    24.61000   36.19800   25.24100  
H    25.55500   36.54900   26.65700  
H    26.34500   36.13700   25.06900  
S    25.47200   34.22000   26.36900  
C    27.21800   34.22100   26.83800  
H    27.70500   34.27000   25.86100  
H    27.32100   35.15800   27.39200  
H    27.51200   33.34200   27.41600  
O    25.25500   33.32500   25.18900  
C    24.33700   30.71900   17.70000  
H    24.79900   30.52300   18.67100  
H    25.15600   31.03700   17.04900  
H    23.61000   31.53500   17.69800  
S    23.55700   29.22100   17.05800  
C    22.38700   29.02000   18.42000  
H    21.53300   29.70000   18.46800  
H    22.04300   28.00000   18.23400  
H    22.92000   28.96200   19.37300  
O    24.64100   28.20200   17.22400  
C    22.34400   20.17400   22.72600  
H    22.16900   20.18100   23.80500  
H    21.49900   20.59100   22.17300  
H    22.42500   19.16700   22.31000  
S    23.80300   21.16600   22.33500  
C    24.71600   20.30300   23.63300  
H    24.79300   19.22600   23.46300  
H    25.70200   20.77400   23.65800  
H    24.29000   20.45700   24.62800  
O    23.44800   22.52300   22.85900  
C    31.33400   29.05000   29.65600  
H    31.63600   29.59500   30.55400  
H    32.17700   28.73300   29.03700  
H    30.70400   29.64700   28.99200  
S    30.52800   27.46300   29.97000  
C    29.84000   27.85200   31.59500  
H    29.25700   28.77100   31.49500  
H    29.25100   27.05900   32.06300  
H    30.70700   28.01300   32.24200  
O    31.67200   26.54400   30.26600  
$end

$rem
JOBTYPE  SP
METHOD  B3LYP
BASIS  6-31+G(D)
SYMMETRY  FALSE
SYM_IGNORE  TRUE
MEM_TOTAL  12000
MEM_STATIC  4000
BASIS_LIN_DEP_THRESH  6
THRESH  14
SCF_CONVERGENCE  8
FD_MAT_VEC_PROD  FALSE
XC_GRID  000075000302
NL_GRID  1
MAX_SCF_CYCLES  200
FRGM_METHOD  STOLL
SCFMI_MODE  1
ALMO_EFIELD  TRUE
$end

$rem_frgm
SCF_CONVERGENCE  4
$end


@@@

$molecule
0 1
@C    27.85300   28.54700   23.94600  
@C    28.50800   29.76800   24.61000  
@C    28.48800   29.55900   26.13300  
@C    29.24500   28.27500   26.50700  
@C    28.63900   27.03200   25.83500  
@C    28.53100   27.21700   24.31300  
@H    28.91900   30.41800   26.66300  
@H    29.50900   29.97300   24.21100  
@H    26.78800   28.53500   24.20800  
@H    27.83200   28.66300   22.85500  
@H    30.23100   28.31400   26.02700  
@H    29.39500   28.27700   27.59400  
@H    29.13400   26.06100   25.95900  
@H    27.60100   26.93500   26.17500  
@H    29.53700   27.31300   23.88700  
@H    28.03100   26.39600   23.78300  
@H    27.46400   29.47300   26.51800  
@N    27.68600   30.92400   24.25500  
@H    26.81500   30.76400   23.76300  
@C    28.09100   32.24200   24.23000  
@H    27.33600   32.87900   23.73500  
@O    29.11800   32.65800   24.73700  
C    24.42800   33.63100   22.04900  
H    25.27500   34.32200   22.03300  
H    23.59200   34.11700   21.53900  
H    24.12400   33.34100   23.05800  
S    24.98400   32.24300   21.03400  
C    23.46000   31.29700   21.25000  
H    23.56300   30.31100   20.79000  
H    23.31900   31.09800   22.31600  
H    22.55400   31.80400   20.90800  
O    25.97500   31.54000   21.91000  
C    32.26000   30.28600   25.94000  
H    32.94000   30.93300   26.49900  
H    31.28700   30.76800   25.81400  
H    32.03200   29.42400   26.57100  
S    32.88100   29.76800   24.32400  
C    32.59300   31.39900   23.59900  
H    33.01600   31.31000   22.59500  
H    31.53600   31.66900   23.53000  
H    33.18900   32.17600   24.08500  
O    31.78600   28.96600   23.69200  
C    27.65900   23.42000   31.96500  
H    27.99700   22.78300   31.14500  
H    27.35600   22.79800   32.81200  
H    26.79000   24.00300   31.64900  
S    29.01800   24.52000   32.42100  
C    29.95800   23.33600   33.41200  
H    29.27700   22.90000   34.14800  
H    30.38600   22.55000   32.78400  
H    30.74800   23.79900   34.00800  
O    28.33500   25.27700   33.51600  
C    28.74100   37.26500   21.31100  
H    29.40300   38.13000   21.40600  
H    28.87600   36.64500   20.42100  
H    27.71500   37.58400   21.11200  
S    28.74300   36.25600   22.81000  
C    30.36600   35.47300   22.68000  
H    31.17800   36.09700   23.06200  
H    30.30200   34.53600   23.24000  
H    30.46700   35.11200   21.65300  
O    27.80300   35.18800   22.34500  
C    31.86400   31.75500   19.82200  
H    31.84900   30.79600   20.34700  
H    32.43000   31.80500   18.88800  
H    32.23200   32.40600   20.61800  
S    30.10600   32.08000   19.55400  
C    29.50200   31.90300   21.24800  
H    29.88000   32.78900   21.76400  
H    28.40900   31.93400   21.26200  
H    29.86300   30.98600   21.71900  
O    29.57200   30.82100   18.94600  
C    30.77500   32.68700   29.15300  
H    30.66100   31.79700   28.52800  
H    30.99000   32.42900   30.19300  
H    29.80300   33.18600   29.14900  
S    31.99000   33.78400   28.38600  
C    30.96400   33.74900   26.89900  
H    30.01500   34.29200   26.91500  
H    31.50100   34.22400   26.07500  
H    30.83200   32.72800   26.53100  
O    33.22300   32.97200   28.14000  
C    29.46200   23.58300   27.84000  
H    29.89200   24.45700   27.34600  
H    29.66500   22.77100   27.13600  
H    28.38700   23.76000   27.92400  
S    30.11800   23.32300   29.50400  
C    31.82700   23.07800   28.97100  
H    32.37000   22.50500   29.72700  
H    31.68200   22.61900   27.99000  
H    32.16900   24.10100   28.79400  
O    29.74800   21.88400   29.69100  
C    26.52800   26.98400   28.71100  
H    26.27500   26.59600   27.72100  
H    26.77700   28.04800   28.68700  
H    27.36400   26.32800   28.96500  
S    25.22400   26.59500   29.90100  
C    26.17300   27.18200   31.32200  
H    26.75000   28.08600   31.10800  
H    25.34100   27.35600   32.00800  
H    26.75200   26.35400   31.73800  
O    25.36100   25.11000   30.02300  
C    28.51600   22.51500   22.37600  
H    27.45700   22.70500   22.56700  
H    29.03300   23.14700   21.64900  
H    28.56800   21.46300   22.08600  
S    29.35000   22.62700   23.97500  
C    30.84800   21.88300   23.29200  
H    30.64300   20.85900   22.96900  
H    31.13600   22.51000   22.44300  
H    31.60500   21.90100   24.08000  
O    28.76100   21.62700   24.92000  
C    21.57100   37.55600   24.75000  
H    21.51800   37.33600   25.81900  
H    22.54500   38.01100   24.55400  
H    20.69800   38.13800   24.44200  
S    21.74600   35.94500   23.95000  
C    22.07000   36.59800   22.29700  
H    22.37000   35.70000   21.75000  
H    21.05900   36.81900   21.94500  
H    22.80700   37.39700   22.17600  
O    20.28800   35.62600   23.83800  
C    25.37300   22.54300   28.52000  
H    25.43200   22.75600   27.44900  
H    24.52000   22.92300   29.08700  
H    26.27600   22.99300   28.94200  
S    25.38100   20.73700   28.47900  
C    27.06900   20.73300   27.83400  
H    27.64900   20.91300   28.74300  
H    27.28500   19.80700   27.29400  
H    27.13900   21.55600   27.11900  
O    24.51400   20.51000   27.28000  
C    27.97100   37.68400   29.99400  
H    28.29900   37.57600   28.95800  
H    27.11400   38.29700   30.28600  
H    28.87600   38.11500   30.43100  
S    27.82300   35.99300   30.61200  
C    28.80000   36.15000   32.12400  
H    29.49300   36.97500   31.93700  
H    28.09700   36.40900   32.92000  
H    29.29400   35.20200   32.35000  
O    28.80200   35.31800   29.70300  
C    30.04600   38.78400   26.76100  
H    29.73500   39.81100   26.55400  
H    29.13400   38.18100   26.75000  
H    30.55900   38.84100   27.72400  
S    31.08700   38.25100   25.38400  
C    32.44600   39.44100   25.40300  
H    32.01300   40.38900   25.07300  
H    32.68500   39.57600   26.46100  
H    33.24700   39.16700   24.71100  
O    30.16600   38.53500   24.23800  
C    21.52100   25.41500   24.64800  
H    21.59500   24.56700   23.96300  
H    20.53400   25.84800   24.46400  
H    22.25900   26.20000   24.46300  
S    21.73200   24.77400   26.32400  
C    22.84400   23.41800   25.88800  
H    22.41800   22.88000   25.03800  
H    23.83100   23.81600   25.63700  
H    22.87500   22.78000   26.77500  
O    20.52500   23.91900   26.55800  
C    24.95600   35.56000   19.33700  
H    24.53800   36.54300   19.10700  
H    24.14200   34.83500   19.40100  
H    25.55000   35.63100   20.25200  
S    26.02900   35.13000   17.94800  
C    27.07400   34.04400   18.94500  
H    26.46800   33.16300   19.17000  
H    27.90900   33.78400   18.28800  
H    27.51600   34.61800   19.76300  
O    26.87100   36.33300   17.65400  
C    24.39600   25.50500   20.38100  
H    24.11900   25.88400   19.39400  
H    25.45700   25.24900   20.31200  
H    23.72700   24.68400   20.65000  
S    24.42500   26.78600   21.65500  
C    24.53800   25.66800   23.07000  
H    25.50400   25.15900   23.11000  
H    24.55400   26.20600   24.02200  
H    23.76000   24.90500   22.98300  
O    23.07400   27.43100   21.66700  
C    26.99000   39.42500   24.41500  
H    26.64000   40.45100   24.27100  
H    26.98400   39.10000   25.45900  
H    27.98200   39.32600   23.96700  
S    26.02100   38.37100   23.31400  
C    26.16100   39.36800   21.81400  
H    25.56300   40.26900   21.97400  
H    27.16400   39.75400   21.61400  
H    25.76900   38.84800   20.93600  
O    24.62000   38.64100   23.76800  
C    25.70700   30.98000   29.79300  
H    25.80800   31.49800   28.83600  
H    25.43700   29.92600   29.69000  
H    25.14600   31.63000   30.46900  
S    27.33600   30.89200   30.57000  
C    27.41500   32.68900   30.74100  
H    27.58400   33.06200   29.72800  
H    26.50800   33.19600   31.08000  
H    28.26500   33.01300   31.34900  
O    28.20600   30.56000   29.39700  
C    31.85500   28.07400   17.72600  
H    31.97200   28.31000   16.66500  
H    31.17700   27.22100   17.81300  
H    31.45000   28.88300   18.33800  
S    33.41600   27.50100   18.43400  
C    33.47900   25.92600   17.55100  
H    34.46500   25.51600   17.78200  
H    32.60400   25.41600   17.96100  
H    33.32400   26.18900   16.50100  
O    33.12300   27.29300   19.88700  
C    29.97300   27.76400   20.82400  
H    30.38900   28.65100   20.34000  
H    29.38200   28.13100   21.66700  
H    30.78700   27.21300   21.30400  
S    28.97500   26.79800   19.66800  
C    27.72200   28.09500   19.55700  
H    26.84800   27.82500   18.95900  
H    27.51100   28.21700   20.62300  
H    28.18900   29.00600   19.17300  
O    28.21500   25.77200   20.44800  
C    32.93500   25.07300   23.94500  
H    32.77700   24.30500   23.18300  
H    32.65500   26.03900   23.51600  
H    33.99100   25.07700   24.22900  
S    31.96800   24.65300   25.41200  
C    32.55000   26.03300   26.42300  
H    33.64200   26.05300   26.45700  
H    32.22500   26.97900   25.98300  
H    32.16500   25.81400   27.42200  
O    32.72300   23.45500   25.89800  
C    23.48500   30.58100   26.92000  
H    23.71600   30.73000   27.97700  
H    23.73400   31.44000   26.29100  
H    22.42800   30.34900   26.76800  
S    24.55900   29.26800   26.29700  
C    23.78800   29.28700   24.66300  
H    22.86200   28.70800   24.62300  
H    23.71000   30.33200   24.35100  
H    24.50600   28.76400   24.02600  
O    24.28200   27.92000   26.88700  
C    25.52900   35.92100   25.76300  
H    24.61000   36.19800   25.24100  
H    25.55500   36.54900   26.65700  
H    26.34500   36.13700   25.06900  
S    25.47200   34.22000   26.36900  
C    27.21800   34.22100   26.83800  
H    27.70500   34.27000   25.86100  
H    27.32100   35.15800   27.39200  
H    27.51200   33.34200   27.41600  
O    25.25500   33.32500   25.18900  
C    24.33700   30.71900   17.70000  
H    24.79900   30.52300   18.67100  
H    25.15600   31.03700   17.04900  
H    23.61000   31.53500   17.69800  
S    23.55700   29.22100   17.05800  
C    22.38700   29.02000   18.42000  
H    21.53300   29.70000   18.46800  
H    22.04300   28.00000   18.23400  
H    22.92000   28.96200   19.37300  
O    24.64100   28.20200   17.22400  
C    22.34400   20.17400   22.72600  
H    22.16900   20.18100   23.80500  
H    21.49900   20.59100   22.17300  
H    22.42500   19.16700   22.31000  
S    23.80300   21.16600   22.33500  
C    24.71600   20.30300   23.63300  
H    24.79300   19.22600   23.46300  
H    25.70200   20.77400   23.65800  
H    24.29000   20.45700   24.62800  
O    23.44800   22.52300   22.85900  
C    31.33400   29.05000   29.65600  
H    31.63600   29.59500   30.55400  
H    32.17700   28.73300   29.03700  
H    30.70400   29.64700   28.99200  
S    30.52800   27.46300   29.97000  
C    29.84000   27.85200   31.59500  
H    29.25700   28.77100   31.49500  
H    29.25100   27.05900   32.06300  
H    30.70700   28.01300   32.24200  
O    31.67200   26.54400   30.26600  
$end

$rem
JOBTYPE  SP
METHOD  B3LYP
BASIS  6-31+G(D)
SYMMETRY  FALSE
SYM_IGNORE  TRUE
MEM_TOTAL  12000
MEM_STATIC  4000
BASIS_LIN_DEP_THRESH  6
THRESH  14
SCF_CONVERGENCE  8
FD_MAT_VEC_PROD  FALSE
XC_GRID  000075000302
NL_GRID  1
MAX_SCF_CYCLES  200
SCF_GUESS  READ_DEN
ALMO_EFIELD  TRUE
GEN_SCFMAN  FALSE
SKIP_SCFMAN  TRUE
ESP_GRID  0
ESP_EFIELD  1
$end
