$molecule
0 1
--
0 1
C    23.81400   17.59600   26.47100  
C    22.71000   18.65800   26.60400  
C    23.15200   19.97600   27.26000  
C    24.34100   20.59100   26.50400  
C    25.44300   19.55500   26.22900  
C    25.00000   18.18500   25.69000  
H    22.25400   20.60600   27.25700  
H    22.42400   18.84000   25.56100  
H    24.13000   17.40200   27.50400  
H    23.55100   16.57400   26.17400  
H    23.97700   20.92700   25.52500  
H    24.68100   21.51000   26.99800  
H    26.09800   19.98600   25.46200  
H    26.08300   19.37700   27.10200  
H    24.65500   18.41200   24.67400  
H    25.84800   17.49800   25.57400  
H    23.42000   19.71300   28.29100  
N    21.50700   18.22200   27.31100  
H    21.50200   18.35700   28.31500  
C    20.42900   17.66800   26.65500  
H    19.58500   17.55800   27.36100  
O    20.36900   17.45300   25.45800  
--
0 1
C    19.04500   18.41700   22.75400  
H    19.45200   19.33000   23.19600  
H    18.44000   18.53500   21.85100  
H    18.40800   17.97600   23.52500  
S    20.32500   17.23500   22.27400  
C    20.84500   18.20000   20.83700  
H    20.07900   18.29800   20.06400  
H    21.14000   19.18700   21.20100  
H    21.67800   17.71100   20.32500  
O    19.49700   16.17300   21.62000  
C    22.99400   21.58900   34.94500  
H    23.13600   21.84500   35.99800  
H    22.88900   20.51000   34.80500  
H    23.84400   21.92400   34.34500  
S    21.50200   22.32600   34.24000  
C    20.58500   20.78300   34.03000  
H    19.97100   20.93800   33.13900  
H    21.32800   20.01300   33.80700  
H    20.04100   20.58800   34.95800  
O    21.99000   22.70400   32.87600  
C    25.77300   14.34700   25.63400  
H    25.30100   15.26000   25.26200  
H    25.13700   13.50500   25.34700  
H    25.93500   14.42500   26.71200  
S    27.33700   14.38400   24.72900  
C    28.01400   13.04200   25.73200  
H    28.04300   13.31500   26.79000  
H    27.32400   12.22400   25.51200  
H    29.00100   12.80500   25.32600  
O    27.99200   15.61600   25.27300  
C    30.27400   18.14500   30.91500  
H    30.28400   17.21600   30.34000  
H    30.32300   17.78800   31.94700  
H    29.27500   18.57800   30.82300  
S    31.64200   19.25000   30.49800  
C    31.23300   19.09300   28.74500  
H    30.21500   19.48700   28.68300  
H    31.83800   19.73600   28.10100  
H    31.26300   18.05300   28.40900  
O    32.81700   18.35000   30.72400  
C    21.31800   22.75700   21.89100  
H    20.37700   22.49700   22.38300  
H    21.09000   23.52400   21.14600  
H    21.79900   21.85000   21.51600  
S    22.36500   23.45900   23.18600  
C    21.70800   22.52300   24.58400  
H    22.35500   22.59800   25.46200  
H    20.68600   22.82100   24.83000  
H    21.73500   21.51100   24.17200  
O    21.64200   24.73900   23.46800  
C    18.09700   14.25300   26.18700  
H    17.55300   15.19300   26.31400  
H    18.21100   13.65900   27.09800  
H    19.10400   14.35300   25.77500  
S    17.18200   13.17800   25.05900  
C    17.20300   14.29500   23.63900  
H    17.16700   15.33000   23.98900  
H    18.16200   14.16200   23.13200  
H    16.31500   13.98400   23.08400  
O    15.74400   13.28500   25.46200  
C    21.62300   14.34600   24.10500  
H    20.92100   14.48500   23.27900  
H    21.14500   14.95000   24.88100  
H    22.57000   14.85200   23.90000  
S    21.75000   12.63600   24.67400  
C    21.77900   11.91600   23.01700  
H    22.69700   12.06200   22.44100  
H    21.51100   10.87000   23.18500  
H    20.97300   12.44600   22.50200  
O    20.37300   12.38400   25.20400  
C    28.36700   14.82100   28.71900  
H    27.84300   13.88700   28.93400  
H    28.64300   14.91800   27.66600  
H    29.22900   14.95000   29.37900  
S    27.19500   16.14200   29.10100  
C    28.07600   17.35700   28.09400  
H    27.62400   18.26400   28.50300  
H    29.15600   17.25700   28.22900  
H    27.84400   17.27500   27.02900  
O    27.55700   16.69300   30.44500  
C    26.23300   22.21000   22.35700  
H    27.16600   22.25300   21.78900  
H    25.61000   23.09900   22.22600  
H    26.49600   22.09400   23.41100  
S    25.24500   20.82900   21.73800  
C    24.88400   21.58100   20.13500  
H    24.12300   22.36000   20.22400  
H    25.77000   22.02000   19.66900  
H    24.48100   20.80900   19.47400  
O    23.97000   20.84400   22.52100  
C    14.99800   15.15900   28.13300  
H    15.79800   15.78000   27.72300  
H    14.53900   14.55500   27.34600  
H    14.29200   15.78600   28.68300  
S    15.69200   14.10300   29.42400  
C    15.66900   15.31100   30.76800  
H    16.08100   16.28400   30.48700  
H    14.61300   15.42300   31.02800  
H    16.37400   15.00300   31.54400  
O    17.16400   13.99000   29.17500  
C    28.79000   20.34900   20.00100  
H    28.66300   21.16900   20.71200  
H    28.86100   20.69200   18.96600  
H    28.04400   19.56500   20.16000  
S    30.39400   19.56600   20.28100  
C    31.57400   20.89800   19.96600  
H    32.58500   20.48900   19.88800  
H    31.26100   21.25000   18.98000  
H    31.64600   21.70900   20.69400  
O    30.45300   18.85000   18.96800  
C    17.10800   20.38300   25.65100  
H    18.18300   20.51000   25.80000  
H    16.81200   20.56600   24.61500  
H    16.43200   20.96300   26.28500  
S    16.65600   18.66300   25.97000  
C    14.94800   18.88600   26.51600  
H    14.42600   17.94500   26.71000  
H    14.88400   19.58900   27.35000  
H    14.44200   19.40600   25.69900  
O    17.35000   18.35800   27.26100  
C    18.86500   17.32100   30.67200  
H    18.99000   16.24300   30.54500  
H    17.92000   17.64200   30.22500  
H    19.76500   17.81100   30.29400  
S    18.63000   17.52800   32.45100  
C    20.20600   16.83100   32.99300  
H    20.18600   15.76300   32.76000  
H    21.04500   17.23700   32.42300  
H    20.27600   16.93900   34.07800  
O    17.50100   16.65100   32.89700  
C    23.85500   14.43600   31.89700  
H    23.52900   14.87500   30.95100  
H    23.02700   14.39200   32.60900  
H    24.78400   14.96000   32.13900  
S    24.51000   12.77000   31.65600  
C    25.53800   12.93600   30.18000  
H    25.00200   13.58700   29.48400  
H    26.49300   13.39500   30.44600  
H    25.75300   11.89900   29.91000  
O    23.35400   11.87000   31.34500  
C    24.08600   20.38100   31.32300  
H    23.85400   21.07100   32.13800  
H    25.15200   20.13900   31.30600  
H    23.93100   20.79200   30.32200  
S    23.16900   18.83100   31.47400  
C    24.30100   17.93600   30.38600  
H    24.86300   18.67500   29.80800  
H    24.96700   17.28200   30.95400  
H    23.68600   17.35100   29.69700  
O    22.00200   19.02300   30.55600  
C    29.52900   18.56900   24.84200  
H    29.49500   17.48700   24.99100  
H    30.48400   18.80300   24.36500  
H    29.41200   19.15500   25.75700  
S    28.22000   18.98400   23.66600  
C    28.50300   17.58300   22.56100  
H    28.36100   16.71600   23.21100  
H    27.78000   17.61400   21.74100  
H    29.48700   17.78100   22.12800  
O    28.83500   20.17000   22.99000  
C    24.34600   26.42000   31.56900  
H    25.40700   26.21700   31.73700  
H    24.26000   27.16000   30.77000  
H    23.83800   26.68500   32.50000  
S    23.58000   24.92600   30.89900  
C    25.08600   23.98700   30.56200  
H    24.77600   23.06500   30.06200  
H    25.70800   24.70700   30.02600  
H    25.45400   23.78100   31.57100  
O    23.11600   25.45600   29.57800  
C    23.52600   14.86800   21.13300  
H    22.70900   15.56200   21.34700  
H    23.76200   14.71000   20.07700  
H    23.23200   13.87700   21.48700  
S    24.90100   15.55000   22.08700  
C    24.42800   17.28400   21.90800  
H    23.95400   17.62100   22.83400  
H    25.38000   17.75900   21.65700  
H    23.75900   17.32800   21.04500  
O    26.01400   15.31700   21.11300  
C    24.47000   26.22200   24.95300  
H    25.11600   27.04300   25.27500  
H    24.04400   26.43300   23.96900  
H    23.69400   26.20400   25.72200  
S    25.43300   24.69900   24.82600  
C    25.64500   24.53600   26.61300  
H    25.93200   25.55300   26.89300  
H    24.66200   24.30300   27.03000  
H    26.39000   23.74500   26.73300  
O    26.74500   25.18900   24.29500  
C    20.96500   22.89100   28.92400  
H    21.34500   22.58800   29.90300  
H    21.35600   22.30400   28.08900  
H    21.25600   23.91200   28.66400  
S    19.20700   22.56400   28.66400  
C    19.20200   20.80800   29.09000  
H    19.37600   20.61800   30.15200  
H    18.28800   20.32000   28.74400  
H    20.05500   20.35300   28.58000  
O    19.15100   22.49000   27.17000  
C    13.52400   19.56600   21.99200  
H    13.55300   18.76100   21.25400  
H    12.96300   19.27000   22.88100  
H    13.18800   20.52700   21.59400  
S    15.26600   19.77800   22.42600  
C    16.00000   20.69900   21.05600  
H    15.47200   21.65600   21.05600  
H    17.08300   20.74500   21.19700  
H    15.87000   20.28500   20.05400  
O    15.83200   18.39300   22.36500  
C    17.01800   25.10500   25.45700  
H    17.45600   25.12900   26.45800  
H    17.00200   26.16000   25.17200  
H    15.98200   24.76500   25.53300  
S    18.03500   24.03000   24.42000  
C    18.31200   25.34600   23.21300  
H    19.10400   24.86200   22.63700  
H    17.33100   25.53000   22.76900  
H    18.78000   26.15000   23.78700  
O    17.07800   23.07900   23.77100  
C    28.63600   23.66700   28.52700  
H    28.67600   23.90700   29.59200  
H    29.60200   23.94700   28.10000  
H    27.78400   24.25400   28.17500  
S    28.27600   21.91400   28.27500  
C    28.73500   22.01900   26.53000  
H    28.25600   22.89500   26.08500  
H    29.82200   22.01300   26.42000  
H    28.36300   21.14100   25.99500  
O    26.78800   21.74200   28.27500  
C    21.10300   13.29400   29.41700  
H    21.89300   12.79700   29.98600  
H    20.70300   14.27800   29.67500  
H    20.25500   12.63700   29.21000  
S    22.04500   13.61600   27.90800  
C    22.91500   12.03500   27.81900  
H    22.19800   11.21800   27.71000  
H    23.60100   12.24600   26.99500  
H    23.52800   12.01200   28.72400  
O    23.04400   14.64700   28.33300  
C    30.63700   25.98000   22.13700  
H    30.95800   26.13800   23.17000  
H    31.45200   25.58400   21.52600  
H    30.36400   26.93200   21.67500  
S    29.30300   24.76100   22.15500  
C    30.35700   23.42100   22.75400  
H    29.76700   22.50100   22.72100  
H    31.29000   23.34100   22.19100  
H    30.62000   23.56800   23.80500  
O    29.11600   24.41500   20.71000  
C    25.22700   9.75800    21.88500  
H    24.14100   9.68300    21.79200  
H    25.61400   9.41700    20.92100  
H    25.60100   9.15300    22.71400  
S    25.64800   11.47800   22.24500  
C    27.44300   11.26800   22.26300  
H    27.56300   10.44700   22.97400  
H    27.74400   11.04400   21.23700  
H    27.87300   12.19300   22.65700  
O    25.35900   11.62200   23.70700  
$end

$rem
JOBTYPE  SP
METHOD  B3LYP
BASIS  6-31+G(D)
SYMMETRY  FALSE
SYM_IGNORE  TRUE
MEM_TOTAL  16000
MEM_STATIC  8000
MAX_SUB_FILE_NUM  16000
BASIS_LIN_DEP_THRESH  6
THRESH  14
SCF_CONVERGENCE  8
GEN_SCFMAN  TRUE
SCF_GUESS  FRAGMO
FD_MAT_VEC_PROD  FALSE
XC_GRID  000075000302
NL_GRID  1
MAX_SCF_CYCLES  200
FRGM_METHOD  STOLL
SCFMI_MODE  1
$end

$development
almo_efield  1
$end

$rem_frgm
SCF_CONVERGENCE  4
$end

@@@

$molecule
0 1
@C    23.81400   17.59600   26.47100  
@C    22.71000   18.65800   26.60400  
@C    23.15200   19.97600   27.26000  
@C    24.34100   20.59100   26.50400  
@C    25.44300   19.55500   26.22900  
@C    25.00000   18.18500   25.69000  
@H    22.25400   20.60600   27.25700  
@H    22.42400   18.84000   25.56100  
@H    24.13000   17.40200   27.50400  
@H    23.55100   16.57400   26.17400  
@H    23.97700   20.92700   25.52500  
@H    24.68100   21.51000   26.99800  
@H    26.09800   19.98600   25.46200  
@H    26.08300   19.37700   27.10200  
@H    24.65500   18.41200   24.67400  
@H    25.84800   17.49800   25.57400  
@H    23.42000   19.71300   28.29100  
@N    21.50700   18.22200   27.31100  
@H    21.50200   18.35700   28.31500  
@C    20.42900   17.66800   26.65500  
@H    19.58500   17.55800   27.36100  
@O    20.36900   17.45300   25.45800  
C    19.04500   18.41700   22.75400  
H    19.45200   19.33000   23.19600  
H    18.44000   18.53500   21.85100  
H    18.40800   17.97600   23.52500  
S    20.32500   17.23500   22.27400  
C    20.84500   18.20000   20.83700  
H    20.07900   18.29800   20.06400  
H    21.14000   19.18700   21.20100  
H    21.67800   17.71100   20.32500  
O    19.49700   16.17300   21.62000  
C    22.99400   21.58900   34.94500  
H    23.13600   21.84500   35.99800  
H    22.88900   20.51000   34.80500  
H    23.84400   21.92400   34.34500  
S    21.50200   22.32600   34.24000  
C    20.58500   20.78300   34.03000  
H    19.97100   20.93800   33.13900  
H    21.32800   20.01300   33.80700  
H    20.04100   20.58800   34.95800  
O    21.99000   22.70400   32.87600  
C    25.77300   14.34700   25.63400  
H    25.30100   15.26000   25.26200  
H    25.13700   13.50500   25.34700  
H    25.93500   14.42500   26.71200  
S    27.33700   14.38400   24.72900  
C    28.01400   13.04200   25.73200  
H    28.04300   13.31500   26.79000  
H    27.32400   12.22400   25.51200  
H    29.00100   12.80500   25.32600  
O    27.99200   15.61600   25.27300  
C    30.27400   18.14500   30.91500  
H    30.28400   17.21600   30.34000  
H    30.32300   17.78800   31.94700  
H    29.27500   18.57800   30.82300  
S    31.64200   19.25000   30.49800  
C    31.23300   19.09300   28.74500  
H    30.21500   19.48700   28.68300  
H    31.83800   19.73600   28.10100  
H    31.26300   18.05300   28.40900  
O    32.81700   18.35000   30.72400  
C    21.31800   22.75700   21.89100  
H    20.37700   22.49700   22.38300  
H    21.09000   23.52400   21.14600  
H    21.79900   21.85000   21.51600  
S    22.36500   23.45900   23.18600  
C    21.70800   22.52300   24.58400  
H    22.35500   22.59800   25.46200  
H    20.68600   22.82100   24.83000  
H    21.73500   21.51100   24.17200  
O    21.64200   24.73900   23.46800  
C    18.09700   14.25300   26.18700  
H    17.55300   15.19300   26.31400  
H    18.21100   13.65900   27.09800  
H    19.10400   14.35300   25.77500  
S    17.18200   13.17800   25.05900  
C    17.20300   14.29500   23.63900  
H    17.16700   15.33000   23.98900  
H    18.16200   14.16200   23.13200  
H    16.31500   13.98400   23.08400  
O    15.74400   13.28500   25.46200  
C    21.62300   14.34600   24.10500  
H    20.92100   14.48500   23.27900  
H    21.14500   14.95000   24.88100  
H    22.57000   14.85200   23.90000  
S    21.75000   12.63600   24.67400  
C    21.77900   11.91600   23.01700  
H    22.69700   12.06200   22.44100  
H    21.51100   10.87000   23.18500  
H    20.97300   12.44600   22.50200  
O    20.37300   12.38400   25.20400  
C    28.36700   14.82100   28.71900  
H    27.84300   13.88700   28.93400  
H    28.64300   14.91800   27.66600  
H    29.22900   14.95000   29.37900  
S    27.19500   16.14200   29.10100  
C    28.07600   17.35700   28.09400  
H    27.62400   18.26400   28.50300  
H    29.15600   17.25700   28.22900  
H    27.84400   17.27500   27.02900  
O    27.55700   16.69300   30.44500  
C    26.23300   22.21000   22.35700  
H    27.16600   22.25300   21.78900  
H    25.61000   23.09900   22.22600  
H    26.49600   22.09400   23.41100  
S    25.24500   20.82900   21.73800  
C    24.88400   21.58100   20.13500  
H    24.12300   22.36000   20.22400  
H    25.77000   22.02000   19.66900  
H    24.48100   20.80900   19.47400  
O    23.97000   20.84400   22.52100  
C    14.99800   15.15900   28.13300  
H    15.79800   15.78000   27.72300  
H    14.53900   14.55500   27.34600  
H    14.29200   15.78600   28.68300  
S    15.69200   14.10300   29.42400  
C    15.66900   15.31100   30.76800  
H    16.08100   16.28400   30.48700  
H    14.61300   15.42300   31.02800  
H    16.37400   15.00300   31.54400  
O    17.16400   13.99000   29.17500  
C    28.79000   20.34900   20.00100  
H    28.66300   21.16900   20.71200  
H    28.86100   20.69200   18.96600  
H    28.04400   19.56500   20.16000  
S    30.39400   19.56600   20.28100  
C    31.57400   20.89800   19.96600  
H    32.58500   20.48900   19.88800  
H    31.26100   21.25000   18.98000  
H    31.64600   21.70900   20.69400  
O    30.45300   18.85000   18.96800  
C    17.10800   20.38300   25.65100  
H    18.18300   20.51000   25.80000  
H    16.81200   20.56600   24.61500  
H    16.43200   20.96300   26.28500  
S    16.65600   18.66300   25.97000  
C    14.94800   18.88600   26.51600  
H    14.42600   17.94500   26.71000  
H    14.88400   19.58900   27.35000  
H    14.44200   19.40600   25.69900  
O    17.35000   18.35800   27.26100  
C    18.86500   17.32100   30.67200  
H    18.99000   16.24300   30.54500  
H    17.92000   17.64200   30.22500  
H    19.76500   17.81100   30.29400  
S    18.63000   17.52800   32.45100  
C    20.20600   16.83100   32.99300  
H    20.18600   15.76300   32.76000  
H    21.04500   17.23700   32.42300  
H    20.27600   16.93900   34.07800  
O    17.50100   16.65100   32.89700  
C    23.85500   14.43600   31.89700  
H    23.52900   14.87500   30.95100  
H    23.02700   14.39200   32.60900  
H    24.78400   14.96000   32.13900  
S    24.51000   12.77000   31.65600  
C    25.53800   12.93600   30.18000  
H    25.00200   13.58700   29.48400  
H    26.49300   13.39500   30.44600  
H    25.75300   11.89900   29.91000  
O    23.35400   11.87000   31.34500  
C    24.08600   20.38100   31.32300  
H    23.85400   21.07100   32.13800  
H    25.15200   20.13900   31.30600  
H    23.93100   20.79200   30.32200  
S    23.16900   18.83100   31.47400  
C    24.30100   17.93600   30.38600  
H    24.86300   18.67500   29.80800  
H    24.96700   17.28200   30.95400  
H    23.68600   17.35100   29.69700  
O    22.00200   19.02300   30.55600  
C    29.52900   18.56900   24.84200  
H    29.49500   17.48700   24.99100  
H    30.48400   18.80300   24.36500  
H    29.41200   19.15500   25.75700  
S    28.22000   18.98400   23.66600  
C    28.50300   17.58300   22.56100  
H    28.36100   16.71600   23.21100  
H    27.78000   17.61400   21.74100  
H    29.48700   17.78100   22.12800  
O    28.83500   20.17000   22.99000  
C    24.34600   26.42000   31.56900  
H    25.40700   26.21700   31.73700  
H    24.26000   27.16000   30.77000  
H    23.83800   26.68500   32.50000  
S    23.58000   24.92600   30.89900  
C    25.08600   23.98700   30.56200  
H    24.77600   23.06500   30.06200  
H    25.70800   24.70700   30.02600  
H    25.45400   23.78100   31.57100  
O    23.11600   25.45600   29.57800  
C    23.52600   14.86800   21.13300  
H    22.70900   15.56200   21.34700  
H    23.76200   14.71000   20.07700  
H    23.23200   13.87700   21.48700  
S    24.90100   15.55000   22.08700  
C    24.42800   17.28400   21.90800  
H    23.95400   17.62100   22.83400  
H    25.38000   17.75900   21.65700  
H    23.75900   17.32800   21.04500  
O    26.01400   15.31700   21.11300  
C    24.47000   26.22200   24.95300  
H    25.11600   27.04300   25.27500  
H    24.04400   26.43300   23.96900  
H    23.69400   26.20400   25.72200  
S    25.43300   24.69900   24.82600  
C    25.64500   24.53600   26.61300  
H    25.93200   25.55300   26.89300  
H    24.66200   24.30300   27.03000  
H    26.39000   23.74500   26.73300  
O    26.74500   25.18900   24.29500  
C    20.96500   22.89100   28.92400  
H    21.34500   22.58800   29.90300  
H    21.35600   22.30400   28.08900  
H    21.25600   23.91200   28.66400  
S    19.20700   22.56400   28.66400  
C    19.20200   20.80800   29.09000  
H    19.37600   20.61800   30.15200  
H    18.28800   20.32000   28.74400  
H    20.05500   20.35300   28.58000  
O    19.15100   22.49000   27.17000  
C    13.52400   19.56600   21.99200  
H    13.55300   18.76100   21.25400  
H    12.96300   19.27000   22.88100  
H    13.18800   20.52700   21.59400  
S    15.26600   19.77800   22.42600  
C    16.00000   20.69900   21.05600  
H    15.47200   21.65600   21.05600  
H    17.08300   20.74500   21.19700  
H    15.87000   20.28500   20.05400  
O    15.83200   18.39300   22.36500  
C    17.01800   25.10500   25.45700  
H    17.45600   25.12900   26.45800  
H    17.00200   26.16000   25.17200  
H    15.98200   24.76500   25.53300  
S    18.03500   24.03000   24.42000  
C    18.31200   25.34600   23.21300  
H    19.10400   24.86200   22.63700  
H    17.33100   25.53000   22.76900  
H    18.78000   26.15000   23.78700  
O    17.07800   23.07900   23.77100  
C    28.63600   23.66700   28.52700  
H    28.67600   23.90700   29.59200  
H    29.60200   23.94700   28.10000  
H    27.78400   24.25400   28.17500  
S    28.27600   21.91400   28.27500  
C    28.73500   22.01900   26.53000  
H    28.25600   22.89500   26.08500  
H    29.82200   22.01300   26.42000  
H    28.36300   21.14100   25.99500  
O    26.78800   21.74200   28.27500  
C    21.10300   13.29400   29.41700  
H    21.89300   12.79700   29.98600  
H    20.70300   14.27800   29.67500  
H    20.25500   12.63700   29.21000  
S    22.04500   13.61600   27.90800  
C    22.91500   12.03500   27.81900  
H    22.19800   11.21800   27.71000  
H    23.60100   12.24600   26.99500  
H    23.52800   12.01200   28.72400  
O    23.04400   14.64700   28.33300  
C    30.63700   25.98000   22.13700  
H    30.95800   26.13800   23.17000  
H    31.45200   25.58400   21.52600  
H    30.36400   26.93200   21.67500  
S    29.30300   24.76100   22.15500  
C    30.35700   23.42100   22.75400  
H    29.76700   22.50100   22.72100  
H    31.29000   23.34100   22.19100  
H    30.62000   23.56800   23.80500  
O    29.11600   24.41500   20.71000  
C    25.22700   9.75800    21.88500  
H    24.14100   9.68300    21.79200  
H    25.61400   9.41700    20.92100  
H    25.60100   9.15300    22.71400  
S    25.64800   11.47800   22.24500  
C    27.44300   11.26800   22.26300  
H    27.56300   10.44700   22.97400  
H    27.74400   11.04400   21.23700  
H    27.87300   12.19300   22.65700  
O    25.35900   11.62200   23.70700  
$end

$rem
JOBTYPE  SP
METHOD  B3LYP
BASIS  6-31+G(D)
SYMMETRY  FALSE
SYM_IGNORE  TRUE
MEM_TOTAL  16000
MEM_STATIC  8000
MAX_SUB_FILE_NUM  16000
BASIS_LIN_DEP_THRESH  6
THRESH  14
SCF_CONVERGENCE  8
GEN_SCFMAN  FALSE
SCF_GUESS  READ_DEN
FD_MAT_VEC_PROD  FALSE
XC_GRID  000075000302
NL_GRID  1
MAX_SCF_CYCLES  200
SKIP_SCFMAN  TRUE
ESP_GRID  0
ESP_EFIELD  1
$end

$development
almo_efield  1
$end

