$molecule
0 1
--
0 1
C    23.11300   21.30000   25.65400  
C    23.64400   22.06700   26.87600  
C    25.18100   22.08300   26.82900  
C    25.75200   22.59300   25.49500  
C    25.27000   21.73100   24.31700  
C    23.73300   21.69100   24.30200  
H    25.48600   22.81900   27.58300  
H    23.21400   23.07100   26.97600  
H    23.15100   20.21400   25.80100  
H    22.03700   21.50400   25.60500  
H    25.39300   23.60800   25.28600  
H    26.84800   22.58100   25.54100  
H    25.68900   22.14500   23.39200  
H    25.62400   20.69700   24.40600  
H    23.33200   22.67300   24.02100  
H    23.47100   20.97000   23.51800  
H    25.53300   21.09500   27.14800  
N    23.30300   21.37200   28.11600  
H    23.96100   20.67100   28.43500  
C    22.23100   21.72200   28.91000  
H    22.32700   21.15500   29.85400  
O    21.38300   22.56500   28.68000  
--
0 1
C    25.09100   26.42100   26.16200  
H    25.46200   27.43100   26.35300  
H    25.97100   25.77700   26.08800  
H    24.73400   26.25900   25.14100  
S    23.92200   25.75700   27.36900  
C    22.88500   27.23600   27.41400  
H    23.38200   28.07500   27.90800  
H    22.60500   27.51100   26.39400  
H    21.98000   27.00400   27.98000  
O    24.79300   25.89800   28.57800  
C    26.20800   19.26800   20.00200  
H    26.38800   18.69700   20.91700  
H    26.87200   18.92600   19.20400  
H    26.34800   20.30700   20.31400  
S    24.47700   18.89100   19.64700  
C    24.36100   19.85700   18.12400  
H    23.52600   20.54000   18.30000  
H    25.20100   20.54100   17.98200  
H    24.09400   19.23100   17.26800  
O    23.75300   19.74600   20.63900  
C    31.19000   24.23500   30.75700  
H    32.00300   24.94600   30.59100  
H    31.50700   23.19000   30.70500  
H    30.66800   24.38700   29.80900  
S    30.20800   24.67600   32.20800  
C    29.30900   23.11200   32.09400  
H    29.19700   22.84500   31.04000  
H    29.92800   22.41900   32.67000  
H    28.36100   23.22900   32.62500  
O    29.29200   25.78600   31.79300  
C    31.47100   22.39000   27.80600  
H    32.00500   21.45800   28.00900  
H    31.58500   22.82300   26.80800  
H    31.83500   23.10300   28.55000  
S    29.73200   22.02900   28.14100  
C    29.31000   20.95600   26.75000  
H    29.91700   20.05000   26.81200  
H    28.26300   20.64500   26.79900  
H    29.44200   21.48400   25.80200  
O    28.95000   23.27900   27.88100  
C    23.49500   20.34300   32.31200  
H    22.83400   20.01200   31.50700  
H    24.39400   20.83500   31.93400  
H    23.87700   19.56200   32.97400  
S    22.40100   21.40300   33.28500  
C    21.38000   20.00000   33.78800  
H    22.02500   19.40400   34.43900  
H    20.57800   20.45400   34.37700  
H    21.01100   19.48200   32.89900  
O    21.63100   22.01400   32.15600  
C    31.41100   17.69100   27.00800  
H    32.44200   17.34300   27.11500  
H    31.41600   18.46200   26.23300  
H    30.95600   18.03200   27.94100  
S    30.46100   16.30000   26.35400  
C    30.21600   16.88000   24.66100  
H    29.41800   17.62800   24.65600  
H    31.14800   17.28500   24.25800  
H    29.85400   16.01200   24.10400  
O    29.15200   16.46600   27.06200  
C    27.58200   18.92900   28.72100  
H    27.41200   17.93800   29.14900  
H    27.16600   19.05100   27.71900  
H    28.66000   19.11000   28.70800  
S    26.66600   20.21100   29.60600  
C    27.18300   19.73900   31.27200  
H    26.78100   20.54600   31.89000  
H    26.81400   18.76800   31.61400  
H    28.27100   19.76100   31.38200  
O    25.25900   19.73600   29.42300  
C    24.13900   23.22300   20.95100  
H    23.07900   23.09100   20.71900  
H    24.62700   22.25400   21.08600  
H    24.37800   23.82600   21.83100  
S    24.81700   24.04600   19.49200  
C    23.69600   25.45200   19.67000  
H    22.64900   25.14000   19.64100  
H    24.00700   25.99200   20.56700  
H    23.87000   26.22300   18.91500  
O    24.22500   23.31200   18.33000  
C    27.39700   29.97200   29.44800  
H    26.91700   30.89200   29.10500  
H    26.73600   29.58400   30.22700  
H    28.39200   30.09800   29.88200  
S    27.38400   28.69800   28.16700  
C    27.89400   27.34900   29.25700  
H    26.95100   26.95900   29.64800  
H    28.32800   26.55400   28.64500  
H    28.48900   27.62200   30.13200  
O    28.68700   28.93400   27.47000  
C    26.23400   18.06200   34.52300  
H    25.94900   18.11600   33.46900  
H    27.30400   18.26500   34.62200  
H    25.92200   17.07600   34.87500  
S    25.42600   19.40500   35.42200  
C    26.05100   18.78400   37.00000  
H    25.51600   17.84200   37.14000  
H    27.12700   18.61700   36.90700  
H    25.78400   19.45600   37.81900  
O    23.99400   18.97200   35.36900  
C    20.55000   21.38200   18.79500  
H    21.21200   22.02000   18.20500  
H    21.11300   21.00300   19.65300  
H    20.05400   20.55600   18.28000  
S    19.22300   22.37200   19.51900  
C    20.24300   23.30600   20.68200  
H    20.66600   22.60000   21.40100  
H    20.95400   23.87100   20.07300  
H    19.56200   23.97900   21.20900  
O    18.47400   21.43700   20.41700  
C    27.69500   26.86500   21.65800  
H    27.74500   26.18800   20.80200  
H    27.90100   27.81300   21.15400  
H    28.45400   26.60400   22.40000  
S    26.04100   26.99700   22.37500  
C    26.45000   28.19400   23.66600  
H    27.08900   29.00600   23.31000  
H    25.52800   28.67700   24.00000  
H    26.84600   27.61000   24.50000  
O    25.93700   25.66500   23.04900  
C    28.42200   25.96200   25.80900  
H    28.49900   27.03200   26.01800  
H    27.90300   25.78800   24.86300  
H    28.01100   25.37000   26.63100  
S    30.09000   25.27900   25.68500  
C    30.84400   26.06100   27.12900  
H    31.90100   25.80400   27.02200  
H    30.69300   27.14300   27.10100  
H    30.42500   25.58400   28.01900  
O    30.56400   26.03400   24.48100  
C    23.28400   16.55100   32.90500  
H    23.69800   16.94100   33.83800  
H    24.00400   16.47600   32.08600  
H    22.43900   17.19100   32.63700  
S    22.47100   14.94500   33.06800  
C    23.94300   13.94500   33.37900  
H    24.60800   14.44200   34.09000  
H    23.56900   13.00500   33.79400  
H    24.33100   13.85600   32.36100  
O    22.28300   14.69600   31.60300  
C    20.19700   20.29900   23.01100  
H    19.60000   19.71200   22.30900  
H    19.64900   21.24200   23.08500  
H    21.22100   20.43800   22.65600  
S    20.26800   19.46100   24.61000  
C    20.60600   17.90500   23.75700  
H    19.64800   17.56500   23.35700  
H    21.36100   18.18400   23.01700  
H    20.94100   17.20300   24.52500  
O    18.83300   19.47100   25.03800  
C    16.90800   23.55500   31.48600  
H    15.90600   23.94500   31.28900  
H    17.63100   24.37400   31.47800  
H    17.19900   22.87300   30.68400  
S    16.95300   22.76800   33.11200  
C    18.50200   21.93700   32.69500  
H    19.29900   22.68400   32.65600  
H    18.74400   21.21300   33.47800  
H    18.36800   21.45400   31.72400  
O    15.94300   21.67200   32.97400  
C    29.45100   20.93100   21.95000  
H    30.32600   20.30400   21.76000  
H    28.74900   20.55800   22.70000  
H    28.99900   21.19700   20.99100  
S    29.96800   22.51500   22.64800  
C    28.43000   23.37500   22.24700  
H    28.49100   23.52000   21.16600  
H    27.66300   22.61000   22.38900  
H    28.28700   24.28400   22.83700  
O    31.01300   22.90500   21.64800  
C    19.60800   26.01800   29.86100  
H    20.11700   25.25200   29.27000  
H    18.62800   25.70400   30.22900  
H    19.39600   26.91100   29.26700  
S    20.72800   26.61100   31.14800  
C    21.39200   25.02500   31.70500  
H    21.84000   24.47600   30.87300  
H    22.05400   25.32400   32.52200  
H    20.59000   24.43000   32.15000  
O    19.78800   27.06400   32.22200  
C    26.48900   15.96200   24.34200  
H    26.60700   15.52700   23.34600  
H    27.45200   15.89200   24.85300  
H    25.71600   15.41800   24.89200  
S    26.05600   17.70700   24.16300  
C    24.61500   17.31000   23.14700  
H    23.88200   16.75800   23.74000  
H    24.08100   18.22600   22.88000  
H    24.92400   16.79000   22.23700  
O    27.09100   18.33400   23.28200  
C    17.80600   19.39900   29.43000  
H    17.20400   19.45900   30.34000  
H    17.44300   19.92000   28.54000  
H    17.73300   18.31000   29.36800  
S    19.50000   19.89000   29.82500  
C    20.01600   19.60200   28.11800  
H    21.10700   19.66900   28.13000  
H    19.80700   18.57900   27.79500  
H    19.54600   20.34300   27.46600  
O    20.02700   18.73900   30.62500  
C    17.87300   25.14900   26.15500  
H    16.83600   24.82800   26.28500  
H    17.98300   26.10800   26.66800  
H    18.30500   25.15900   25.15100  
S    18.78400   23.78700   26.91500  
C    18.26500   22.54700   25.70800  
H    18.61300   21.53700   25.93900  
H    17.18900   22.60700   25.52300  
H    18.72400   22.93700   24.79600  
O    17.96800   23.39300   28.10700  
C    20.84100   27.51400   24.30200  
H    20.42000   27.92500   23.38000  
H    20.06100   27.55300   25.06600  
H    21.58600   28.18900   24.73200  
S    21.25400   25.77100   24.06400  
C    22.29300   26.13400   22.63100  
H    23.03600   26.77600   23.11000  
H    22.77200   25.20800   22.30100  
H    21.73100   26.64600   21.84600  
O    20.06700   25.29700   23.28400  
C    26.72600   23.90000   30.26300  
H    27.28400   23.09500   29.77900  
H    26.31100   24.39600   29.38200  
H    27.40400   24.46400   30.90900  
S    25.36500   23.40300   31.34300  
C    24.96700   25.07500   31.90300  
H    25.91700   25.56900   32.11900  
H    24.52500   25.68900   31.11400  
H    24.27200   25.00700   32.74400  
O    26.08600   22.79500   32.50500  
C    23.92900   17.23500   27.25000  
H    24.47900   17.45500   28.16800  
H    24.46800   16.52100   26.62000  
H    23.80000   18.17800   26.71300  
S    22.32100   16.55100   27.71000  
C    23.07400   15.20900   28.65700  
H    22.31700   14.55600   29.10000  
H    23.64100   14.63200   27.92100  
H    23.69600   15.68100   29.42200  
O    21.99300   15.85500   26.42600  
C    29.20700   22.55700   17.86500  
H    30.03100   23.18400   18.21300  
H    29.04900   21.74500   18.58000  
H    29.56900   22.12100   16.93000  
S    27.69700   23.53800   17.71500  
C    28.37800   24.64500   16.46000  
H    27.54700   24.85300   15.78000  
H    28.59200   25.57500   16.99200  
H    29.13700   24.10000   15.89300  
O    27.76400   24.30200   19.00100  
$end

$rem
JOBTYPE  SP
METHOD  B3LYP
BASIS  6-31+G(D)
SYMMETRY  FALSE
SYM_IGNORE  TRUE
MEM_TOTAL  12000
MEM_STATIC  4000
BASIS_LIN_DEP_THRESH  6
THRESH  14
SCF_CONVERGENCE  8
FD_MAT_VEC_PROD  FALSE
XC_GRID  000075000302
NL_GRID  1
MAX_SCF_CYCLES  200
FRGM_METHOD  STOLL
SCFMI_MODE  1
ALMO_EFIELD  TRUE
$end

$rem_frgm
SCF_CONVERGENCE  4
$end


@@@

$molecule
0 1
@C    23.11300   21.30000   25.65400  
@C    23.64400   22.06700   26.87600  
@C    25.18100   22.08300   26.82900  
@C    25.75200   22.59300   25.49500  
@C    25.27000   21.73100   24.31700  
@C    23.73300   21.69100   24.30200  
@H    25.48600   22.81900   27.58300  
@H    23.21400   23.07100   26.97600  
@H    23.15100   20.21400   25.80100  
@H    22.03700   21.50400   25.60500  
@H    25.39300   23.60800   25.28600  
@H    26.84800   22.58100   25.54100  
@H    25.68900   22.14500   23.39200  
@H    25.62400   20.69700   24.40600  
@H    23.33200   22.67300   24.02100  
@H    23.47100   20.97000   23.51800  
@H    25.53300   21.09500   27.14800  
@N    23.30300   21.37200   28.11600  
@H    23.96100   20.67100   28.43500  
@C    22.23100   21.72200   28.91000  
@H    22.32700   21.15500   29.85400  
@O    21.38300   22.56500   28.68000  
C    25.09100   26.42100   26.16200  
H    25.46200   27.43100   26.35300  
H    25.97100   25.77700   26.08800  
H    24.73400   26.25900   25.14100  
S    23.92200   25.75700   27.36900  
C    22.88500   27.23600   27.41400  
H    23.38200   28.07500   27.90800  
H    22.60500   27.51100   26.39400  
H    21.98000   27.00400   27.98000  
O    24.79300   25.89800   28.57800  
C    26.20800   19.26800   20.00200  
H    26.38800   18.69700   20.91700  
H    26.87200   18.92600   19.20400  
H    26.34800   20.30700   20.31400  
S    24.47700   18.89100   19.64700  
C    24.36100   19.85700   18.12400  
H    23.52600   20.54000   18.30000  
H    25.20100   20.54100   17.98200  
H    24.09400   19.23100   17.26800  
O    23.75300   19.74600   20.63900  
C    31.19000   24.23500   30.75700  
H    32.00300   24.94600   30.59100  
H    31.50700   23.19000   30.70500  
H    30.66800   24.38700   29.80900  
S    30.20800   24.67600   32.20800  
C    29.30900   23.11200   32.09400  
H    29.19700   22.84500   31.04000  
H    29.92800   22.41900   32.67000  
H    28.36100   23.22900   32.62500  
O    29.29200   25.78600   31.79300  
C    31.47100   22.39000   27.80600  
H    32.00500   21.45800   28.00900  
H    31.58500   22.82300   26.80800  
H    31.83500   23.10300   28.55000  
S    29.73200   22.02900   28.14100  
C    29.31000   20.95600   26.75000  
H    29.91700   20.05000   26.81200  
H    28.26300   20.64500   26.79900  
H    29.44200   21.48400   25.80200  
O    28.95000   23.27900   27.88100  
C    23.49500   20.34300   32.31200  
H    22.83400   20.01200   31.50700  
H    24.39400   20.83500   31.93400  
H    23.87700   19.56200   32.97400  
S    22.40100   21.40300   33.28500  
C    21.38000   20.00000   33.78800  
H    22.02500   19.40400   34.43900  
H    20.57800   20.45400   34.37700  
H    21.01100   19.48200   32.89900  
O    21.63100   22.01400   32.15600  
C    31.41100   17.69100   27.00800  
H    32.44200   17.34300   27.11500  
H    31.41600   18.46200   26.23300  
H    30.95600   18.03200   27.94100  
S    30.46100   16.30000   26.35400  
C    30.21600   16.88000   24.66100  
H    29.41800   17.62800   24.65600  
H    31.14800   17.28500   24.25800  
H    29.85400   16.01200   24.10400  
O    29.15200   16.46600   27.06200  
C    27.58200   18.92900   28.72100  
H    27.41200   17.93800   29.14900  
H    27.16600   19.05100   27.71900  
H    28.66000   19.11000   28.70800  
S    26.66600   20.21100   29.60600  
C    27.18300   19.73900   31.27200  
H    26.78100   20.54600   31.89000  
H    26.81400   18.76800   31.61400  
H    28.27100   19.76100   31.38200  
O    25.25900   19.73600   29.42300  
C    24.13900   23.22300   20.95100  
H    23.07900   23.09100   20.71900  
H    24.62700   22.25400   21.08600  
H    24.37800   23.82600   21.83100  
S    24.81700   24.04600   19.49200  
C    23.69600   25.45200   19.67000  
H    22.64900   25.14000   19.64100  
H    24.00700   25.99200   20.56700  
H    23.87000   26.22300   18.91500  
O    24.22500   23.31200   18.33000  
C    27.39700   29.97200   29.44800  
H    26.91700   30.89200   29.10500  
H    26.73600   29.58400   30.22700  
H    28.39200   30.09800   29.88200  
S    27.38400   28.69800   28.16700  
C    27.89400   27.34900   29.25700  
H    26.95100   26.95900   29.64800  
H    28.32800   26.55400   28.64500  
H    28.48900   27.62200   30.13200  
O    28.68700   28.93400   27.47000  
C    26.23400   18.06200   34.52300  
H    25.94900   18.11600   33.46900  
H    27.30400   18.26500   34.62200  
H    25.92200   17.07600   34.87500  
S    25.42600   19.40500   35.42200  
C    26.05100   18.78400   37.00000  
H    25.51600   17.84200   37.14000  
H    27.12700   18.61700   36.90700  
H    25.78400   19.45600   37.81900  
O    23.99400   18.97200   35.36900  
C    20.55000   21.38200   18.79500  
H    21.21200   22.02000   18.20500  
H    21.11300   21.00300   19.65300  
H    20.05400   20.55600   18.28000  
S    19.22300   22.37200   19.51900  
C    20.24300   23.30600   20.68200  
H    20.66600   22.60000   21.40100  
H    20.95400   23.87100   20.07300  
H    19.56200   23.97900   21.20900  
O    18.47400   21.43700   20.41700  
C    27.69500   26.86500   21.65800  
H    27.74500   26.18800   20.80200  
H    27.90100   27.81300   21.15400  
H    28.45400   26.60400   22.40000  
S    26.04100   26.99700   22.37500  
C    26.45000   28.19400   23.66600  
H    27.08900   29.00600   23.31000  
H    25.52800   28.67700   24.00000  
H    26.84600   27.61000   24.50000  
O    25.93700   25.66500   23.04900  
C    28.42200   25.96200   25.80900  
H    28.49900   27.03200   26.01800  
H    27.90300   25.78800   24.86300  
H    28.01100   25.37000   26.63100  
S    30.09000   25.27900   25.68500  
C    30.84400   26.06100   27.12900  
H    31.90100   25.80400   27.02200  
H    30.69300   27.14300   27.10100  
H    30.42500   25.58400   28.01900  
O    30.56400   26.03400   24.48100  
C    23.28400   16.55100   32.90500  
H    23.69800   16.94100   33.83800  
H    24.00400   16.47600   32.08600  
H    22.43900   17.19100   32.63700  
S    22.47100   14.94500   33.06800  
C    23.94300   13.94500   33.37900  
H    24.60800   14.44200   34.09000  
H    23.56900   13.00500   33.79400  
H    24.33100   13.85600   32.36100  
O    22.28300   14.69600   31.60300  
C    20.19700   20.29900   23.01100  
H    19.60000   19.71200   22.30900  
H    19.64900   21.24200   23.08500  
H    21.22100   20.43800   22.65600  
S    20.26800   19.46100   24.61000  
C    20.60600   17.90500   23.75700  
H    19.64800   17.56500   23.35700  
H    21.36100   18.18400   23.01700  
H    20.94100   17.20300   24.52500  
O    18.83300   19.47100   25.03800  
C    16.90800   23.55500   31.48600  
H    15.90600   23.94500   31.28900  
H    17.63100   24.37400   31.47800  
H    17.19900   22.87300   30.68400  
S    16.95300   22.76800   33.11200  
C    18.50200   21.93700   32.69500  
H    19.29900   22.68400   32.65600  
H    18.74400   21.21300   33.47800  
H    18.36800   21.45400   31.72400  
O    15.94300   21.67200   32.97400  
C    29.45100   20.93100   21.95000  
H    30.32600   20.30400   21.76000  
H    28.74900   20.55800   22.70000  
H    28.99900   21.19700   20.99100  
S    29.96800   22.51500   22.64800  
C    28.43000   23.37500   22.24700  
H    28.49100   23.52000   21.16600  
H    27.66300   22.61000   22.38900  
H    28.28700   24.28400   22.83700  
O    31.01300   22.90500   21.64800  
C    19.60800   26.01800   29.86100  
H    20.11700   25.25200   29.27000  
H    18.62800   25.70400   30.22900  
H    19.39600   26.91100   29.26700  
S    20.72800   26.61100   31.14800  
C    21.39200   25.02500   31.70500  
H    21.84000   24.47600   30.87300  
H    22.05400   25.32400   32.52200  
H    20.59000   24.43000   32.15000  
O    19.78800   27.06400   32.22200  
C    26.48900   15.96200   24.34200  
H    26.60700   15.52700   23.34600  
H    27.45200   15.89200   24.85300  
H    25.71600   15.41800   24.89200  
S    26.05600   17.70700   24.16300  
C    24.61500   17.31000   23.14700  
H    23.88200   16.75800   23.74000  
H    24.08100   18.22600   22.88000  
H    24.92400   16.79000   22.23700  
O    27.09100   18.33400   23.28200  
C    17.80600   19.39900   29.43000  
H    17.20400   19.45900   30.34000  
H    17.44300   19.92000   28.54000  
H    17.73300   18.31000   29.36800  
S    19.50000   19.89000   29.82500  
C    20.01600   19.60200   28.11800  
H    21.10700   19.66900   28.13000  
H    19.80700   18.57900   27.79500  
H    19.54600   20.34300   27.46600  
O    20.02700   18.73900   30.62500  
C    17.87300   25.14900   26.15500  
H    16.83600   24.82800   26.28500  
H    17.98300   26.10800   26.66800  
H    18.30500   25.15900   25.15100  
S    18.78400   23.78700   26.91500  
C    18.26500   22.54700   25.70800  
H    18.61300   21.53700   25.93900  
H    17.18900   22.60700   25.52300  
H    18.72400   22.93700   24.79600  
O    17.96800   23.39300   28.10700  
C    20.84100   27.51400   24.30200  
H    20.42000   27.92500   23.38000  
H    20.06100   27.55300   25.06600  
H    21.58600   28.18900   24.73200  
S    21.25400   25.77100   24.06400  
C    22.29300   26.13400   22.63100  
H    23.03600   26.77600   23.11000  
H    22.77200   25.20800   22.30100  
H    21.73100   26.64600   21.84600  
O    20.06700   25.29700   23.28400  
C    26.72600   23.90000   30.26300  
H    27.28400   23.09500   29.77900  
H    26.31100   24.39600   29.38200  
H    27.40400   24.46400   30.90900  
S    25.36500   23.40300   31.34300  
C    24.96700   25.07500   31.90300  
H    25.91700   25.56900   32.11900  
H    24.52500   25.68900   31.11400  
H    24.27200   25.00700   32.74400  
O    26.08600   22.79500   32.50500  
C    23.92900   17.23500   27.25000  
H    24.47900   17.45500   28.16800  
H    24.46800   16.52100   26.62000  
H    23.80000   18.17800   26.71300  
S    22.32100   16.55100   27.71000  
C    23.07400   15.20900   28.65700  
H    22.31700   14.55600   29.10000  
H    23.64100   14.63200   27.92100  
H    23.69600   15.68100   29.42200  
O    21.99300   15.85500   26.42600  
C    29.20700   22.55700   17.86500  
H    30.03100   23.18400   18.21300  
H    29.04900   21.74500   18.58000  
H    29.56900   22.12100   16.93000  
S    27.69700   23.53800   17.71500  
C    28.37800   24.64500   16.46000  
H    27.54700   24.85300   15.78000  
H    28.59200   25.57500   16.99200  
H    29.13700   24.10000   15.89300  
O    27.76400   24.30200   19.00100  
$end

$rem
JOBTYPE  SP
METHOD  B3LYP
BASIS  6-31+G(D)
SYMMETRY  FALSE
SYM_IGNORE  TRUE
MEM_TOTAL  12000
MEM_STATIC  4000
BASIS_LIN_DEP_THRESH  6
THRESH  14
SCF_CONVERGENCE  8
FD_MAT_VEC_PROD  FALSE
XC_GRID  000075000302
NL_GRID  1
MAX_SCF_CYCLES  200
SCF_GUESS  READ_DEN
ALMO_EFIELD  TRUE
GEN_SCFMAN  FALSE
SKIP_SCFMAN  TRUE
ESP_GRID  0
ESP_EFIELD  1
$end
