$molecule
0 1
--
0 1
C    26.14500   30.46300   26.04900  
C    26.90900   29.63300   27.09300  
C    26.65800   28.11700   27.04000  
C    26.75600   27.57600   25.60400  
C    26.00300   28.39800   24.54500  
C    26.38700   29.88400   24.64500  
H    27.45600   27.67300   27.64800  
H    27.95500   29.68100   26.76800  
H    25.06000   30.58500   26.15600  
H    26.69000   31.41300   25.99800  
H    27.83200   27.64500   25.40300  
H    26.48000   26.51400   25.59400  
H    26.16700   27.94100   23.56200  
H    24.93000   28.27600   24.73800  
H    27.41400   29.99800   24.27700  
H    25.82200   30.49400   23.93000  
H    25.73500   27.82400   27.55400  
N    26.67600   30.10400   28.45800  
H    26.17900   29.43900   29.03900  
C    27.15800   31.27300   29.00600  
H    26.85100   31.41500   30.05900  
O    27.74300   32.13100   28.36900  
--
0 1
C    22.37300   25.88300   20.87800  
H    22.77000   24.91900   21.20300  
H    21.30200   26.04200   21.02800  
H    22.60900   26.12000   19.83700  
S    23.12900   27.34100   21.63200  
C    22.36600   28.65400   20.65300  
H    22.97500   28.91500   19.78400  
H    21.38300   28.33100   20.30200  
H    22.23400   29.59100   21.20100  
O    24.51900   27.25300   21.08300  
C    34.03500   24.79900   24.16300  
H    33.62400   24.37100   23.24500  
H    34.92100   24.21500   24.42500  
H    33.34300   24.70400   25.00400  
S    34.46600   26.48300   23.67000  
C    34.70600   27.11000   25.34800  
H    35.54500   26.67500   25.89700  
H    34.86900   28.18200   25.21600  
H    33.82500   26.93400   25.97000  
O    33.06100   26.93300   23.41400  
C    28.53300   22.74900   30.19000  
H    27.79000   22.18700   30.76300  
H    28.21700   23.79400   30.23000  
H    28.63000   22.46200   29.14000  
S    30.18900   22.83000   30.90900  
C    30.17600   21.09700   31.42300  
H    31.08900   21.00400   32.01700  
H    29.28700   21.01700   32.05400  
H    30.22900   20.39100   30.59100  
O    30.15400   23.66700   32.14900  
C    30.61400   30.51100   29.03500  
H    29.93800   29.97000   29.70200  
H    30.11300   31.17300   28.32400  
H    31.22900   29.78400   28.49800  
S    31.59700   31.63400   30.05400  
C    30.25500   32.75300   30.51500  
H    29.50800   32.23700   31.12400  
H    30.58400   33.59100   31.13400  
H    29.72100   33.17400   29.65900  
O    32.30000   32.39400   28.97300  
C    25.17200   27.70600   16.76200  
H    24.80700   28.37600   15.98000  
H    24.75500   26.70100   16.66100  
H    24.93000   28.21500   17.69900  
S    26.96300   27.53200   16.92300  
C    26.75000   26.54900   18.42400  
H    26.41600   25.55100   18.12700  
H    27.72200   26.45300   18.91500  
H    26.03100   26.99400   19.11600  
O    27.46500   28.85800   17.40300  
C    28.18600   34.18300   25.32400  
H    27.92200   33.75700   26.29600  
H    28.54600   33.39300   24.66100  
H    28.94300   34.96000   25.45900  
S    26.69300   34.80600   24.52000  
C    27.19900   35.18800   22.82700  
H    27.56500   34.22000   22.47600  
H    26.35300   35.49700   22.20700  
H    27.92600   35.98700   22.66600  
O    26.46800   36.15500   25.12800  
C    25.11600   30.66800   19.59300  
H    24.64700   31.43000   18.96500  
H    25.24500   29.72200   19.06200  
H    24.60300   30.51300   20.54600  
S    26.76300   31.15300   20.15800  
C    27.24400   29.58300   20.91400  
H    26.55600   29.42600   21.74900  
H    27.02300   28.81400   20.17000  
H    28.25500   29.77600   21.28100  
O    26.50700   31.88500   21.43900  
C    31.21500   28.83700   25.07900  
H    31.20500   28.02600   24.34700  
H    31.91900   28.59800   25.88100  
H    30.22200   29.02800   25.49400  
S    31.75300   30.23600   24.07100  
C    31.24300   31.45300   25.30600  
H    31.79800   31.37000   26.24300  
H    31.45500   32.44400   24.89400  
H    30.20500   31.26100   25.59000  
O    30.66300   30.29200   23.04600  
C    25.89000   24.80300   30.94000  
H    26.83000   24.98200   31.46700  
H    25.04400   25.07900   31.57500  
H    25.78000   23.73600   30.72700  
S    25.72900   25.74700   29.40800  
C    24.07500   25.11200   29.05600  
H    23.92100   25.69800   28.14600  
H    24.08700   24.04300   28.83000  
H    23.31700   25.34300   29.80900  
O    26.64500   24.86600   28.61700  
C    24.84300   24.65000   24.64100  
H    25.78900   24.81500   24.11900  
H    24.00900   25.24400   24.25900  
H    25.03300   24.92600   25.68100  
S    24.37400   22.90500   24.67800  
C    23.20600   23.01200   26.05300  
H    23.01000   21.99900   26.41400  
H    23.67700   23.67400   26.78400  
H    22.24600   23.39500   25.69700  
O    25.67500   22.27300   25.06300  
C    31.00300   35.70500   35.48300  
H    30.90000   34.89800   36.21300  
H    31.80500   36.43000   35.65100  
H    30.07200   36.27700   35.46700  
S    31.13100   34.95800   33.84300  
C    31.69900   36.49100   33.07400  
H    31.17300   37.38500   33.42000  
H    32.73200   36.42200   33.42600  
H    31.76000   36.46100   31.98300  
O    29.72300   34.73200   33.38700  
C    31.75000   27.52000   20.81800  
H    31.83100   28.24900   21.62800  
H    32.10000   26.49900   20.99200  
H    32.10200   27.97700   19.88900  
S    29.99700   27.25200   20.47300  
C    29.64600   27.17700   22.24400  
H    28.63800   26.80100   22.43700  
H    30.35100   26.49200   22.72000  
H    29.71300   28.15500   22.72800  
O    29.88700   25.80400   20.10700  
C    23.59300   35.19500   20.56400  
H    23.39000   36.26300   20.45400  
H    24.64900   34.93200   20.46200  
H    23.07300   34.54900   19.85200  
S    23.15000   34.83400   22.27800  
C    23.77400   33.15300   22.05700  
H    23.31200   32.53800   22.83400  
H    23.58100   32.67500   21.09300  
H    24.85100   33.20600   22.23200  
O    21.65500   34.74600   22.29100  
C    17.39500   31.68900   27.88800  
H    16.61600   31.32300   27.21400  
H    16.99300   31.93200   28.87500  
H    17.86200   32.53700   27.37900  
S    18.61500   30.35900   27.98300  
C    17.76800   29.56900   29.37000  
H    18.04800   30.10200   30.28200  
H    16.68000   29.65800   29.30400  
H    18.11700   28.53400   29.38500  
O    19.79500   31.00900   28.63700  
C    29.63800   37.73200   30.40700  
H    28.90500   38.43100   29.99400  
H    29.12300   36.94800   30.96800  
H    30.35700   38.22800   31.06300  
S    30.58200   36.88300   29.12200  
C    29.21300   36.06300   28.27400  
H    28.80500   35.42200   29.06100  
H    28.41400   36.74800   27.97800  
H    29.53400   35.45900   27.42200  
O    31.26700   35.85200   29.96400  
C    20.82300   28.18000   25.85400  
H    21.41500   28.67700   25.08100  
H    20.16700   27.41100   25.43900  
H    20.25700   28.88800   26.46500  
S    21.93600   27.38700   27.03600  
C    22.81700   28.94300   27.29700  
H    23.65000   28.81000   27.99200  
H    23.12100   29.22500   26.28600  
H    22.06700   29.66800   27.62400  
O    22.80100   26.61600   26.08800  
C    29.99200   30.28800   35.62200  
H    29.29200   30.12300   36.44500  
H    30.70000   31.11100   35.74100  
H    29.60900   30.48700   34.61700  
S    31.01500   28.80200   35.52500  
C    32.22000   29.48900   34.36700  
H    33.06300   28.79200   34.35400  
H    31.63800   29.52800   33.44300  
H    32.66000   30.46700   34.57500  
O    30.16900   27.89200   34.69000  
C    23.08300   28.41200   32.80200  
H    24.06000   27.94700   32.95700  
H    22.70600   28.95000   33.67600  
H    22.27900   27.76500   32.44300  
S    23.32100   29.59000   31.45200  
C    21.59700   30.03900   31.15200  
H    21.18800   30.73400   31.89000  
H    21.62300   30.45500   30.14200  
H    21.03000   29.12100   30.97800  
O    23.78700   28.58700   30.44300  
C    28.32600   23.32700   22.55500  
H    29.14500   22.60300   22.55500  
H    28.68600   24.33800   22.75800  
H    27.46700   22.87900   23.06400  
S    27.79100   23.73900   20.87900  
C    26.19500   24.44500   21.34800  
H    25.71900   23.78800   22.08000  
H    26.35600   25.43600   21.78000  
H    25.54900   24.59700   20.47900  
O    27.51700   22.32200   20.48000  
C    29.15300   26.41700   29.82600  
H    29.00800   26.26100   28.75400  
H    28.49300   25.81300   30.45400  
H    29.04700   27.46800   30.10900  
S    30.92200   26.05600   29.88800  
C    31.30100   26.65300   31.55100  
H    31.39600   27.74000   31.61300  
H    30.53000   26.37600   32.27400  
H    32.21000   26.25400   32.00700  
O    31.70100   26.85600   28.89100  
C    30.26500   34.23000   21.48000  
H    30.69300   34.32400   20.47900  
H    30.09400   33.21100   21.83600  
H    29.45200   34.92600   21.70500  
S    31.71700   34.70800   22.44300  
C    32.60900   33.16000   22.17600  
H    32.88700   33.26400   21.12400  
H    33.42200   32.98400   22.88500  
H    31.92100   32.31500   22.26400  
O    31.14800   34.52600   23.81600  
C    20.29900   24.71500   30.76400  
H    21.12400   24.20000   31.26200  
H    20.00300   25.71600   31.08900  
H    19.42100   24.09700   30.97000  
S    20.36800   24.62700   28.96000  
C    18.73200   25.34500   28.68900  
H    17.94600   24.67900   29.05200  
H    18.72700   26.32200   29.18000  
H    18.66900   25.47800   27.60600  
O    19.93700   23.23600   28.61400  
C    24.16700   34.59800   26.80700  
H    24.16600   35.26800   27.67000  
H    25.08800   34.01400   26.73000  
H    24.23000   35.08300   25.82900  
S    22.59900   33.70400   26.87400  
C    23.03200   32.58300   28.22400  
H    22.16400   31.94500   28.40600  
H    23.95100   32.00300   28.10500  
H    23.07300   33.18100   29.13800  
O    22.55300   32.86200   25.63700  
C    18.55700   32.51100   23.43600  
H    19.12100   33.38800   23.10700  
H    18.48900   31.80200   22.60800  
H    17.54100   32.66200   23.81200  
S    19.42600   31.55600   24.70000  
C    20.74600   31.19200   23.52100  
H    20.29400   30.65800   22.68200  
H    21.31300   32.05500   23.16400  
H    21.34500   30.50500   24.12600  
O    18.56100   30.34300   24.84500  
C    28.11700   33.78100   35.72700  
H    28.14600   34.84000   35.46100  
H    28.49300   33.73900   36.75200  
H    28.80700   33.20500   35.10400  
S    26.48800   33.05800   35.42800  
C    25.97400   33.74700   37.01700  
H    25.91000   34.83300   36.91500  
H    24.94200   33.42000   37.16900  
H    26.53600   33.40200   37.88900  
O    26.77100   31.65000   35.85200  
C    29.30800   22.73300   26.52000  
H    29.40600   22.61700   25.43700  
H    29.47000   21.73700   26.94000  
H    28.29300   22.93500   26.87400  
S    30.52600   23.96100   27.04200  
C    29.87100   25.22800   25.93300  
H    28.81100   25.45300   26.07500  
H    30.42100   26.16800   26.01900  
H    30.09800   24.90400   24.91400  
O    31.86700   23.55300   26.51700  
C    27.29400   27.68300   32.75100  
H    26.61700   27.51100   33.59200  
H    26.71100   27.75300   31.83000  
H    28.08000   26.93400   32.62600  
S    27.90100   29.37900   32.89600  
C    26.28300   30.16100   33.08200  
H    25.62400   29.52000   33.67400  
H    26.62000   31.14500   33.41900  
H    25.81800   30.35700   32.11200  
O    28.20200   29.58500   31.44400  
C    24.19200   34.87500   32.36400  
H    23.57600   35.27000   31.55200  
H    23.58300   34.35600   33.10800  
H    24.65800   35.75500   32.81500  
S    25.64300   33.87300   31.97000  
C    26.04100   34.77200   30.45400  
H    26.69000   35.64500   30.56900  
H    26.69100   34.02800   29.98600  
H    25.13100   35.01600   29.90100  
O    24.98000   32.62900   31.46600  
$end

$rem
JOBTYPE  SP
METHOD  B3LYP
BASIS  6-31+G(D)
SYMMETRY  FALSE
SYM_IGNORE  TRUE
MEM_TOTAL  16000
MEM_STATIC  8000
MAX_SUB_FILE_NUM  16000
BASIS_LIN_DEP_THRESH  6
THRESH  14
SCF_CONVERGENCE  8
GEN_SCFMAN  TRUE
SCF_GUESS  FRAGMO
FD_MAT_VEC_PROD  FALSE
XC_GRID  000075000302
NL_GRID  1
MAX_SCF_CYCLES  200
FRGM_METHOD  STOLL
SCFMI_MODE  1
$end

$development
almo_efield  1
$end

$rem_frgm
SCF_CONVERGENCE  4
$end

@@@

$molecule
0 1
@C    26.14500   30.46300   26.04900  
@C    26.90900   29.63300   27.09300  
@C    26.65800   28.11700   27.04000  
@C    26.75600   27.57600   25.60400  
@C    26.00300   28.39800   24.54500  
@C    26.38700   29.88400   24.64500  
@H    27.45600   27.67300   27.64800  
@H    27.95500   29.68100   26.76800  
@H    25.06000   30.58500   26.15600  
@H    26.69000   31.41300   25.99800  
@H    27.83200   27.64500   25.40300  
@H    26.48000   26.51400   25.59400  
@H    26.16700   27.94100   23.56200  
@H    24.93000   28.27600   24.73800  
@H    27.41400   29.99800   24.27700  
@H    25.82200   30.49400   23.93000  
@H    25.73500   27.82400   27.55400  
@N    26.67600   30.10400   28.45800  
@H    26.17900   29.43900   29.03900  
@C    27.15800   31.27300   29.00600  
@H    26.85100   31.41500   30.05900  
@O    27.74300   32.13100   28.36900  
C    22.37300   25.88300   20.87800  
H    22.77000   24.91900   21.20300  
H    21.30200   26.04200   21.02800  
H    22.60900   26.12000   19.83700  
S    23.12900   27.34100   21.63200  
C    22.36600   28.65400   20.65300  
H    22.97500   28.91500   19.78400  
H    21.38300   28.33100   20.30200  
H    22.23400   29.59100   21.20100  
O    24.51900   27.25300   21.08300  
C    34.03500   24.79900   24.16300  
H    33.62400   24.37100   23.24500  
H    34.92100   24.21500   24.42500  
H    33.34300   24.70400   25.00400  
S    34.46600   26.48300   23.67000  
C    34.70600   27.11000   25.34800  
H    35.54500   26.67500   25.89700  
H    34.86900   28.18200   25.21600  
H    33.82500   26.93400   25.97000  
O    33.06100   26.93300   23.41400  
C    28.53300   22.74900   30.19000  
H    27.79000   22.18700   30.76300  
H    28.21700   23.79400   30.23000  
H    28.63000   22.46200   29.14000  
S    30.18900   22.83000   30.90900  
C    30.17600   21.09700   31.42300  
H    31.08900   21.00400   32.01700  
H    29.28700   21.01700   32.05400  
H    30.22900   20.39100   30.59100  
O    30.15400   23.66700   32.14900  
C    30.61400   30.51100   29.03500  
H    29.93800   29.97000   29.70200  
H    30.11300   31.17300   28.32400  
H    31.22900   29.78400   28.49800  
S    31.59700   31.63400   30.05400  
C    30.25500   32.75300   30.51500  
H    29.50800   32.23700   31.12400  
H    30.58400   33.59100   31.13400  
H    29.72100   33.17400   29.65900  
O    32.30000   32.39400   28.97300  
C    25.17200   27.70600   16.76200  
H    24.80700   28.37600   15.98000  
H    24.75500   26.70100   16.66100  
H    24.93000   28.21500   17.69900  
S    26.96300   27.53200   16.92300  
C    26.75000   26.54900   18.42400  
H    26.41600   25.55100   18.12700  
H    27.72200   26.45300   18.91500  
H    26.03100   26.99400   19.11600  
O    27.46500   28.85800   17.40300  
C    28.18600   34.18300   25.32400  
H    27.92200   33.75700   26.29600  
H    28.54600   33.39300   24.66100  
H    28.94300   34.96000   25.45900  
S    26.69300   34.80600   24.52000  
C    27.19900   35.18800   22.82700  
H    27.56500   34.22000   22.47600  
H    26.35300   35.49700   22.20700  
H    27.92600   35.98700   22.66600  
O    26.46800   36.15500   25.12800  
C    25.11600   30.66800   19.59300  
H    24.64700   31.43000   18.96500  
H    25.24500   29.72200   19.06200  
H    24.60300   30.51300   20.54600  
S    26.76300   31.15300   20.15800  
C    27.24400   29.58300   20.91400  
H    26.55600   29.42600   21.74900  
H    27.02300   28.81400   20.17000  
H    28.25500   29.77600   21.28100  
O    26.50700   31.88500   21.43900  
C    31.21500   28.83700   25.07900  
H    31.20500   28.02600   24.34700  
H    31.91900   28.59800   25.88100  
H    30.22200   29.02800   25.49400  
S    31.75300   30.23600   24.07100  
C    31.24300   31.45300   25.30600  
H    31.79800   31.37000   26.24300  
H    31.45500   32.44400   24.89400  
H    30.20500   31.26100   25.59000  
O    30.66300   30.29200   23.04600  
C    25.89000   24.80300   30.94000  
H    26.83000   24.98200   31.46700  
H    25.04400   25.07900   31.57500  
H    25.78000   23.73600   30.72700  
S    25.72900   25.74700   29.40800  
C    24.07500   25.11200   29.05600  
H    23.92100   25.69800   28.14600  
H    24.08700   24.04300   28.83000  
H    23.31700   25.34300   29.80900  
O    26.64500   24.86600   28.61700  
C    24.84300   24.65000   24.64100  
H    25.78900   24.81500   24.11900  
H    24.00900   25.24400   24.25900  
H    25.03300   24.92600   25.68100  
S    24.37400   22.90500   24.67800  
C    23.20600   23.01200   26.05300  
H    23.01000   21.99900   26.41400  
H    23.67700   23.67400   26.78400  
H    22.24600   23.39500   25.69700  
O    25.67500   22.27300   25.06300  
C    31.00300   35.70500   35.48300  
H    30.90000   34.89800   36.21300  
H    31.80500   36.43000   35.65100  
H    30.07200   36.27700   35.46700  
S    31.13100   34.95800   33.84300  
C    31.69900   36.49100   33.07400  
H    31.17300   37.38500   33.42000  
H    32.73200   36.42200   33.42600  
H    31.76000   36.46100   31.98300  
O    29.72300   34.73200   33.38700  
C    31.75000   27.52000   20.81800  
H    31.83100   28.24900   21.62800  
H    32.10000   26.49900   20.99200  
H    32.10200   27.97700   19.88900  
S    29.99700   27.25200   20.47300  
C    29.64600   27.17700   22.24400  
H    28.63800   26.80100   22.43700  
H    30.35100   26.49200   22.72000  
H    29.71300   28.15500   22.72800  
O    29.88700   25.80400   20.10700  
C    23.59300   35.19500   20.56400  
H    23.39000   36.26300   20.45400  
H    24.64900   34.93200   20.46200  
H    23.07300   34.54900   19.85200  
S    23.15000   34.83400   22.27800  
C    23.77400   33.15300   22.05700  
H    23.31200   32.53800   22.83400  
H    23.58100   32.67500   21.09300  
H    24.85100   33.20600   22.23200  
O    21.65500   34.74600   22.29100  
C    17.39500   31.68900   27.88800  
H    16.61600   31.32300   27.21400  
H    16.99300   31.93200   28.87500  
H    17.86200   32.53700   27.37900  
S    18.61500   30.35900   27.98300  
C    17.76800   29.56900   29.37000  
H    18.04800   30.10200   30.28200  
H    16.68000   29.65800   29.30400  
H    18.11700   28.53400   29.38500  
O    19.79500   31.00900   28.63700  
C    29.63800   37.73200   30.40700  
H    28.90500   38.43100   29.99400  
H    29.12300   36.94800   30.96800  
H    30.35700   38.22800   31.06300  
S    30.58200   36.88300   29.12200  
C    29.21300   36.06300   28.27400  
H    28.80500   35.42200   29.06100  
H    28.41400   36.74800   27.97800  
H    29.53400   35.45900   27.42200  
O    31.26700   35.85200   29.96400  
C    20.82300   28.18000   25.85400  
H    21.41500   28.67700   25.08100  
H    20.16700   27.41100   25.43900  
H    20.25700   28.88800   26.46500  
S    21.93600   27.38700   27.03600  
C    22.81700   28.94300   27.29700  
H    23.65000   28.81000   27.99200  
H    23.12100   29.22500   26.28600  
H    22.06700   29.66800   27.62400  
O    22.80100   26.61600   26.08800  
C    29.99200   30.28800   35.62200  
H    29.29200   30.12300   36.44500  
H    30.70000   31.11100   35.74100  
H    29.60900   30.48700   34.61700  
S    31.01500   28.80200   35.52500  
C    32.22000   29.48900   34.36700  
H    33.06300   28.79200   34.35400  
H    31.63800   29.52800   33.44300  
H    32.66000   30.46700   34.57500  
O    30.16900   27.89200   34.69000  
C    23.08300   28.41200   32.80200  
H    24.06000   27.94700   32.95700  
H    22.70600   28.95000   33.67600  
H    22.27900   27.76500   32.44300  
S    23.32100   29.59000   31.45200  
C    21.59700   30.03900   31.15200  
H    21.18800   30.73400   31.89000  
H    21.62300   30.45500   30.14200  
H    21.03000   29.12100   30.97800  
O    23.78700   28.58700   30.44300  
C    28.32600   23.32700   22.55500  
H    29.14500   22.60300   22.55500  
H    28.68600   24.33800   22.75800  
H    27.46700   22.87900   23.06400  
S    27.79100   23.73900   20.87900  
C    26.19500   24.44500   21.34800  
H    25.71900   23.78800   22.08000  
H    26.35600   25.43600   21.78000  
H    25.54900   24.59700   20.47900  
O    27.51700   22.32200   20.48000  
C    29.15300   26.41700   29.82600  
H    29.00800   26.26100   28.75400  
H    28.49300   25.81300   30.45400  
H    29.04700   27.46800   30.10900  
S    30.92200   26.05600   29.88800  
C    31.30100   26.65300   31.55100  
H    31.39600   27.74000   31.61300  
H    30.53000   26.37600   32.27400  
H    32.21000   26.25400   32.00700  
O    31.70100   26.85600   28.89100  
C    30.26500   34.23000   21.48000  
H    30.69300   34.32400   20.47900  
H    30.09400   33.21100   21.83600  
H    29.45200   34.92600   21.70500  
S    31.71700   34.70800   22.44300  
C    32.60900   33.16000   22.17600  
H    32.88700   33.26400   21.12400  
H    33.42200   32.98400   22.88500  
H    31.92100   32.31500   22.26400  
O    31.14800   34.52600   23.81600  
C    20.29900   24.71500   30.76400  
H    21.12400   24.20000   31.26200  
H    20.00300   25.71600   31.08900  
H    19.42100   24.09700   30.97000  
S    20.36800   24.62700   28.96000  
C    18.73200   25.34500   28.68900  
H    17.94600   24.67900   29.05200  
H    18.72700   26.32200   29.18000  
H    18.66900   25.47800   27.60600  
O    19.93700   23.23600   28.61400  
C    24.16700   34.59800   26.80700  
H    24.16600   35.26800   27.67000  
H    25.08800   34.01400   26.73000  
H    24.23000   35.08300   25.82900  
S    22.59900   33.70400   26.87400  
C    23.03200   32.58300   28.22400  
H    22.16400   31.94500   28.40600  
H    23.95100   32.00300   28.10500  
H    23.07300   33.18100   29.13800  
O    22.55300   32.86200   25.63700  
C    18.55700   32.51100   23.43600  
H    19.12100   33.38800   23.10700  
H    18.48900   31.80200   22.60800  
H    17.54100   32.66200   23.81200  
S    19.42600   31.55600   24.70000  
C    20.74600   31.19200   23.52100  
H    20.29400   30.65800   22.68200  
H    21.31300   32.05500   23.16400  
H    21.34500   30.50500   24.12600  
O    18.56100   30.34300   24.84500  
C    28.11700   33.78100   35.72700  
H    28.14600   34.84000   35.46100  
H    28.49300   33.73900   36.75200  
H    28.80700   33.20500   35.10400  
S    26.48800   33.05800   35.42800  
C    25.97400   33.74700   37.01700  
H    25.91000   34.83300   36.91500  
H    24.94200   33.42000   37.16900  
H    26.53600   33.40200   37.88900  
O    26.77100   31.65000   35.85200  
C    29.30800   22.73300   26.52000  
H    29.40600   22.61700   25.43700  
H    29.47000   21.73700   26.94000  
H    28.29300   22.93500   26.87400  
S    30.52600   23.96100   27.04200  
C    29.87100   25.22800   25.93300  
H    28.81100   25.45300   26.07500  
H    30.42100   26.16800   26.01900  
H    30.09800   24.90400   24.91400  
O    31.86700   23.55300   26.51700  
C    27.29400   27.68300   32.75100  
H    26.61700   27.51100   33.59200  
H    26.71100   27.75300   31.83000  
H    28.08000   26.93400   32.62600  
S    27.90100   29.37900   32.89600  
C    26.28300   30.16100   33.08200  
H    25.62400   29.52000   33.67400  
H    26.62000   31.14500   33.41900  
H    25.81800   30.35700   32.11200  
O    28.20200   29.58500   31.44400  
C    24.19200   34.87500   32.36400  
H    23.57600   35.27000   31.55200  
H    23.58300   34.35600   33.10800  
H    24.65800   35.75500   32.81500  
S    25.64300   33.87300   31.97000  
C    26.04100   34.77200   30.45400  
H    26.69000   35.64500   30.56900  
H    26.69100   34.02800   29.98600  
H    25.13100   35.01600   29.90100  
O    24.98000   32.62900   31.46600  
$end

$rem
JOBTYPE  SP
METHOD  B3LYP
BASIS  6-31+G(D)
SYMMETRY  FALSE
SYM_IGNORE  TRUE
MEM_TOTAL  16000
MEM_STATIC  8000
MAX_SUB_FILE_NUM  16000
BASIS_LIN_DEP_THRESH  6
THRESH  14
SCF_CONVERGENCE  8
GEN_SCFMAN  FALSE
SCF_GUESS  READ_DEN
FD_MAT_VEC_PROD  FALSE
XC_GRID  000075000302
NL_GRID  1
MAX_SCF_CYCLES  200
SKIP_SCFMAN  TRUE
ESP_GRID  0
ESP_EFIELD  1
$end

$development
almo_efield  1
$end

