$molecule
0 1
--
0 1
C    22.11800   16.35000   27.92600  
C    23.47000   15.62000   27.97400  
C    24.36300   15.98900   29.17100  
C    23.55400   15.93800   30.47700  
C    22.23100   16.71900   30.41700  
C    21.30700   16.39500   29.23200  
H    25.19900   15.28600   29.27600  
H    23.29200   14.55100   28.14700  
H    22.26200   17.38900   27.60500  
H    21.46800   15.91700   27.15700  
H    23.17000   14.91800   30.60700  
H    24.16500   16.29300   31.31600  
H    21.63600   16.54100   31.32100  
H    22.45900   17.79200   30.44500  
H    20.83300   15.42800   29.44100  
H    20.52700   17.15700   29.11400  
H    24.74900   17.00800   29.04600  
N    24.23500   15.85500   26.75100  
H    24.49800   16.80400   26.51300  
C    24.49200   14.86500   25.82700  
H    25.05400   15.18100   24.92900  
O    24.08700   13.71900   25.91500  
--
0 1
C    21.46200   20.90900   29.65500  
H    20.54900   20.59900   29.13900  
H    22.10100   20.05700   29.90100  
H    21.31900   21.59500   30.49300  
S    22.59000   21.67500   28.46900  
C    22.77600   20.18900   27.45800  
H    23.03700   19.30100   28.04000  
H    21.80800   19.94200   27.01500  
H    23.37500   20.42700   26.57500  
O    23.86100   21.79900   29.25200  
C    17.87800   21.59600   25.55600  
H    18.06600   21.66700   26.63000  
H    17.89800   22.64300   25.24400  
H    16.90500   21.13300   25.36800  
S    19.27200   20.68100   24.86000  
C    19.17800   19.44400   26.17400  
H    19.95700   18.68500   26.06700  
H    19.29700   19.91200   27.15400  
H    18.20100   18.96300   26.08400  
O    20.48900   21.38300   25.37700  
C    30.31200   15.65500   30.39100  
H    31.28600   15.16300   30.44900  
H    29.91900   15.50700   29.38200  
H    30.42700   16.70400   30.67700  
S    29.19100   14.82500   31.54000  
C    27.83000   15.95800   31.18100  
H    27.77900   16.07500   30.09600  
H    26.85800   15.66200   31.58400  
H    28.11100   16.88200   31.69300  
O    29.62900   15.16100   32.93100  
C    26.02200   6.67600    29.33400  
H    27.09600   6.52700    29.19700  
H    25.81200   7.60000    29.87800  
H    25.64600   5.75100    29.77900  
S    25.21200   6.77400    27.72200  
C    25.79600   8.42400    27.27500  
H    25.87000   8.41300    26.18500  
H    25.11200   9.19200    27.64700  
H    26.78400   8.53800    27.72900  
O    23.77300   7.07000    28.01000  
C    25.52100   19.42300   31.03800  
H    25.50500   19.56700   32.12100  
H    24.61300   19.87300   30.62800  
H    25.48200   18.33800   30.90700  
S    27.01400   20.03900   30.22800  
C    26.62900   19.46500   28.55800  
H    26.70400   20.28200   27.83600  
H    27.37000   18.67800   28.40000  
H    25.60700   19.07800   28.55600  
O    27.91400   18.93600   30.69100  
C    20.08800   11.39600   35.28100  
H    20.09100   10.56000   35.98400  
H    19.20000   11.33900   34.64700  
H    20.92700   11.17700   34.61500  
S    20.28600   13.02100   36.04700  
C    20.20900   14.01100   34.53700  
H    19.21700   13.75200   34.15800  
H    20.31700   15.04800   34.86700  
H    20.95400   13.81600   33.76200  
O    21.72100   13.21300   36.43000  
C    25.28800   9.77600    19.27300  
H    24.89300   9.16600    18.45600  
H    24.75300   10.72200   19.15900  
H    26.37700   9.83500    19.34300  
S    24.81300   8.98800    20.82900  
C    23.11000   9.52400    20.54900  
H    22.56900   9.51300    21.49900  
H    22.95700   10.46200   20.00900  
H    22.79100   8.72700    19.87300  
O    25.20400   9.95300    21.90400  
C    23.26900   21.77600   32.82500  
H    23.40100   21.59900   31.75400  
H    22.80300   22.76200   32.89200  
H    24.32400   21.75100   33.11000  
S    22.27500   20.49200   33.61800  
C    22.95400   20.52900   35.29200  
H    22.50100   19.77600   35.94300  
H    24.04600   20.57200   35.30400  
H    22.56300   21.46300   35.70200  
O    22.82300   19.13500   33.30300  
C    17.32500   14.59600   31.76800  
H    16.61800   15.18200   31.17600  
H    17.13600   14.95800   32.78200  
H    18.28700   14.82600   31.30300  
S    16.85700   12.85500   31.65000  
C    15.22100   13.11700   32.37100  
H    14.69400   13.98900   31.97600  
H    14.58700   12.23000   32.44500  
H    15.31700   13.44900   33.40800  
O    17.57200   12.19700   32.78900  
C    14.68500   20.50800   29.33900  
H    13.90200   20.05200   28.72700  
H    14.56400   20.39100   30.41900  
H    14.78500   21.59300   29.25200  
S    16.19100   19.56200   29.02300  
C    17.19200   21.00000   29.46600  
H    18.21900   20.68500   29.26400  
H    16.93600   21.70500   28.67000  
H    16.98000   21.25600   30.50700  
O    16.20900   19.54600   27.52600  
C    27.77100   13.01000   22.00600  
H    28.29300   12.06300   22.16400  
H    26.78900   12.85400   21.55300  
H    28.23100   13.79600   21.40200  
S    27.60900   13.61200   23.70300  
C    26.60900   12.16900   24.13100  
H    27.22400   11.30400   24.39200  
H    26.06900   12.45600   25.03700  
H    25.94100   11.98300   23.28500  
O    26.59400   14.71100   23.66400  
C    25.71500   12.04000   29.74400  
H    25.07700   12.81200   30.18100  
H    25.14300   11.24200   29.26500  
H    26.45400   11.68600   30.46700  
S    26.47700   12.96100   28.38800  
C    27.38600   11.55900   27.70000  
H    28.25400   11.92900   27.14900  
H    27.76800   10.84000   28.43000  
H    26.72400   10.94500   27.08400  
O    27.57000   13.75400   29.03400  
C    30.99100   13.91600   25.05300  
H    31.20200   13.55100   26.06200  
H    31.74800   14.70100   24.97200  
H    29.98000   14.32700   24.99700  
S    31.23800   12.65100   23.78700  
C    33.04300   12.58800   23.85600  
H    33.40900   13.61500   23.91900  
H    33.38400   11.88800   24.62300  
H    33.45400   12.12400   22.95600  
O    30.96700   13.37000   22.50200  
C    23.68800   13.11400   33.67400  
H    23.45000   13.34300   32.63200  
H    23.52200   12.04600   33.83500  
H    23.00300   13.60300   34.37200  
S    25.40400   13.60400   33.95300  
C    26.07300   12.09500   33.21700  
H    25.60100   11.94100   32.24300  
H    27.13200   12.28300   33.02200  
H    25.91900   11.27800   33.92600  
O    25.68800   13.48300   35.41800  
C    18.74900   19.47400   33.84100  
H    19.09500   20.24500   33.14800  
H    18.20900   19.96300   34.65600  
H    19.66500   18.96800   34.15600  
S    17.50100   18.56200   32.90600  
C    18.63500   18.16200   31.55700  
H    17.99200   17.62000   30.85900  
H    18.99200   19.07900   31.08200  
H    19.48600   17.52300   31.80600  
O    16.73500   19.71800   32.34100  
C    21.88800   16.26200   20.56200  
H    21.11900   15.51900   20.33400  
H    21.89600   16.42100   21.64300  
H    21.56300   17.20400   20.11200  
S    23.52000   15.78700   19.94800  
C    24.09000   14.78600   21.34000  
H    25.18100   14.75900   21.41400  
H    23.63300   15.19500   22.24400  
H    23.74000   13.80700   21.00600  
O    24.29700   17.06000   20.08200  
C    21.65100   17.03700   36.74400  
H    21.95400   17.42900   35.77000  
H    22.23000   17.49200   37.55200  
H    21.77000   15.95200   36.79300  
S    19.98900   17.50200   37.27900  
C    19.92200   16.33900   38.66000  
H    18.93500   16.54400   39.08300  
H    20.10200   15.31800   38.31100  
H    20.62200   16.72000   39.40800  
O    19.05900   16.86400   36.29500  
C    17.31800   14.14000   26.45600  
H    18.35400   14.12800   26.10800  
H    16.89100   13.13800   26.36300  
H    16.80100   14.85000   25.80600  
S    17.19900   14.80700   28.13100  
C    17.31000   16.52400   27.57800  
H    18.09900   16.59100   26.82400  
H    16.34000   16.90900   27.25500  
H    17.73900   17.11200   28.39300  
O    18.53700   14.53000   28.74300  
C    27.03400   16.92400   34.32400  
H    28.12100   17.04000   34.32400  
H    26.73900   15.87500   34.41400  
H    26.49800   17.48300   33.55300  
S    26.62600   17.70500   35.90100  
C    24.85900   17.35600   35.75500  
H    24.66100   16.28200   35.79400  
H    24.42600   17.92500   36.58200  
H    24.58100   17.78500   34.78800  
O    26.66700   19.17800   35.64000  
C    23.14000   18.60300   23.70800  
H    22.94600   18.92000   22.68000  
H    22.99200   17.52500   23.80100  
H    22.35200   18.94200   24.38600  
S    24.79400   19.06500   24.27200  
C    25.52500   17.88000   23.12100  
H    25.16600   16.87000   23.33600  
H    25.32900   18.22400   22.10200  
H    26.60700   17.80600   23.26300  
O    24.79600   18.42300   25.62500  
C    28.03000   18.33600   25.72000  
H    26.99300   18.14300   26.00500  
H    28.58500   18.59300   26.62600  
H    28.18300   19.14200   24.99800  
S    28.68900   16.71100   25.28200  
C    28.40600   15.92300   26.88400  
H    29.11400   16.37600   27.58200  
H    27.37800   16.19900   27.13500  
H    28.49200   14.84000   26.76300  
O    30.15500   16.98500   25.16100  
C    21.04700   12.65700   27.63500  
H    20.06100   12.36100   27.26700  
H    21.00700   13.69100   27.98600  
H    21.75200   12.66700   26.80000  
S    21.59600   11.45700   28.87100  
C    20.23200   11.81700   30.00000  
H    19.27300   11.77000   29.47700  
H    20.19200   10.98600   30.70900  
H    20.34600   12.79800   30.46800  
O    22.70800   12.14300   29.60000  
C    21.88100   12.31000   23.00300  
H    22.37000   13.22600   23.34600  
H    22.40300   11.75300   22.22100  
H    20.85000   12.54800   22.73100  
S    21.80500   11.22400   24.44500  
C    23.49600   10.58800   24.47300  
H    23.76900   10.24900   25.47600  
H    23.50200   9.66300    23.89100  
H    24.02200   11.49300   24.15800  
O    20.86100   10.13700   24.03400  
C    18.00300   16.39000   21.40300  
H    17.51600   17.21100   20.87000  
H    18.98000   16.30500   20.91900  
H    17.47500   15.44100   21.28300  
S    18.48900   16.71100   23.11300  
C    19.30000   15.13400   23.46200  
H    19.16900   14.83400   24.50500  
H    18.88500   14.37600   22.79300  
H    20.33800   15.36900   23.21300  
O    17.25300   16.64700   23.95500  
$end

$rem
JOBTYPE  SP
METHOD  B3LYP
BASIS  6-31+G(D)
SYMMETRY  FALSE
SYM_IGNORE  TRUE
MEM_TOTAL  16000
MEM_STATIC  8000
MAX_SUB_FILE_NUM  16000
BASIS_LIN_DEP_THRESH  6
THRESH  14
SCF_CONVERGENCE  8
GEN_SCFMAN  TRUE
SCF_GUESS  FRAGMO
FD_MAT_VEC_PROD  FALSE
XC_GRID  000075000302
NL_GRID  1
MAX_SCF_CYCLES  200
FRGM_METHOD  STOLL
SCFMI_MODE  1
$end

$development
almo_efield  1
$end

$rem_frgm
SCF_CONVERGENCE  4
$end

@@@

$molecule
0 1
@C    22.11800   16.35000   27.92600  
@C    23.47000   15.62000   27.97400  
@C    24.36300   15.98900   29.17100  
@C    23.55400   15.93800   30.47700  
@C    22.23100   16.71900   30.41700  
@C    21.30700   16.39500   29.23200  
@H    25.19900   15.28600   29.27600  
@H    23.29200   14.55100   28.14700  
@H    22.26200   17.38900   27.60500  
@H    21.46800   15.91700   27.15700  
@H    23.17000   14.91800   30.60700  
@H    24.16500   16.29300   31.31600  
@H    21.63600   16.54100   31.32100  
@H    22.45900   17.79200   30.44500  
@H    20.83300   15.42800   29.44100  
@H    20.52700   17.15700   29.11400  
@H    24.74900   17.00800   29.04600  
@N    24.23500   15.85500   26.75100  
@H    24.49800   16.80400   26.51300  
@C    24.49200   14.86500   25.82700  
@H    25.05400   15.18100   24.92900  
@O    24.08700   13.71900   25.91500  
C    21.46200   20.90900   29.65500  
H    20.54900   20.59900   29.13900  
H    22.10100   20.05700   29.90100  
H    21.31900   21.59500   30.49300  
S    22.59000   21.67500   28.46900  
C    22.77600   20.18900   27.45800  
H    23.03700   19.30100   28.04000  
H    21.80800   19.94200   27.01500  
H    23.37500   20.42700   26.57500  
O    23.86100   21.79900   29.25200  
C    17.87800   21.59600   25.55600  
H    18.06600   21.66700   26.63000  
H    17.89800   22.64300   25.24400  
H    16.90500   21.13300   25.36800  
S    19.27200   20.68100   24.86000  
C    19.17800   19.44400   26.17400  
H    19.95700   18.68500   26.06700  
H    19.29700   19.91200   27.15400  
H    18.20100   18.96300   26.08400  
O    20.48900   21.38300   25.37700  
C    30.31200   15.65500   30.39100  
H    31.28600   15.16300   30.44900  
H    29.91900   15.50700   29.38200  
H    30.42700   16.70400   30.67700  
S    29.19100   14.82500   31.54000  
C    27.83000   15.95800   31.18100  
H    27.77900   16.07500   30.09600  
H    26.85800   15.66200   31.58400  
H    28.11100   16.88200   31.69300  
O    29.62900   15.16100   32.93100  
C    26.02200   6.67600    29.33400  
H    27.09600   6.52700    29.19700  
H    25.81200   7.60000    29.87800  
H    25.64600   5.75100    29.77900  
S    25.21200   6.77400    27.72200  
C    25.79600   8.42400    27.27500  
H    25.87000   8.41300    26.18500  
H    25.11200   9.19200    27.64700  
H    26.78400   8.53800    27.72900  
O    23.77300   7.07000    28.01000  
C    25.52100   19.42300   31.03800  
H    25.50500   19.56700   32.12100  
H    24.61300   19.87300   30.62800  
H    25.48200   18.33800   30.90700  
S    27.01400   20.03900   30.22800  
C    26.62900   19.46500   28.55800  
H    26.70400   20.28200   27.83600  
H    27.37000   18.67800   28.40000  
H    25.60700   19.07800   28.55600  
O    27.91400   18.93600   30.69100  
C    20.08800   11.39600   35.28100  
H    20.09100   10.56000   35.98400  
H    19.20000   11.33900   34.64700  
H    20.92700   11.17700   34.61500  
S    20.28600   13.02100   36.04700  
C    20.20900   14.01100   34.53700  
H    19.21700   13.75200   34.15800  
H    20.31700   15.04800   34.86700  
H    20.95400   13.81600   33.76200  
O    21.72100   13.21300   36.43000  
C    25.28800   9.77600    19.27300  
H    24.89300   9.16600    18.45600  
H    24.75300   10.72200   19.15900  
H    26.37700   9.83500    19.34300  
S    24.81300   8.98800    20.82900  
C    23.11000   9.52400    20.54900  
H    22.56900   9.51300    21.49900  
H    22.95700   10.46200   20.00900  
H    22.79100   8.72700    19.87300  
O    25.20400   9.95300    21.90400  
C    23.26900   21.77600   32.82500  
H    23.40100   21.59900   31.75400  
H    22.80300   22.76200   32.89200  
H    24.32400   21.75100   33.11000  
S    22.27500   20.49200   33.61800  
C    22.95400   20.52900   35.29200  
H    22.50100   19.77600   35.94300  
H    24.04600   20.57200   35.30400  
H    22.56300   21.46300   35.70200  
O    22.82300   19.13500   33.30300  
C    17.32500   14.59600   31.76800  
H    16.61800   15.18200   31.17600  
H    17.13600   14.95800   32.78200  
H    18.28700   14.82600   31.30300  
S    16.85700   12.85500   31.65000  
C    15.22100   13.11700   32.37100  
H    14.69400   13.98900   31.97600  
H    14.58700   12.23000   32.44500  
H    15.31700   13.44900   33.40800  
O    17.57200   12.19700   32.78900  
C    14.68500   20.50800   29.33900  
H    13.90200   20.05200   28.72700  
H    14.56400   20.39100   30.41900  
H    14.78500   21.59300   29.25200  
S    16.19100   19.56200   29.02300  
C    17.19200   21.00000   29.46600  
H    18.21900   20.68500   29.26400  
H    16.93600   21.70500   28.67000  
H    16.98000   21.25600   30.50700  
O    16.20900   19.54600   27.52600  
C    27.77100   13.01000   22.00600  
H    28.29300   12.06300   22.16400  
H    26.78900   12.85400   21.55300  
H    28.23100   13.79600   21.40200  
S    27.60900   13.61200   23.70300  
C    26.60900   12.16900   24.13100  
H    27.22400   11.30400   24.39200  
H    26.06900   12.45600   25.03700  
H    25.94100   11.98300   23.28500  
O    26.59400   14.71100   23.66400  
C    25.71500   12.04000   29.74400  
H    25.07700   12.81200   30.18100  
H    25.14300   11.24200   29.26500  
H    26.45400   11.68600   30.46700  
S    26.47700   12.96100   28.38800  
C    27.38600   11.55900   27.70000  
H    28.25400   11.92900   27.14900  
H    27.76800   10.84000   28.43000  
H    26.72400   10.94500   27.08400  
O    27.57000   13.75400   29.03400  
C    30.99100   13.91600   25.05300  
H    31.20200   13.55100   26.06200  
H    31.74800   14.70100   24.97200  
H    29.98000   14.32700   24.99700  
S    31.23800   12.65100   23.78700  
C    33.04300   12.58800   23.85600  
H    33.40900   13.61500   23.91900  
H    33.38400   11.88800   24.62300  
H    33.45400   12.12400   22.95600  
O    30.96700   13.37000   22.50200  
C    23.68800   13.11400   33.67400  
H    23.45000   13.34300   32.63200  
H    23.52200   12.04600   33.83500  
H    23.00300   13.60300   34.37200  
S    25.40400   13.60400   33.95300  
C    26.07300   12.09500   33.21700  
H    25.60100   11.94100   32.24300  
H    27.13200   12.28300   33.02200  
H    25.91900   11.27800   33.92600  
O    25.68800   13.48300   35.41800  
C    18.74900   19.47400   33.84100  
H    19.09500   20.24500   33.14800  
H    18.20900   19.96300   34.65600  
H    19.66500   18.96800   34.15600  
S    17.50100   18.56200   32.90600  
C    18.63500   18.16200   31.55700  
H    17.99200   17.62000   30.85900  
H    18.99200   19.07900   31.08200  
H    19.48600   17.52300   31.80600  
O    16.73500   19.71800   32.34100  
C    21.88800   16.26200   20.56200  
H    21.11900   15.51900   20.33400  
H    21.89600   16.42100   21.64300  
H    21.56300   17.20400   20.11200  
S    23.52000   15.78700   19.94800  
C    24.09000   14.78600   21.34000  
H    25.18100   14.75900   21.41400  
H    23.63300   15.19500   22.24400  
H    23.74000   13.80700   21.00600  
O    24.29700   17.06000   20.08200  
C    21.65100   17.03700   36.74400  
H    21.95400   17.42900   35.77000  
H    22.23000   17.49200   37.55200  
H    21.77000   15.95200   36.79300  
S    19.98900   17.50200   37.27900  
C    19.92200   16.33900   38.66000  
H    18.93500   16.54400   39.08300  
H    20.10200   15.31800   38.31100  
H    20.62200   16.72000   39.40800  
O    19.05900   16.86400   36.29500  
C    17.31800   14.14000   26.45600  
H    18.35400   14.12800   26.10800  
H    16.89100   13.13800   26.36300  
H    16.80100   14.85000   25.80600  
S    17.19900   14.80700   28.13100  
C    17.31000   16.52400   27.57800  
H    18.09900   16.59100   26.82400  
H    16.34000   16.90900   27.25500  
H    17.73900   17.11200   28.39300  
O    18.53700   14.53000   28.74300  
C    27.03400   16.92400   34.32400  
H    28.12100   17.04000   34.32400  
H    26.73900   15.87500   34.41400  
H    26.49800   17.48300   33.55300  
S    26.62600   17.70500   35.90100  
C    24.85900   17.35600   35.75500  
H    24.66100   16.28200   35.79400  
H    24.42600   17.92500   36.58200  
H    24.58100   17.78500   34.78800  
O    26.66700   19.17800   35.64000  
C    23.14000   18.60300   23.70800  
H    22.94600   18.92000   22.68000  
H    22.99200   17.52500   23.80100  
H    22.35200   18.94200   24.38600  
S    24.79400   19.06500   24.27200  
C    25.52500   17.88000   23.12100  
H    25.16600   16.87000   23.33600  
H    25.32900   18.22400   22.10200  
H    26.60700   17.80600   23.26300  
O    24.79600   18.42300   25.62500  
C    28.03000   18.33600   25.72000  
H    26.99300   18.14300   26.00500  
H    28.58500   18.59300   26.62600  
H    28.18300   19.14200   24.99800  
S    28.68900   16.71100   25.28200  
C    28.40600   15.92300   26.88400  
H    29.11400   16.37600   27.58200  
H    27.37800   16.19900   27.13500  
H    28.49200   14.84000   26.76300  
O    30.15500   16.98500   25.16100  
C    21.04700   12.65700   27.63500  
H    20.06100   12.36100   27.26700  
H    21.00700   13.69100   27.98600  
H    21.75200   12.66700   26.80000  
S    21.59600   11.45700   28.87100  
C    20.23200   11.81700   30.00000  
H    19.27300   11.77000   29.47700  
H    20.19200   10.98600   30.70900  
H    20.34600   12.79800   30.46800  
O    22.70800   12.14300   29.60000  
C    21.88100   12.31000   23.00300  
H    22.37000   13.22600   23.34600  
H    22.40300   11.75300   22.22100  
H    20.85000   12.54800   22.73100  
S    21.80500   11.22400   24.44500  
C    23.49600   10.58800   24.47300  
H    23.76900   10.24900   25.47600  
H    23.50200   9.66300    23.89100  
H    24.02200   11.49300   24.15800  
O    20.86100   10.13700   24.03400  
C    18.00300   16.39000   21.40300  
H    17.51600   17.21100   20.87000  
H    18.98000   16.30500   20.91900  
H    17.47500   15.44100   21.28300  
S    18.48900   16.71100   23.11300  
C    19.30000   15.13400   23.46200  
H    19.16900   14.83400   24.50500  
H    18.88500   14.37600   22.79300  
H    20.33800   15.36900   23.21300  
O    17.25300   16.64700   23.95500  
$end

$rem
JOBTYPE  SP
METHOD  B3LYP
BASIS  6-31+G(D)
SYMMETRY  FALSE
SYM_IGNORE  TRUE
MEM_TOTAL  16000
MEM_STATIC  8000
MAX_SUB_FILE_NUM  16000
BASIS_LIN_DEP_THRESH  6
THRESH  14
SCF_CONVERGENCE  8
GEN_SCFMAN  FALSE
SCF_GUESS  READ_DEN
FD_MAT_VEC_PROD  FALSE
XC_GRID  000075000302
NL_GRID  1
MAX_SCF_CYCLES  200
SKIP_SCFMAN  TRUE
ESP_GRID  0
ESP_EFIELD  1
$end

$development
almo_efield  1
$end

