$molecule
0 1
--
0 1
C    25.72300   24.51800   26.16600  
C    26.78300   23.76000   26.98100  
C    27.19600   22.61400   26.04400  
C    27.66300   23.10300   24.66400  
C    26.61300   23.93100   23.90500  
C    26.09000   25.08100   24.78200  
H    28.05800   22.13300   26.52300  
H    27.65800   24.33100   27.31400  
H    24.85800   23.85600   26.03400  
H    25.40500   25.36200   26.79100  
H    28.61200   23.64300   24.76500  
H    27.80000   22.24000   24.00100  
H    27.08700   24.26800   22.97500  
H    25.79000   23.25900   23.63500  
H    26.84600   25.86500   24.90800  
H    25.22800   25.62400   24.37500  
H    26.47800   21.78500   26.01600  
N    26.28200   23.20400   28.23700  
H    25.78100   22.32500   28.20600  
C    26.12500   23.93000   29.39900  
H    25.47100   23.49500   30.17700  
O    26.61000   25.02600   29.61500  
--
0 1
C    27.19600   28.33200   28.24000  
H    27.07000   27.28700   28.53400  
H    28.18000   28.66200   28.58200  
H    26.38900   28.86600   28.74700  
S    26.82400   28.45100   26.47500  
C    26.93700   30.23600   26.22300  
H    26.32200   30.40100   25.33500  
H    26.64000   30.73300   27.15000  
H    27.95200   30.52300   25.93700  
O    25.39100   28.03900   26.34300  
C    21.68700   24.32000   36.74900  
H    20.67900   24.63100   37.03700  
H    21.70700   23.23400   36.63600  
H    22.37100   24.62600   37.54500  
S    22.23400   25.09800   35.21200  
C    21.09500   24.22400   34.11500  
H    21.61900   23.30400   33.84200  
H    20.20900   23.96200   34.69900  
H    20.82800   24.88100   33.28300  
O    23.53600   24.40600   34.95400  
C    29.81600   25.55200   30.03600  
H    29.25700   25.48900   29.09900  
H    30.21100   24.54700   30.20000  
H    29.26900   25.89200   30.92000  
S    31.24800   26.63800   29.84500  
C    31.88300   26.57800   31.53500  
H    31.08900   26.73800   32.26900  
H    32.38700   25.62600   31.71700  
H    32.58200   27.41900   31.55600  
O    30.57600   27.96800   29.70700  
C    33.10000   23.15800   30.44800  
H    32.27000   23.50600   31.06800  
H    33.88700   23.04100   31.19800  
H    33.20900   23.90900   29.66100  
S    32.60400   21.54600   29.80200  
C    31.15600   22.18100   28.92700  
H    30.64700   21.42700   28.32100  
H    30.41000   22.44900   29.67900  
H    31.45500   22.99200   28.25800  
O    31.87900   20.76300   30.85200  
C    31.28900   22.21000   24.93100  
H    32.18000   21.75600   25.37100  
H    30.89600   23.11700   25.39800  
H    30.44200   21.51900   24.94100  
S    31.64900   22.42800   23.17300  
C    32.53800   23.95100   23.56700  
H    32.83400   24.40400   22.61800  
H    31.85000   24.65400   24.04400  
H    33.35100   23.69100   24.25000  
O    30.30900   22.93000   22.73400  
C    23.23500   21.57100   31.92200  
H    23.78800   21.30900   32.82800  
H    23.36600   22.61400   31.62100  
H    22.17100   21.35400   32.04500  
S    24.02400   20.52800   30.67500  
C    23.58500   18.90200   31.33000  
H    23.51900   19.00200   32.41700  
H    22.64600   18.53400   30.91000  
H    24.38600   18.17800   31.16000  
O    25.43900   20.70800   31.12900  
C    34.16900   18.01200   28.44800  
H    35.21500   17.87700   28.73500  
H    33.69800   18.63500   29.21300  
H    33.65600   17.05300   28.33500  
S    34.16900   18.80500   26.82400  
C    32.39000   19.10700   26.91700  
H    32.10500   19.84300   27.67300  
H    32.14600   19.43100   25.90200  
H    31.96500   18.12900   27.15400  
O    34.25000   17.67500   25.84600  
C    28.39200   17.35200   27.25800  
H    27.47200   17.45500   26.67700  
H    29.15100   16.91000   26.60700  
H    28.12200   16.65100   28.05200  
S    28.96300   18.83800   28.11300  
C    27.44900   19.18300   29.03700  
H    27.11900   18.41300   29.73800  
H    27.66600   20.07800   29.62600  
H    26.72200   19.39400   28.24800  
O    29.01100   19.74800   26.92500  
C    24.30300   21.55300   17.20700  
H    25.23400   21.04500   16.94200  
H    23.67800   21.60900   16.31200  
H    24.48800   22.55700   17.59600  
S    23.37400   20.62900   18.45100  
C    24.37600   21.24300   19.82400  
H    24.29900   22.33100   19.88500  
H    24.07400   20.62000   20.67000  
H    25.38800   21.02600   19.47200  
O    23.88200   19.23400   18.25700  
C    27.98300   33.21000   29.85400  
H    27.28500   33.96400   30.22700  
H    28.99600   33.56000   30.06500  
H    27.84300   33.00000   28.79100  
S    27.70900   31.72200   30.84300  
C    29.10700   30.76100   30.21900  
H    28.95400   29.75200   30.61100  
H    29.01400   30.79100   29.13100  
H    30.07200   31.18600   30.50800  
O    26.55400   31.15300   30.07900  
C    29.36600   21.67900   32.72600  
H    29.68200   22.57900   33.25900  
H    30.02500   20.80900   32.65400  
H    29.20000   22.08500   31.72500  
S    27.85900   20.98100   33.43800  
C    26.82700   22.46100   33.33600  
H    27.29500   23.23800   33.94600  
H    26.67200   22.72000   32.28600  
H    25.85900   22.26700   33.80400  
O    28.23200   21.00000   34.88800  
C    21.48500   22.62700   22.27900  
H    20.73800   22.23000   21.58700  
H    21.10700   23.58900   22.63400  
H    22.50000   22.75100   21.89100  
S    21.69600   21.39800   23.58700  
C    22.97600   22.36700   24.41500  
H    22.45600   23.21200   24.87300  
H    23.40200   21.77800   25.23200  
H    23.79800   22.60100   23.73300  
O    22.51500   20.31500   22.95600  
C    21.02800   27.80500   24.74400  
H    21.83900   27.61300   24.03700  
H    20.18900   28.06700   24.09500  
H    21.21600   28.65500   25.40500  
S    20.66400   26.35400   25.75700  
C    22.37400   26.10800   26.28700  
H    22.77300   27.05900   26.64900  
H    22.46500   25.43900   27.14600  
H    22.95600   25.74800   25.43500  
O    20.64100   25.17900   24.82900  
C    22.56200   32.11900   22.32800  
H    23.05700   32.50200   23.22400  
H    23.25500   32.05000   21.48700  
H    21.60000   32.56000   22.05300  
S    22.09800   30.44800   22.83600  
C    23.79800   29.88000   23.06200  
H    24.28000   29.76300   22.08800  
H    24.37000   30.53000   23.73000  
H    23.70700   28.87900   23.49200  
O    21.75100   29.83200   21.51700  
C    31.84100   27.95500   25.61200  
H    32.32200   28.93300   25.68400  
H    32.40600   27.28700   26.26800  
H    31.89200   27.54000   24.60200  
S    30.07400   27.92400   25.99200  
C    29.87200   26.15200   25.70600  
H    28.80700   25.90900   25.67900  
H    30.44400   26.04100   24.78100  
H    30.37200   25.51400   26.44000  
O    29.52400   28.43400   24.69600  
C    32.09200   21.19700   17.72200  
H    31.92100   22.25200   17.95100  
H    33.01900   21.06600   17.15900  
H    31.31200   20.87100   17.02900  
S    31.96700   20.12100   19.16900  
C    30.39400   20.72300   19.82500  
H    29.53800   20.45100   19.20300  
H    30.28000   20.31200   20.83200  
H    30.52500   21.80800   19.82500  
O    32.91200   20.83500   20.08400  
C    27.65000   28.75700   19.80200  
H    28.23800   29.47600   19.22600  
H    28.04200   27.78100   19.50300  
H    26.60400   28.90900   19.52400  
S    27.89200   29.15800   21.54700  
C    26.70100   27.91800   22.10400  
H    26.36500   28.05800   23.13500  
H    25.81900   27.94400   21.46000  
H    27.19200   26.97800   21.84100  
O    27.09400   30.42300   21.61100  
C    21.07600   30.99800   27.61800  
H    20.03900   31.21400   27.88900  
H    21.40900   31.78100   26.93300  
H    21.11400   30.05100   27.07400  
S    22.15300   30.80200   29.05500  
C    23.60300   30.52700   28.01200  
H    24.40200   30.23000   28.69500  
H    23.46100   29.79200   27.21500  
H    23.88000   31.50100   27.60000  
O    21.72400   29.41200   29.40700  
C    26.39300   24.63300   18.42400  
H    26.79200   25.64700   18.33400  
H    25.69900   24.44600   17.60000  
H    25.86800   24.56500   19.38000  
S    27.69100   23.37900   18.34000  
C    28.23700   23.85100   16.68300  
H    28.86800   23.06800   16.25700  
H    27.30100   24.01700   16.14200  
H    28.72900   24.82700   16.71600  
O    27.01700   22.08700   17.99800  
C    23.27400   26.23500   29.81200  
H    23.70500   25.50600   29.12200  
H    23.40900   27.28800   29.55000  
H    23.69100   26.08000   30.81000  
S    21.50700   26.13300   30.17400  
C    21.63500   27.28500   31.56100  
H    22.34800   28.10300   31.42300  
H    20.68900   27.83100   31.57000  
H    21.89000   26.72200   32.46200  
O    21.50700   24.77300   30.79800  
C    29.56200   17.54400   23.72900  
H    30.28500   16.88300   23.24300  
H    29.96200   18.18900   24.51600  
H    28.81200   16.87500   24.15800  
S    28.76000   18.64000   22.53800  
C    27.64500   19.39600   23.74200  
H    27.23600   20.36500   23.44600  
H    26.80800   18.70800   23.88900  
H    28.22300   19.57100   24.65300  
O    27.99100   17.66100   21.70800  
C    21.64300   22.23400   28.22000  
H    21.18900   21.50500   28.89600  
H    22.57500   21.76700   27.89100  
H    21.79200   23.16500   28.77200  
S    20.43300   22.56900   26.92000  
C    19.21500   23.34500   28.00700  
H    18.96700   22.72200   28.87000  
H    19.63300   24.28000   28.38900  
H    18.36900   23.60800   27.36700  
O    19.78300   21.23700   26.71400  
C    23.86300   27.69200   19.18900  
H    23.72800   28.02100   18.15500  
H    23.66000   28.42800   19.97100  
H    24.78500   27.10500   19.20100  
S    22.54700   26.46700   19.37100  
C    22.72300   26.23100   21.15400  
H    22.43400   27.13400   21.69800  
H    22.15700   25.46600   21.69100  
H    23.75000   26.00100   21.45000  
O    23.28600   25.32800   18.73900  
C    31.30400   24.70900   20.25300  
H    31.82300   23.91600   20.79900  
H    30.73400   25.29300   20.98000  
H    30.68700   24.25300   19.47500  
S    32.47600   25.87900   19.53000  
C    33.38700   24.65100   18.56700  
H    32.78700   24.34400   17.70600  
H    34.29500   25.17700   18.26100  
H    33.72100   23.80000   19.16500  
O    33.34100   26.33800   20.66300  
C    25.92300   25.63400   33.25400  
H    25.94400   25.12600   32.28600  
H    26.00900   24.94700   34.10000  
H    25.05000   26.29100   33.23900  
S    27.38400   26.68600   33.39900  
C    27.05600   27.62800   31.89200  
H    26.39100   28.41800   32.24800  
H    28.01000   28.03600   31.55000  
H    26.63500   26.95400   31.14100  
O    28.48400   25.67600   33.28700  
C    24.48500   18.02900   27.99000  
H    24.71000   18.32200   29.01900  
H    23.75500   17.22400   27.87300  
H    25.41500   17.68900   27.52800  
S    23.77000   19.48300   27.19100  
C    24.20800   18.90200   25.53800  
H    25.23200   19.15700   25.25300  
H    24.00700   17.82800   25.56300  
H    23.52900   19.46100   24.88900  
O    24.78500   20.55700   27.43100  
C    34.66900   23.26300   27.02900  
H    34.73500   23.12700   28.11200  
H    34.00000   22.52700   26.57500  
H    35.62300   23.05300   26.54000  
S    34.06100   24.95800   26.88300  
C    35.08200   25.85900   28.07000  
H    34.86800   26.93100   28.04500  
H    34.79700   25.46000   29.04700  
H    36.13400   25.72500   27.80600  
O    32.70000   25.01500   27.50500  
$end

$rem
JOBTYPE  SP
METHOD  B3LYP
BASIS  6-31+G(D)
SYMMETRY  FALSE
SYM_IGNORE  TRUE
MEM_TOTAL  12000
MEM_STATIC  4000
BASIS_LIN_DEP_THRESH  6
THRESH  14
SCF_CONVERGENCE  8
FD_MAT_VEC_PROD  FALSE
XC_GRID  000075000302
NL_GRID  1
MAX_SCF_CYCLES  200
FRGM_METHOD  STOLL
SCFMI_MODE  1
ALMO_EFIELD  TRUE
$end

$rem_frgm
SCF_CONVERGENCE  4
$end


@@@

$molecule
0 1
@C    25.72300   24.51800   26.16600  
@C    26.78300   23.76000   26.98100  
@C    27.19600   22.61400   26.04400  
@C    27.66300   23.10300   24.66400  
@C    26.61300   23.93100   23.90500  
@C    26.09000   25.08100   24.78200  
@H    28.05800   22.13300   26.52300  
@H    27.65800   24.33100   27.31400  
@H    24.85800   23.85600   26.03400  
@H    25.40500   25.36200   26.79100  
@H    28.61200   23.64300   24.76500  
@H    27.80000   22.24000   24.00100  
@H    27.08700   24.26800   22.97500  
@H    25.79000   23.25900   23.63500  
@H    26.84600   25.86500   24.90800  
@H    25.22800   25.62400   24.37500  
@H    26.47800   21.78500   26.01600  
@N    26.28200   23.20400   28.23700  
@H    25.78100   22.32500   28.20600  
@C    26.12500   23.93000   29.39900  
@H    25.47100   23.49500   30.17700  
@O    26.61000   25.02600   29.61500  
C    27.19600   28.33200   28.24000  
H    27.07000   27.28700   28.53400  
H    28.18000   28.66200   28.58200  
H    26.38900   28.86600   28.74700  
S    26.82400   28.45100   26.47500  
C    26.93700   30.23600   26.22300  
H    26.32200   30.40100   25.33500  
H    26.64000   30.73300   27.15000  
H    27.95200   30.52300   25.93700  
O    25.39100   28.03900   26.34300  
C    21.68700   24.32000   36.74900  
H    20.67900   24.63100   37.03700  
H    21.70700   23.23400   36.63600  
H    22.37100   24.62600   37.54500  
S    22.23400   25.09800   35.21200  
C    21.09500   24.22400   34.11500  
H    21.61900   23.30400   33.84200  
H    20.20900   23.96200   34.69900  
H    20.82800   24.88100   33.28300  
O    23.53600   24.40600   34.95400  
C    29.81600   25.55200   30.03600  
H    29.25700   25.48900   29.09900  
H    30.21100   24.54700   30.20000  
H    29.26900   25.89200   30.92000  
S    31.24800   26.63800   29.84500  
C    31.88300   26.57800   31.53500  
H    31.08900   26.73800   32.26900  
H    32.38700   25.62600   31.71700  
H    32.58200   27.41900   31.55600  
O    30.57600   27.96800   29.70700  
C    33.10000   23.15800   30.44800  
H    32.27000   23.50600   31.06800  
H    33.88700   23.04100   31.19800  
H    33.20900   23.90900   29.66100  
S    32.60400   21.54600   29.80200  
C    31.15600   22.18100   28.92700  
H    30.64700   21.42700   28.32100  
H    30.41000   22.44900   29.67900  
H    31.45500   22.99200   28.25800  
O    31.87900   20.76300   30.85200  
C    31.28900   22.21000   24.93100  
H    32.18000   21.75600   25.37100  
H    30.89600   23.11700   25.39800  
H    30.44200   21.51900   24.94100  
S    31.64900   22.42800   23.17300  
C    32.53800   23.95100   23.56700  
H    32.83400   24.40400   22.61800  
H    31.85000   24.65400   24.04400  
H    33.35100   23.69100   24.25000  
O    30.30900   22.93000   22.73400  
C    23.23500   21.57100   31.92200  
H    23.78800   21.30900   32.82800  
H    23.36600   22.61400   31.62100  
H    22.17100   21.35400   32.04500  
S    24.02400   20.52800   30.67500  
C    23.58500   18.90200   31.33000  
H    23.51900   19.00200   32.41700  
H    22.64600   18.53400   30.91000  
H    24.38600   18.17800   31.16000  
O    25.43900   20.70800   31.12900  
C    34.16900   18.01200   28.44800  
H    35.21500   17.87700   28.73500  
H    33.69800   18.63500   29.21300  
H    33.65600   17.05300   28.33500  
S    34.16900   18.80500   26.82400  
C    32.39000   19.10700   26.91700  
H    32.10500   19.84300   27.67300  
H    32.14600   19.43100   25.90200  
H    31.96500   18.12900   27.15400  
O    34.25000   17.67500   25.84600  
C    28.39200   17.35200   27.25800  
H    27.47200   17.45500   26.67700  
H    29.15100   16.91000   26.60700  
H    28.12200   16.65100   28.05200  
S    28.96300   18.83800   28.11300  
C    27.44900   19.18300   29.03700  
H    27.11900   18.41300   29.73800  
H    27.66600   20.07800   29.62600  
H    26.72200   19.39400   28.24800  
O    29.01100   19.74800   26.92500  
C    24.30300   21.55300   17.20700  
H    25.23400   21.04500   16.94200  
H    23.67800   21.60900   16.31200  
H    24.48800   22.55700   17.59600  
S    23.37400   20.62900   18.45100  
C    24.37600   21.24300   19.82400  
H    24.29900   22.33100   19.88500  
H    24.07400   20.62000   20.67000  
H    25.38800   21.02600   19.47200  
O    23.88200   19.23400   18.25700  
C    27.98300   33.21000   29.85400  
H    27.28500   33.96400   30.22700  
H    28.99600   33.56000   30.06500  
H    27.84300   33.00000   28.79100  
S    27.70900   31.72200   30.84300  
C    29.10700   30.76100   30.21900  
H    28.95400   29.75200   30.61100  
H    29.01400   30.79100   29.13100  
H    30.07200   31.18600   30.50800  
O    26.55400   31.15300   30.07900  
C    29.36600   21.67900   32.72600  
H    29.68200   22.57900   33.25900  
H    30.02500   20.80900   32.65400  
H    29.20000   22.08500   31.72500  
S    27.85900   20.98100   33.43800  
C    26.82700   22.46100   33.33600  
H    27.29500   23.23800   33.94600  
H    26.67200   22.72000   32.28600  
H    25.85900   22.26700   33.80400  
O    28.23200   21.00000   34.88800  
C    21.48500   22.62700   22.27900  
H    20.73800   22.23000   21.58700  
H    21.10700   23.58900   22.63400  
H    22.50000   22.75100   21.89100  
S    21.69600   21.39800   23.58700  
C    22.97600   22.36700   24.41500  
H    22.45600   23.21200   24.87300  
H    23.40200   21.77800   25.23200  
H    23.79800   22.60100   23.73300  
O    22.51500   20.31500   22.95600  
C    21.02800   27.80500   24.74400  
H    21.83900   27.61300   24.03700  
H    20.18900   28.06700   24.09500  
H    21.21600   28.65500   25.40500  
S    20.66400   26.35400   25.75700  
C    22.37400   26.10800   26.28700  
H    22.77300   27.05900   26.64900  
H    22.46500   25.43900   27.14600  
H    22.95600   25.74800   25.43500  
O    20.64100   25.17900   24.82900  
C    22.56200   32.11900   22.32800  
H    23.05700   32.50200   23.22400  
H    23.25500   32.05000   21.48700  
H    21.60000   32.56000   22.05300  
S    22.09800   30.44800   22.83600  
C    23.79800   29.88000   23.06200  
H    24.28000   29.76300   22.08800  
H    24.37000   30.53000   23.73000  
H    23.70700   28.87900   23.49200  
O    21.75100   29.83200   21.51700  
C    31.84100   27.95500   25.61200  
H    32.32200   28.93300   25.68400  
H    32.40600   27.28700   26.26800  
H    31.89200   27.54000   24.60200  
S    30.07400   27.92400   25.99200  
C    29.87200   26.15200   25.70600  
H    28.80700   25.90900   25.67900  
H    30.44400   26.04100   24.78100  
H    30.37200   25.51400   26.44000  
O    29.52400   28.43400   24.69600  
C    32.09200   21.19700   17.72200  
H    31.92100   22.25200   17.95100  
H    33.01900   21.06600   17.15900  
H    31.31200   20.87100   17.02900  
S    31.96700   20.12100   19.16900  
C    30.39400   20.72300   19.82500  
H    29.53800   20.45100   19.20300  
H    30.28000   20.31200   20.83200  
H    30.52500   21.80800   19.82500  
O    32.91200   20.83500   20.08400  
C    27.65000   28.75700   19.80200  
H    28.23800   29.47600   19.22600  
H    28.04200   27.78100   19.50300  
H    26.60400   28.90900   19.52400  
S    27.89200   29.15800   21.54700  
C    26.70100   27.91800   22.10400  
H    26.36500   28.05800   23.13500  
H    25.81900   27.94400   21.46000  
H    27.19200   26.97800   21.84100  
O    27.09400   30.42300   21.61100  
C    21.07600   30.99800   27.61800  
H    20.03900   31.21400   27.88900  
H    21.40900   31.78100   26.93300  
H    21.11400   30.05100   27.07400  
S    22.15300   30.80200   29.05500  
C    23.60300   30.52700   28.01200  
H    24.40200   30.23000   28.69500  
H    23.46100   29.79200   27.21500  
H    23.88000   31.50100   27.60000  
O    21.72400   29.41200   29.40700  
C    26.39300   24.63300   18.42400  
H    26.79200   25.64700   18.33400  
H    25.69900   24.44600   17.60000  
H    25.86800   24.56500   19.38000  
S    27.69100   23.37900   18.34000  
C    28.23700   23.85100   16.68300  
H    28.86800   23.06800   16.25700  
H    27.30100   24.01700   16.14200  
H    28.72900   24.82700   16.71600  
O    27.01700   22.08700   17.99800  
C    23.27400   26.23500   29.81200  
H    23.70500   25.50600   29.12200  
H    23.40900   27.28800   29.55000  
H    23.69100   26.08000   30.81000  
S    21.50700   26.13300   30.17400  
C    21.63500   27.28500   31.56100  
H    22.34800   28.10300   31.42300  
H    20.68900   27.83100   31.57000  
H    21.89000   26.72200   32.46200  
O    21.50700   24.77300   30.79800  
C    29.56200   17.54400   23.72900  
H    30.28500   16.88300   23.24300  
H    29.96200   18.18900   24.51600  
H    28.81200   16.87500   24.15800  
S    28.76000   18.64000   22.53800  
C    27.64500   19.39600   23.74200  
H    27.23600   20.36500   23.44600  
H    26.80800   18.70800   23.88900  
H    28.22300   19.57100   24.65300  
O    27.99100   17.66100   21.70800  
C    21.64300   22.23400   28.22000  
H    21.18900   21.50500   28.89600  
H    22.57500   21.76700   27.89100  
H    21.79200   23.16500   28.77200  
S    20.43300   22.56900   26.92000  
C    19.21500   23.34500   28.00700  
H    18.96700   22.72200   28.87000  
H    19.63300   24.28000   28.38900  
H    18.36900   23.60800   27.36700  
O    19.78300   21.23700   26.71400  
C    23.86300   27.69200   19.18900  
H    23.72800   28.02100   18.15500  
H    23.66000   28.42800   19.97100  
H    24.78500   27.10500   19.20100  
S    22.54700   26.46700   19.37100  
C    22.72300   26.23100   21.15400  
H    22.43400   27.13400   21.69800  
H    22.15700   25.46600   21.69100  
H    23.75000   26.00100   21.45000  
O    23.28600   25.32800   18.73900  
C    31.30400   24.70900   20.25300  
H    31.82300   23.91600   20.79900  
H    30.73400   25.29300   20.98000  
H    30.68700   24.25300   19.47500  
S    32.47600   25.87900   19.53000  
C    33.38700   24.65100   18.56700  
H    32.78700   24.34400   17.70600  
H    34.29500   25.17700   18.26100  
H    33.72100   23.80000   19.16500  
O    33.34100   26.33800   20.66300  
C    25.92300   25.63400   33.25400  
H    25.94400   25.12600   32.28600  
H    26.00900   24.94700   34.10000  
H    25.05000   26.29100   33.23900  
S    27.38400   26.68600   33.39900  
C    27.05600   27.62800   31.89200  
H    26.39100   28.41800   32.24800  
H    28.01000   28.03600   31.55000  
H    26.63500   26.95400   31.14100  
O    28.48400   25.67600   33.28700  
C    24.48500   18.02900   27.99000  
H    24.71000   18.32200   29.01900  
H    23.75500   17.22400   27.87300  
H    25.41500   17.68900   27.52800  
S    23.77000   19.48300   27.19100  
C    24.20800   18.90200   25.53800  
H    25.23200   19.15700   25.25300  
H    24.00700   17.82800   25.56300  
H    23.52900   19.46100   24.88900  
O    24.78500   20.55700   27.43100  
C    34.66900   23.26300   27.02900  
H    34.73500   23.12700   28.11200  
H    34.00000   22.52700   26.57500  
H    35.62300   23.05300   26.54000  
S    34.06100   24.95800   26.88300  
C    35.08200   25.85900   28.07000  
H    34.86800   26.93100   28.04500  
H    34.79700   25.46000   29.04700  
H    36.13400   25.72500   27.80600  
O    32.70000   25.01500   27.50500  
$end

$rem
JOBTYPE  SP
METHOD  B3LYP
BASIS  6-31+G(D)
SYMMETRY  FALSE
SYM_IGNORE  TRUE
MEM_TOTAL  12000
MEM_STATIC  4000
BASIS_LIN_DEP_THRESH  6
THRESH  14
SCF_CONVERGENCE  8
FD_MAT_VEC_PROD  FALSE
XC_GRID  000075000302
NL_GRID  1
MAX_SCF_CYCLES  200
SCF_GUESS  READ_DEN
ALMO_EFIELD  TRUE
GEN_SCFMAN  FALSE
SKIP_SCFMAN  TRUE
ESP_GRID  0
ESP_EFIELD  1
$end
