$molecule
0 1
--
0 1
C    28.54900   19.22800   26.41800  
C    27.44900   20.23600   26.04600  
C    28.06500   21.64300   26.12100  
C    29.45800   21.86300   25.51100  
C    30.44500   20.75200   25.90400  
C    29.86900   19.35100   25.63900  
H    27.39900   22.32800   25.58100  
H    27.23600   19.91700   25.01900  
H    28.78100   19.40100   27.47600  
H    28.19100   18.21200   26.21200  
H    29.41200   21.81500   24.41600  
H    29.78100   22.83800   25.89500  
H    31.41100   20.99800   25.44700  
H    30.62100   20.88000   26.97900  
H    29.75500   19.18300   24.56100  
H    30.52300   18.55200   26.00800  
H    28.11000   21.92100   27.18200  
N    26.21000   20.24600   26.82200  
H    26.28600   20.13400   27.82600  
C    24.94200   20.42300   26.30900  
H    24.21200   20.20400   27.10900  
O    24.57300   20.67000   25.17500  
--
0 1
C    27.38800   18.30600   21.25400  
H    27.59400   18.02700   20.21800  
H    28.11700   19.06400   21.55300  
H    27.63700   17.41300   21.83200  
S    25.72100   18.94400   21.53900  
C    24.91100   17.42100   21.00200  
H    25.21100   17.04500   20.02000  
H    25.07800   16.77400   21.86800  
H    23.83400   17.60500   20.96200  
O    25.63200   19.86600   20.36300  
C    31.39600   21.40100   32.27400  
H    31.93600   21.15500   31.35700  
H    30.55300   22.04800   32.02000  
H    31.97500   22.08400   32.90100  
S    30.89300   19.79800   32.93800  
C    30.00900   20.71000   34.22400  
H    29.77300   20.03000   35.04700  
H    30.62100   21.47100   34.71500  
H    29.16600   21.30000   33.85400  
O    32.08500   19.44400   33.77100  
C    33.07200   24.13000   31.02200  
H    33.84800   23.48600   30.60100  
H    32.76800   23.83600   32.02900  
H    32.15300   24.11000   30.43000  
S    33.75700   25.80000   30.93400  
C    32.23100   26.76300   31.01500  
H    32.39700   27.78700   30.67100  
H    31.46400   26.26000   30.42100  
H    32.10500   26.93200   32.08800  
O    34.18600   25.92300   29.50500  
C    34.22900   23.08500   27.63800  
H    35.13600   22.79300   28.17400  
H    34.34500   24.13600   27.36200  
H    33.29300   22.88500   28.16600  
S    34.29400   22.02900   26.17400  
C    35.43500   20.80500   26.85500  
H    36.36100   21.24300   27.23600  
H    34.85800   20.12900   27.49200  
H    35.73700   20.16800   26.02000  
O    35.31000   22.67200   25.28300  
C    27.51000   15.23100   25.12200  
H    27.95300   16.20100   25.35800  
H    26.43100   15.39100   25.04900  
H    27.69200   14.54800   25.95700  
S    28.39900   14.77100   23.61800  
C    28.13300   12.99700   23.83500  
H    28.77000   12.74900   24.68800  
H    27.06900   12.79100   23.97200  
H    28.53300   12.55600   22.91800  
O    29.83500   15.08700   23.89900  
C    21.85800   20.92700   20.39300  
H    21.65200   21.27100   19.37600  
H    22.80200   20.37700   20.42200  
H    21.03600   20.32800   20.79600  
S    21.96400   22.44200   21.37100  
C    22.33000   21.66300   22.96000  
H    23.12400   20.92300   22.83700  
H    22.69100   22.43900   23.64000  
H    21.38600   21.21800   23.28700  
O    20.53800   22.81500   21.63000  
C    19.12000   15.79900   23.10500  
H    18.75700   16.25700   24.02900  
H    18.25900   15.42400   22.54600  
H    19.87800   15.02500   23.25000  
S    19.74600   17.19100   22.13800  
C    20.48700   16.10200   20.90100  
H    20.79500   15.19100   21.42200  
H    19.77300   15.83100   20.11900  
H    21.33200   16.63700   20.46200  
O    21.00300   17.76800   22.71100  
C    30.65100   13.31600   26.85200  
H    31.23800   14.11400   26.39100  
H    29.70800   13.24200   26.30500  
H    30.49300   13.51500   27.91500  
S    31.55300   11.76200   26.66200  
C    32.40100   12.10900   25.10400  
H    33.10800   12.93100   25.24100  
H    33.07500   11.27300   24.90000  
H    31.71500   12.26300   24.26800  
O    30.54200   10.70400   26.34400  
C    31.51400   16.04300   31.89400  
H    31.26200   15.51500   32.81700  
H    32.04900   15.37200   31.21800  
H    32.09200   16.94800   32.09900  
S    30.03800   16.44900   30.93300  
C    30.80800   17.02600   29.40400  
H    31.31700   16.25200   28.82300  
H    30.01000   17.57400   28.89600  
H    31.52300   17.82100   29.63000  
O    29.41400   17.62500   31.61800  
C    28.05300   22.66800   21.19500  
H    28.96500   22.30700   21.67700  
H    27.37100   21.85100   20.94700  
H    28.24200   23.23000   20.27600  
S    27.32400   23.79800   22.40200  
C    26.19700   22.61200   23.16800  
H    26.66700   21.64100   23.34400  
H    25.75300   23.09900   24.03900  
H    25.41000   22.45100   22.42600  
O    26.28400   24.54600   21.62800  
C    31.05400   25.58300   24.37500  
H    30.29100   26.27800   24.73500  
H    31.36400   25.89100   23.37300  
H    30.68800   24.55400   24.35300  
S    32.49500   25.84300   25.43400  
C    31.66000   25.59800   27.01800  
H    31.34300   24.56400   27.18000  
H    32.44200   25.85800   27.73700  
H    30.77800   26.23000   27.14500  
O    32.68500   27.32000   25.28500  
C    18.74800   19.54400   26.87000  
H    17.88800   20.21800   26.84900  
H    18.66800   18.68100   26.20500  
H    19.11300   19.26700   27.86200  
S    19.93800   20.55200   25.95600  
C    21.12000   19.18700   25.88000  
H    21.25700   18.90400   24.83300  
H    22.11900   19.56500   26.10900  
H    20.93100   18.32000   26.51700  
O    20.43400   21.44500   27.05100  
C    21.57500   17.43700   30.03300  
H    21.49000   18.50200   29.80000  
H    22.36200   16.95100   29.45000  
H    20.56700   17.08900   29.79300  
S    21.78300   17.07800   31.79100  
C    21.01700   15.44500   31.68200  
H    20.71800   15.17600   32.69800  
H    20.12000   15.49500   31.05900  
H    21.72200   14.72100   31.26600  
O    20.63900   17.91500   32.27400  
C    26.23600   18.13800   30.63700  
H    26.11000   17.60700   29.69000  
H    26.94000   17.60200   31.27800  
H    25.24900   18.31200   31.07100  
S    27.17600   19.64800   30.31400  
C    27.36800   20.22000   32.01700  
H    26.43300   20.37200   32.56200  
H    28.05000   19.54000   32.53500  
H    27.92100   21.15200   31.87600  
O    26.05800   20.42300   29.68800  
C    33.72000   15.87800   25.06100  
H    34.37100   15.00700   24.94600  
H    33.37900   16.06700   26.08200  
H    32.83200   15.56900   24.50500  
S    34.56000   17.37600   24.50000  
C    33.09900   18.38100   24.85000  
H    32.24100   17.85200   24.42800  
H    32.83500   18.37900   25.91100  
H    33.20500   19.39100   24.44600  
O    34.44800   17.27900   23.01100  
C    30.98200   20.12700   19.43100  
H    30.89300   19.04800   19.58200  
H    29.95400   20.44800   19.24700  
H    31.61200   20.41500   18.58500  
S    31.77000   20.72000   20.94500  
C    32.73900   19.22200   21.23300  
H    32.05700   18.37100   21.16700  
H    33.59200   19.24500   20.55100  
H    33.14000   19.23100   22.25000  
O    30.72800   20.52700   22.00300  
C    35.27600   18.26000   30.23700  
H    36.16500   18.05800   30.84000  
H    35.50100   19.17100   29.67500  
H    34.39500   18.35300   30.87700  
S    35.07200   16.93000   29.03100  
C    36.49400   17.07500   27.92700  
H    36.75700   16.11000   27.48700  
H    36.34100   17.88100   27.20400  
H    37.35200   17.27700   28.57300  
O    33.79400   17.28000   28.33300  
C    26.59700   25.25900   25.98000  
H    25.66200   25.72800   25.66500  
H    27.18100   24.88400   25.13600  
H    26.43700   24.39800   26.63400  
S    27.77600   26.37300   26.77700  
C    26.60400   27.24200   27.84300  
H    26.96800   28.12200   28.38000  
H    25.79600   27.54600   27.17200  
H    26.22900   26.37500   28.39300  
O    28.01800   27.51200   25.83600  
C    21.26000   23.16200   29.78300  
H    21.22300   24.25400   29.78800  
H    21.28400   22.85500   28.73500  
H    20.38600   22.72200   30.27100  
S    22.85800   22.79600   30.54300  
C    22.69600   20.99900   30.45000  
H    22.87000   20.62700   29.43700  
H    23.53200   20.62900   31.05100  
H    21.73100   20.62600   30.80200  
O    22.76300   23.18400   31.98600  
C    19.49500   25.19600   27.19300  
H    18.81900   25.12400   28.04900  
H    20.51300   24.96400   27.51700  
H    19.33800   26.14300   26.67200  
S    18.98100   23.95100   25.98800  
C    20.33100   24.15200   24.80400  
H    21.29700   23.90900   25.25300  
H    20.06000   23.49400   23.97400  
H    20.37000   25.19400   24.47700  
O    17.75200   24.46600   25.30500  
C    35.34700   25.36100   23.09200  
H    35.52100   26.41700   22.87100  
H    35.13300   25.28400   24.16100  
H    36.12900   24.78200   22.59300  
S    33.85300   24.92400   22.17500  
C    33.64300   23.15600   22.48400  
H    34.46300   22.54300   22.10200  
H    33.67200   22.98400   23.56300  
H    32.66600   22.95300   22.03800  
O    34.45100   24.95000   20.80300  
C    27.23400   23.57800   29.69200  
H    26.77300   24.56700   29.63400  
H    27.22800   23.02200   28.75100  
H    26.83500   23.04300   30.55800  
S    28.99600   23.87100   29.96300  
C    28.79000   25.38500   30.92800  
H    28.20400   25.07400   31.79600  
H    29.74200   25.70500   31.36000  
H    28.31200   26.10700   30.26100  
O    29.46500   24.29900   28.60800  
C    25.06500   11.53200   28.56600  
H    25.16600   11.80900   29.61900  
H    24.18200   12.05300   28.18900  
H    24.88600   10.45600   28.51200  
S    26.47800   11.99700   27.54000  
C    27.72200   11.24000   28.60900  
H    28.67000   11.65700   28.25800  
H    27.48500   11.47800   29.64900  
H    27.71900   10.15000   28.53200  
O    26.79600   13.43100   27.83000  
C    23.83200   17.26000   24.99200  
H    22.77300   16.98800   25.00300  
H    23.86300   18.26500   24.56300  
H    24.42300   16.68900   24.27300  
S    24.56500   17.13600   26.63900  
C    24.26400   15.39200   27.00600  
H    23.18000   15.25200   26.97500  
H    24.71700   14.79000   26.21400  
H    24.62700   15.10600   27.99600  
O    23.43400   17.73400   27.41600  
C    30.33000   26.52700   18.51400  
H    30.89400   26.52600   17.57700  
H    29.38900   26.00400   18.32400  
H    30.22000   27.56100   18.84800  
S    31.20300   25.61600   19.80800  
C    31.12900   23.99900   19.00500  
H    31.36900   23.30700   19.81700  
H    30.09900   23.88800   18.65900  
H    31.83200   23.99400   18.16800  
O    30.22000   25.44200   20.92300  
$end

$rem
JOBTYPE  SP
METHOD  B3LYP
BASIS  6-31+G(D)
SYMMETRY  FALSE
SYM_IGNORE  TRUE
MEM_TOTAL  12000
MEM_STATIC  4000
BASIS_LIN_DEP_THRESH  6
THRESH  14
SCF_CONVERGENCE  8
FD_MAT_VEC_PROD  FALSE
XC_GRID  000075000302
NL_GRID  1
MAX_SCF_CYCLES  200
FRGM_METHOD  STOLL
SCFMI_MODE  1
ALMO_EFIELD  TRUE
$end

$rem_frgm
SCF_CONVERGENCE  4
$end


@@@

$molecule
0 1
@C    28.54900   19.22800   26.41800  
@C    27.44900   20.23600   26.04600  
@C    28.06500   21.64300   26.12100  
@C    29.45800   21.86300   25.51100  
@C    30.44500   20.75200   25.90400  
@C    29.86900   19.35100   25.63900  
@H    27.39900   22.32800   25.58100  
@H    27.23600   19.91700   25.01900  
@H    28.78100   19.40100   27.47600  
@H    28.19100   18.21200   26.21200  
@H    29.41200   21.81500   24.41600  
@H    29.78100   22.83800   25.89500  
@H    31.41100   20.99800   25.44700  
@H    30.62100   20.88000   26.97900  
@H    29.75500   19.18300   24.56100  
@H    30.52300   18.55200   26.00800  
@H    28.11000   21.92100   27.18200  
@N    26.21000   20.24600   26.82200  
@H    26.28600   20.13400   27.82600  
@C    24.94200   20.42300   26.30900  
@H    24.21200   20.20400   27.10900  
@O    24.57300   20.67000   25.17500  
C    27.38800   18.30600   21.25400  
H    27.59400   18.02700   20.21800  
H    28.11700   19.06400   21.55300  
H    27.63700   17.41300   21.83200  
S    25.72100   18.94400   21.53900  
C    24.91100   17.42100   21.00200  
H    25.21100   17.04500   20.02000  
H    25.07800   16.77400   21.86800  
H    23.83400   17.60500   20.96200  
O    25.63200   19.86600   20.36300  
C    31.39600   21.40100   32.27400  
H    31.93600   21.15500   31.35700  
H    30.55300   22.04800   32.02000  
H    31.97500   22.08400   32.90100  
S    30.89300   19.79800   32.93800  
C    30.00900   20.71000   34.22400  
H    29.77300   20.03000   35.04700  
H    30.62100   21.47100   34.71500  
H    29.16600   21.30000   33.85400  
O    32.08500   19.44400   33.77100  
C    33.07200   24.13000   31.02200  
H    33.84800   23.48600   30.60100  
H    32.76800   23.83600   32.02900  
H    32.15300   24.11000   30.43000  
S    33.75700   25.80000   30.93400  
C    32.23100   26.76300   31.01500  
H    32.39700   27.78700   30.67100  
H    31.46400   26.26000   30.42100  
H    32.10500   26.93200   32.08800  
O    34.18600   25.92300   29.50500  
C    34.22900   23.08500   27.63800  
H    35.13600   22.79300   28.17400  
H    34.34500   24.13600   27.36200  
H    33.29300   22.88500   28.16600  
S    34.29400   22.02900   26.17400  
C    35.43500   20.80500   26.85500  
H    36.36100   21.24300   27.23600  
H    34.85800   20.12900   27.49200  
H    35.73700   20.16800   26.02000  
O    35.31000   22.67200   25.28300  
C    27.51000   15.23100   25.12200  
H    27.95300   16.20100   25.35800  
H    26.43100   15.39100   25.04900  
H    27.69200   14.54800   25.95700  
S    28.39900   14.77100   23.61800  
C    28.13300   12.99700   23.83500  
H    28.77000   12.74900   24.68800  
H    27.06900   12.79100   23.97200  
H    28.53300   12.55600   22.91800  
O    29.83500   15.08700   23.89900  
C    21.85800   20.92700   20.39300  
H    21.65200   21.27100   19.37600  
H    22.80200   20.37700   20.42200  
H    21.03600   20.32800   20.79600  
S    21.96400   22.44200   21.37100  
C    22.33000   21.66300   22.96000  
H    23.12400   20.92300   22.83700  
H    22.69100   22.43900   23.64000  
H    21.38600   21.21800   23.28700  
O    20.53800   22.81500   21.63000  
C    19.12000   15.79900   23.10500  
H    18.75700   16.25700   24.02900  
H    18.25900   15.42400   22.54600  
H    19.87800   15.02500   23.25000  
S    19.74600   17.19100   22.13800  
C    20.48700   16.10200   20.90100  
H    20.79500   15.19100   21.42200  
H    19.77300   15.83100   20.11900  
H    21.33200   16.63700   20.46200  
O    21.00300   17.76800   22.71100  
C    30.65100   13.31600   26.85200  
H    31.23800   14.11400   26.39100  
H    29.70800   13.24200   26.30500  
H    30.49300   13.51500   27.91500  
S    31.55300   11.76200   26.66200  
C    32.40100   12.10900   25.10400  
H    33.10800   12.93100   25.24100  
H    33.07500   11.27300   24.90000  
H    31.71500   12.26300   24.26800  
O    30.54200   10.70400   26.34400  
C    31.51400   16.04300   31.89400  
H    31.26200   15.51500   32.81700  
H    32.04900   15.37200   31.21800  
H    32.09200   16.94800   32.09900  
S    30.03800   16.44900   30.93300  
C    30.80800   17.02600   29.40400  
H    31.31700   16.25200   28.82300  
H    30.01000   17.57400   28.89600  
H    31.52300   17.82100   29.63000  
O    29.41400   17.62500   31.61800  
C    28.05300   22.66800   21.19500  
H    28.96500   22.30700   21.67700  
H    27.37100   21.85100   20.94700  
H    28.24200   23.23000   20.27600  
S    27.32400   23.79800   22.40200  
C    26.19700   22.61200   23.16800  
H    26.66700   21.64100   23.34400  
H    25.75300   23.09900   24.03900  
H    25.41000   22.45100   22.42600  
O    26.28400   24.54600   21.62800  
C    31.05400   25.58300   24.37500  
H    30.29100   26.27800   24.73500  
H    31.36400   25.89100   23.37300  
H    30.68800   24.55400   24.35300  
S    32.49500   25.84300   25.43400  
C    31.66000   25.59800   27.01800  
H    31.34300   24.56400   27.18000  
H    32.44200   25.85800   27.73700  
H    30.77800   26.23000   27.14500  
O    32.68500   27.32000   25.28500  
C    18.74800   19.54400   26.87000  
H    17.88800   20.21800   26.84900  
H    18.66800   18.68100   26.20500  
H    19.11300   19.26700   27.86200  
S    19.93800   20.55200   25.95600  
C    21.12000   19.18700   25.88000  
H    21.25700   18.90400   24.83300  
H    22.11900   19.56500   26.10900  
H    20.93100   18.32000   26.51700  
O    20.43400   21.44500   27.05100  
C    21.57500   17.43700   30.03300  
H    21.49000   18.50200   29.80000  
H    22.36200   16.95100   29.45000  
H    20.56700   17.08900   29.79300  
S    21.78300   17.07800   31.79100  
C    21.01700   15.44500   31.68200  
H    20.71800   15.17600   32.69800  
H    20.12000   15.49500   31.05900  
H    21.72200   14.72100   31.26600  
O    20.63900   17.91500   32.27400  
C    26.23600   18.13800   30.63700  
H    26.11000   17.60700   29.69000  
H    26.94000   17.60200   31.27800  
H    25.24900   18.31200   31.07100  
S    27.17600   19.64800   30.31400  
C    27.36800   20.22000   32.01700  
H    26.43300   20.37200   32.56200  
H    28.05000   19.54000   32.53500  
H    27.92100   21.15200   31.87600  
O    26.05800   20.42300   29.68800  
C    33.72000   15.87800   25.06100  
H    34.37100   15.00700   24.94600  
H    33.37900   16.06700   26.08200  
H    32.83200   15.56900   24.50500  
S    34.56000   17.37600   24.50000  
C    33.09900   18.38100   24.85000  
H    32.24100   17.85200   24.42800  
H    32.83500   18.37900   25.91100  
H    33.20500   19.39100   24.44600  
O    34.44800   17.27900   23.01100  
C    30.98200   20.12700   19.43100  
H    30.89300   19.04800   19.58200  
H    29.95400   20.44800   19.24700  
H    31.61200   20.41500   18.58500  
S    31.77000   20.72000   20.94500  
C    32.73900   19.22200   21.23300  
H    32.05700   18.37100   21.16700  
H    33.59200   19.24500   20.55100  
H    33.14000   19.23100   22.25000  
O    30.72800   20.52700   22.00300  
C    35.27600   18.26000   30.23700  
H    36.16500   18.05800   30.84000  
H    35.50100   19.17100   29.67500  
H    34.39500   18.35300   30.87700  
S    35.07200   16.93000   29.03100  
C    36.49400   17.07500   27.92700  
H    36.75700   16.11000   27.48700  
H    36.34100   17.88100   27.20400  
H    37.35200   17.27700   28.57300  
O    33.79400   17.28000   28.33300  
C    26.59700   25.25900   25.98000  
H    25.66200   25.72800   25.66500  
H    27.18100   24.88400   25.13600  
H    26.43700   24.39800   26.63400  
S    27.77600   26.37300   26.77700  
C    26.60400   27.24200   27.84300  
H    26.96800   28.12200   28.38000  
H    25.79600   27.54600   27.17200  
H    26.22900   26.37500   28.39300  
O    28.01800   27.51200   25.83600  
C    21.26000   23.16200   29.78300  
H    21.22300   24.25400   29.78800  
H    21.28400   22.85500   28.73500  
H    20.38600   22.72200   30.27100  
S    22.85800   22.79600   30.54300  
C    22.69600   20.99900   30.45000  
H    22.87000   20.62700   29.43700  
H    23.53200   20.62900   31.05100  
H    21.73100   20.62600   30.80200  
O    22.76300   23.18400   31.98600  
C    19.49500   25.19600   27.19300  
H    18.81900   25.12400   28.04900  
H    20.51300   24.96400   27.51700  
H    19.33800   26.14300   26.67200  
S    18.98100   23.95100   25.98800  
C    20.33100   24.15200   24.80400  
H    21.29700   23.90900   25.25300  
H    20.06000   23.49400   23.97400  
H    20.37000   25.19400   24.47700  
O    17.75200   24.46600   25.30500  
C    35.34700   25.36100   23.09200  
H    35.52100   26.41700   22.87100  
H    35.13300   25.28400   24.16100  
H    36.12900   24.78200   22.59300  
S    33.85300   24.92400   22.17500  
C    33.64300   23.15600   22.48400  
H    34.46300   22.54300   22.10200  
H    33.67200   22.98400   23.56300  
H    32.66600   22.95300   22.03800  
O    34.45100   24.95000   20.80300  
C    27.23400   23.57800   29.69200  
H    26.77300   24.56700   29.63400  
H    27.22800   23.02200   28.75100  
H    26.83500   23.04300   30.55800  
S    28.99600   23.87100   29.96300  
C    28.79000   25.38500   30.92800  
H    28.20400   25.07400   31.79600  
H    29.74200   25.70500   31.36000  
H    28.31200   26.10700   30.26100  
O    29.46500   24.29900   28.60800  
C    25.06500   11.53200   28.56600  
H    25.16600   11.80900   29.61900  
H    24.18200   12.05300   28.18900  
H    24.88600   10.45600   28.51200  
S    26.47800   11.99700   27.54000  
C    27.72200   11.24000   28.60900  
H    28.67000   11.65700   28.25800  
H    27.48500   11.47800   29.64900  
H    27.71900   10.15000   28.53200  
O    26.79600   13.43100   27.83000  
C    23.83200   17.26000   24.99200  
H    22.77300   16.98800   25.00300  
H    23.86300   18.26500   24.56300  
H    24.42300   16.68900   24.27300  
S    24.56500   17.13600   26.63900  
C    24.26400   15.39200   27.00600  
H    23.18000   15.25200   26.97500  
H    24.71700   14.79000   26.21400  
H    24.62700   15.10600   27.99600  
O    23.43400   17.73400   27.41600  
C    30.33000   26.52700   18.51400  
H    30.89400   26.52600   17.57700  
H    29.38900   26.00400   18.32400  
H    30.22000   27.56100   18.84800  
S    31.20300   25.61600   19.80800  
C    31.12900   23.99900   19.00500  
H    31.36900   23.30700   19.81700  
H    30.09900   23.88800   18.65900  
H    31.83200   23.99400   18.16800  
O    30.22000   25.44200   20.92300  
$end

$rem
JOBTYPE  SP
METHOD  B3LYP
BASIS  6-31+G(D)
SYMMETRY  FALSE
SYM_IGNORE  TRUE
MEM_TOTAL  12000
MEM_STATIC  4000
BASIS_LIN_DEP_THRESH  6
THRESH  14
SCF_CONVERGENCE  8
FD_MAT_VEC_PROD  FALSE
XC_GRID  000075000302
NL_GRID  1
MAX_SCF_CYCLES  200
SCF_GUESS  READ_DEN
ALMO_EFIELD  TRUE
GEN_SCFMAN  FALSE
SKIP_SCFMAN  TRUE
ESP_GRID  0
ESP_EFIELD  1
$end
