$molecule
0 1
--
0 1
C    22.68800   15.06600   27.35100  
C    22.52400   14.87800   28.86800  
C    23.64500   15.62300   29.61100  
C    23.78900   17.11500   29.26900  
C    23.92600   17.36700   27.75900  
C    22.92200   16.53100   26.94800  
H    23.59800   15.46900   30.69600  
H    21.61000   15.35000   29.24800  
H    23.52600   14.42300   27.05100  
H    21.80000   14.71900   26.80900  
H    22.92100   17.62000   29.71000  
H    24.65500   17.46700   29.84300  
H    23.99900   18.43000   27.49700  
H    24.98100   17.12400   27.58000  
H    21.99200   17.10900   27.02600  
H    23.06500   16.54300   25.86100  
H    24.52100   15.06700   29.25500  
N    22.61100   13.43800   29.10700  
H    23.35400   12.90500   28.67200  
C    21.79300   12.76700   29.99200  
H    21.97200   11.67600   29.98700  
O    21.04700   13.33100   30.77200  
--
0 1
C    16.04600   18.92200   32.86000  
H    16.06200   19.59500   33.72100  
H    16.09200   19.68900   32.08300  
H    15.16700   18.28500   32.73700  
S    17.51200   17.87300   32.99300  
C    17.01800   17.13000   34.56500  
H    17.80500   16.42500   34.84600  
H    16.86300   17.92300   35.30100  
H    16.06900   16.62100   34.37800  
O    18.61800   18.84600   33.26300  
C    21.07300   16.97600   21.81200  
H    20.17200   17.43800   22.22200  
H    20.87400   16.77400   20.75600  
H    21.18700   16.01700   22.32300  
S    22.59700   17.87000   22.18700  
C    23.72600   16.80300   21.26400  
H    23.33900   16.30500   20.37200  
H    24.54400   17.40800   20.86300  
H    24.16000   16.07100   21.95100  
O    22.74800   17.22000   23.52700  
C    26.10700   20.37400   31.08700  
H    26.03500   19.32300   31.37900  
H    27.17700   20.53600   30.93200  
H    25.81900   21.03700   31.90600  
S    25.08000   20.51100   29.60600  
C    25.37600   22.26900   29.31300  
H    25.09200   22.87600   30.17600  
H    26.39600   22.51600   29.00700  
H    24.72000   22.51400   28.47400  
O    23.70800   20.54600   30.20300  
C    29.39400   11.74300   24.03000  
H    28.35100   11.49300   24.23900  
H    29.35700   12.37800   23.14100  
H    30.06700   10.90800   23.82000  
S    30.18400   12.63000   25.39200  
C    30.16300   11.25200   26.56100  
H    30.79600   10.42100   26.23900  
H    30.45400   11.66700   27.52900  
H    29.13400   10.88700   26.61600  
O    29.04300   13.47700   25.86300  
C    29.64400   19.49300   31.71800  
H    28.79100   18.98400   32.17200  
H    29.43100   20.55600   31.85800  
H    29.65500   19.27900   30.64600  
S    31.20500   19.17100   32.57000  
C    31.05500   17.38100   32.37100  
H    31.29600   17.19100   31.32200  
H    31.78100   16.95000   33.06400  
H    30.04200   17.10800   32.68000  
O    30.91000   19.47500   34.00600  
C    21.94300   19.44700   34.41400  
H    21.58400   19.69700   33.41300  
H    21.55500   18.48000   34.74400  
H    21.69300   20.23200   35.13300  
S    23.74100   19.30700   34.30500  
C    23.87000   18.05300   33.01000  
H    23.44100   18.45000   32.08700  
H    24.87500   17.69100   32.78000  
H    23.29600   17.16700   33.29300  
O    24.04400   18.68700   35.63300  
C    23.37100   9.61200    32.68100  
H    23.17500   9.27600    31.66000  
H    24.16400   10.36400   32.72600  
H    23.70500   8.80400    33.33700  
S    21.96200   10.48600   33.40000  
C    22.49300   10.67700   35.11700  
H    21.91800   11.44800   35.63700  
H    22.25200   9.71400    35.57400  
H    23.57700   10.81000   35.14300  
O    20.85300   9.49400    33.56500  
C    20.77100   12.27000   25.73900  
H    20.82200   11.29400   26.22900  
H    21.71800   12.59900   25.30400  
H    20.39200   13.05500   26.39700  
S    19.54100   12.17300   24.42000  
C    19.66100   13.92400   23.98900  
H    19.01700   14.16200   23.13900  
H    19.33700   14.57900   24.80200  
H    20.67400   14.13300   23.63600  
O    18.31200   12.27100   25.26900  
C    20.59000   7.19900    30.97900  
H    20.33900   8.04600    30.33600  
H    20.19400   7.55100    31.93500  
H    21.65700   7.02000    31.13700  
S    19.84700   5.61300    30.53300  
C    18.14500   6.19800    30.69800  
H    17.46300   5.34500    30.65300  
H    17.99700   6.64000    31.68700  
H    17.83100   6.85400    29.88200  
O    20.07200   4.68800    31.68900  
C    29.13400   16.95000   26.96000  
H    28.05600   17.07900   26.83600  
H    29.72200   17.87100   26.96400  
H    29.39800   16.27000   26.14600  
S    29.33700   16.22600   28.60300  
C    28.15300   17.38800   29.32000  
H    27.15400   16.95500   29.41800  
H    28.60900   17.57500   30.29500  
H    28.10600   18.29800   28.71600  
O    30.70600   16.59600   29.08200  
C    18.08800   14.69100   30.70600  
H    17.61100   15.48600   31.28600  
H    17.73500   13.80500   31.23900  
H    19.15200   14.92700   30.61800  
S    17.26900   14.71500   29.09600  
C    18.65000   14.06900   28.12600  
H    19.30700   14.92900   27.97400  
H    19.15200   13.31600   28.73800  
H    18.24700   13.74500   27.16300  
O    17.30500   16.20200   28.92200  
C    20.82700   16.01900   33.13700  
H    20.37100   17.01000   33.06500  
H    21.68400   15.79100   32.49800  
H    20.05000   15.28400   32.91100  
S    21.19500   15.79100   34.89100  
C    21.43700   14.01300   34.67700  
H    22.20400   14.01400   33.89800  
H    21.89000   13.53000   35.54600  
H    20.45200   13.66300   34.35900  
O    19.87700   15.79900   35.59900  
C    27.54600   8.71200    31.33800  
H    27.73500   7.97400    32.12200  
H    27.25400   9.66200    31.79200  
H    26.72600   8.18300    30.84600  
S    28.99900   8.81300    30.26800  
C    30.13500   9.48800    31.50100  
H    30.42400   8.73900    32.24200  
H    31.05800   9.82400    31.02200  
H    29.63600   10.28900   32.05200  
O    28.71400   10.03900   29.45700  
C    18.93200   17.36400   26.34900  
H    19.82500   17.99400   26.35100  
H    18.56000   17.47000   27.37100  
H    19.09000   16.31000   26.10700  
S    17.75400   17.98100   25.12500  
C    16.66500   16.57600   25.44700  
H    16.19700   16.78800   26.41200  
H    15.93900   16.51000   24.63200  
H    17.27700   15.67100   25.46900  
O    18.33000   17.42400   23.86000  
C    18.43800   19.19300   29.30800  
H    17.97600   19.42800   28.34500  
H    18.39000   18.16300   29.67000  
H    18.03000   19.85100   30.08000  
S    20.21400   19.51100   29.21100  
C    20.45100   19.83500   30.97300  
H    21.46600   20.22700   31.08100  
H    19.78100   20.67900   31.15300  
H    20.27500   19.08800   31.75100  
O    20.24200   20.90800   28.67200  
C    27.82800   13.73000   33.25900  
H    28.06800   13.71600   34.32500  
H    27.20300   12.87000   33.00300  
H    28.79800   13.72300   32.75600  
S    26.89800   15.23700   32.89700  
C    25.47800   14.73800   33.89600  
H    25.17500   13.73000   33.60300  
H    25.76900   14.74000   34.95000  
H    24.64000   15.41900   33.73100  
O    26.64500   15.11200   31.42700  
C    29.47100   22.92800   27.44900  
H    30.40300   23.01300   28.01400  
H    29.65200   23.17900   26.40100  
H    28.64400   23.44900   27.93900  
S    29.16000   21.14800   27.46100  
C    27.67800   21.25900   26.43300  
H    26.89400   21.79200   26.97700  
H    27.94000   21.77100   25.50300  
H    27.42900   20.20200   26.31100  
O    28.55800   20.85900   28.80100  
C    29.71900   16.93800   22.11400  
H    29.94200   15.94900   21.70700  
H    29.30800   17.65900   21.40200  
H    30.64000   17.27400   22.59600  
S    28.44700   16.75600   23.38500  
C    27.15100   16.77300   22.12600  
H    27.22500   17.69800   21.54800  
H    27.27300   15.86000   21.53700  
H    26.21200   16.79100   22.68600  
O    28.39700   18.11700   24.00700  
C    18.37900   11.58400   34.53000  
H    17.64500   10.79500   34.71200  
H    18.95700   11.33800   33.63600  
H    19.08000   11.77300   35.34800  
S    17.45800   13.10300   34.20200  
C    16.54900   13.52600   35.70600  
H    16.60000   12.66200   36.37300  
H    16.89800   14.41500   36.23800  
H    15.50600   13.72900   35.45200  
O    16.42500   12.51300   33.29300  
C    24.13700   12.64000   24.04200  
H    23.32300   13.22100   23.60200  
H    24.20500   11.66700   23.54700  
H    24.02400   12.51500   25.12200  
S    25.66900   13.55000   23.74300  
C    25.16700   15.03500   24.64300  
H    24.81900   14.66900   25.61200  
H    26.00200   15.73800   24.70300  
H    24.38700   15.44200   23.99500  
O    25.57600   13.92500   22.29700  
C    25.15000   25.07700   23.20300  
H    24.19000   25.43200   23.58800  
H    25.80300   25.95300   23.18100  
H    25.04400   24.67100   22.19400  
S    25.84700   23.85700   24.34000  
C    25.64700   24.79900   25.86900  
H    26.28300   24.35800   26.64100  
H    25.87400   25.85100   25.67800  
H    24.63300   24.69200   26.26100  
O    27.31800   23.90100   24.07000  
C    17.92900   9.82500    30.78200  
H    17.73700   10.62100   31.50500  
H    17.09400   9.13300    30.64600  
H    18.89600   9.37000    31.01200  
S    18.14700   10.84600   29.30700  
C    17.28700   9.66900    28.24000  
H    16.22100   9.73000    28.47300  
H    17.48900   9.97400    27.21000  
H    17.54200   8.61300    28.36800  
O    19.61300   10.75300   29.01500  
C    29.45000   17.93800   36.43000  
H    30.47000   17.90700   36.04000  
H    29.05400   18.95300   36.34000  
H    29.30500   17.54600   37.44000  
S    28.36500   16.95900   35.36700  
C    26.85600   17.75800   35.95700  
H    27.04900   17.97800   37.01000  
H    26.57900   18.60000   35.31700  
H    25.98100   17.10300   35.96800  
O    28.21400   15.59600   35.96900  
C    23.09200   21.33300   26.43000  
H    22.03800   21.60400   26.52800  
H    23.43400   20.64000   27.20200  
H    23.63200   22.28300   26.40200  
S    23.13600   20.54900   24.80200  
C    24.88200   20.08300   24.79900  
H    25.38000   21.03200   25.01500  
H    25.02200   19.19900   25.42700  
H    25.14900   19.73700   23.79800  
O    23.09300   21.73600   23.89200  
C    21.37800   23.36700   29.77500  
H    20.55000   23.28000   29.06700  
H    22.01800   22.48700   29.67400  
H    20.98100   23.64200   30.75600  
S    22.20400   24.86500   29.19300  
C    20.85600   26.06800   29.23200  
H    20.29500   25.97400   28.29800  
H    20.31600   25.87800   30.16400  
H    21.31900   27.04600   29.07800  
O    22.48000   24.62800   27.74100  
C    19.17000   21.78300   25.25000  
H    19.41800   21.82100   26.31400  
H    18.08600   21.88000   25.14000  
H    19.37800   20.90200   24.63800  
S    20.12400   23.04000   24.37000  
C    19.42400   24.46900   25.22600  
H    19.78800   25.30900   24.62800  
H    18.33600   24.37200   25.24000  
H    19.81100   24.52900   26.24600  
O    19.40000   23.18400   23.06800  
C    25.91300   12.14000   30.18300  
H    25.52900   13.14900   30.35400  
H    25.24600   11.32100   30.46600  
H    26.90900   12.13900   30.63200  
S    26.14800   11.85000   28.41500  
C    26.92500   13.40300   27.91500  
H    27.96300   13.48900   28.24700  
H    26.99400   13.34100   26.82500  
H    26.26000   14.24100   28.13800  
O    24.74100   12.01800   27.93100  
C    25.57300   9.49600    23.69600  
H    25.82100   9.69400    22.65000  
H    24.55600   9.09900    23.75500  
H    25.73600   10.39400   24.29600  
S    26.82400   8.32100    24.26000  
C    26.41100   8.37100    26.01800  
H    25.40200   7.95400    26.07400  
H    27.17700   7.81600    26.56500  
H    26.33800   9.43200    26.27200  
O    28.12800   9.05600    24.22300  
C    20.75100   7.58900    27.04800  
H    20.20100   8.17200    27.79100  
H    20.69400   8.02300    26.04600  
H    20.29600   6.60000    26.94800  
S    22.43900   7.71700    27.68100  
C    22.60800   9.40400    27.05800  
H    22.38700   9.42300    25.98700  
H    21.94500   10.08200   27.60100  
H    23.65300   9.67400    27.23000  
O    23.20600   6.78800    26.79200  
$end

$rem
JOBTYPE  SP
METHOD  B3LYP
BASIS  6-31+G(D)
SYMMETRY  FALSE
SYM_IGNORE  TRUE
MEM_TOTAL  12000
MEM_STATIC  4000
BASIS_LIN_DEP_THRESH  6
THRESH  14
SCF_CONVERGENCE  8
FD_MAT_VEC_PROD  FALSE
XC_GRID  000075000302
NL_GRID  1
MAX_SCF_CYCLES  200
FRGM_METHOD  STOLL
SCFMI_MODE  1
ALMO_EFIELD  TRUE
$end

$rem_frgm
SCF_CONVERGENCE  4
$end


@@@

$molecule
0 1
@C    22.68800   15.06600   27.35100  
@C    22.52400   14.87800   28.86800  
@C    23.64500   15.62300   29.61100  
@C    23.78900   17.11500   29.26900  
@C    23.92600   17.36700   27.75900  
@C    22.92200   16.53100   26.94800  
@H    23.59800   15.46900   30.69600  
@H    21.61000   15.35000   29.24800  
@H    23.52600   14.42300   27.05100  
@H    21.80000   14.71900   26.80900  
@H    22.92100   17.62000   29.71000  
@H    24.65500   17.46700   29.84300  
@H    23.99900   18.43000   27.49700  
@H    24.98100   17.12400   27.58000  
@H    21.99200   17.10900   27.02600  
@H    23.06500   16.54300   25.86100  
@H    24.52100   15.06700   29.25500  
@N    22.61100   13.43800   29.10700  
@H    23.35400   12.90500   28.67200  
@C    21.79300   12.76700   29.99200  
@H    21.97200   11.67600   29.98700  
@O    21.04700   13.33100   30.77200  
C    16.04600   18.92200   32.86000  
H    16.06200   19.59500   33.72100  
H    16.09200   19.68900   32.08300  
H    15.16700   18.28500   32.73700  
S    17.51200   17.87300   32.99300  
C    17.01800   17.13000   34.56500  
H    17.80500   16.42500   34.84600  
H    16.86300   17.92300   35.30100  
H    16.06900   16.62100   34.37800  
O    18.61800   18.84600   33.26300  
C    21.07300   16.97600   21.81200  
H    20.17200   17.43800   22.22200  
H    20.87400   16.77400   20.75600  
H    21.18700   16.01700   22.32300  
S    22.59700   17.87000   22.18700  
C    23.72600   16.80300   21.26400  
H    23.33900   16.30500   20.37200  
H    24.54400   17.40800   20.86300  
H    24.16000   16.07100   21.95100  
O    22.74800   17.22000   23.52700  
C    26.10700   20.37400   31.08700  
H    26.03500   19.32300   31.37900  
H    27.17700   20.53600   30.93200  
H    25.81900   21.03700   31.90600  
S    25.08000   20.51100   29.60600  
C    25.37600   22.26900   29.31300  
H    25.09200   22.87600   30.17600  
H    26.39600   22.51600   29.00700  
H    24.72000   22.51400   28.47400  
O    23.70800   20.54600   30.20300  
C    29.39400   11.74300   24.03000  
H    28.35100   11.49300   24.23900  
H    29.35700   12.37800   23.14100  
H    30.06700   10.90800   23.82000  
S    30.18400   12.63000   25.39200  
C    30.16300   11.25200   26.56100  
H    30.79600   10.42100   26.23900  
H    30.45400   11.66700   27.52900  
H    29.13400   10.88700   26.61600  
O    29.04300   13.47700   25.86300  
C    29.64400   19.49300   31.71800  
H    28.79100   18.98400   32.17200  
H    29.43100   20.55600   31.85800  
H    29.65500   19.27900   30.64600  
S    31.20500   19.17100   32.57000  
C    31.05500   17.38100   32.37100  
H    31.29600   17.19100   31.32200  
H    31.78100   16.95000   33.06400  
H    30.04200   17.10800   32.68000  
O    30.91000   19.47500   34.00600  
C    21.94300   19.44700   34.41400  
H    21.58400   19.69700   33.41300  
H    21.55500   18.48000   34.74400  
H    21.69300   20.23200   35.13300  
S    23.74100   19.30700   34.30500  
C    23.87000   18.05300   33.01000  
H    23.44100   18.45000   32.08700  
H    24.87500   17.69100   32.78000  
H    23.29600   17.16700   33.29300  
O    24.04400   18.68700   35.63300  
C    23.37100   9.61200    32.68100  
H    23.17500   9.27600    31.66000  
H    24.16400   10.36400   32.72600  
H    23.70500   8.80400    33.33700  
S    21.96200   10.48600   33.40000  
C    22.49300   10.67700   35.11700  
H    21.91800   11.44800   35.63700  
H    22.25200   9.71400    35.57400  
H    23.57700   10.81000   35.14300  
O    20.85300   9.49400    33.56500  
C    20.77100   12.27000   25.73900  
H    20.82200   11.29400   26.22900  
H    21.71800   12.59900   25.30400  
H    20.39200   13.05500   26.39700  
S    19.54100   12.17300   24.42000  
C    19.66100   13.92400   23.98900  
H    19.01700   14.16200   23.13900  
H    19.33700   14.57900   24.80200  
H    20.67400   14.13300   23.63600  
O    18.31200   12.27100   25.26900  
C    20.59000   7.19900    30.97900  
H    20.33900   8.04600    30.33600  
H    20.19400   7.55100    31.93500  
H    21.65700   7.02000    31.13700  
S    19.84700   5.61300    30.53300  
C    18.14500   6.19800    30.69800  
H    17.46300   5.34500    30.65300  
H    17.99700   6.64000    31.68700  
H    17.83100   6.85400    29.88200  
O    20.07200   4.68800    31.68900  
C    29.13400   16.95000   26.96000  
H    28.05600   17.07900   26.83600  
H    29.72200   17.87100   26.96400  
H    29.39800   16.27000   26.14600  
S    29.33700   16.22600   28.60300  
C    28.15300   17.38800   29.32000  
H    27.15400   16.95500   29.41800  
H    28.60900   17.57500   30.29500  
H    28.10600   18.29800   28.71600  
O    30.70600   16.59600   29.08200  
C    18.08800   14.69100   30.70600  
H    17.61100   15.48600   31.28600  
H    17.73500   13.80500   31.23900  
H    19.15200   14.92700   30.61800  
S    17.26900   14.71500   29.09600  
C    18.65000   14.06900   28.12600  
H    19.30700   14.92900   27.97400  
H    19.15200   13.31600   28.73800  
H    18.24700   13.74500   27.16300  
O    17.30500   16.20200   28.92200  
C    20.82700   16.01900   33.13700  
H    20.37100   17.01000   33.06500  
H    21.68400   15.79100   32.49800  
H    20.05000   15.28400   32.91100  
S    21.19500   15.79100   34.89100  
C    21.43700   14.01300   34.67700  
H    22.20400   14.01400   33.89800  
H    21.89000   13.53000   35.54600  
H    20.45200   13.66300   34.35900  
O    19.87700   15.79900   35.59900  
C    27.54600   8.71200    31.33800  
H    27.73500   7.97400    32.12200  
H    27.25400   9.66200    31.79200  
H    26.72600   8.18300    30.84600  
S    28.99900   8.81300    30.26800  
C    30.13500   9.48800    31.50100  
H    30.42400   8.73900    32.24200  
H    31.05800   9.82400    31.02200  
H    29.63600   10.28900   32.05200  
O    28.71400   10.03900   29.45700  
C    18.93200   17.36400   26.34900  
H    19.82500   17.99400   26.35100  
H    18.56000   17.47000   27.37100  
H    19.09000   16.31000   26.10700  
S    17.75400   17.98100   25.12500  
C    16.66500   16.57600   25.44700  
H    16.19700   16.78800   26.41200  
H    15.93900   16.51000   24.63200  
H    17.27700   15.67100   25.46900  
O    18.33000   17.42400   23.86000  
C    18.43800   19.19300   29.30800  
H    17.97600   19.42800   28.34500  
H    18.39000   18.16300   29.67000  
H    18.03000   19.85100   30.08000  
S    20.21400   19.51100   29.21100  
C    20.45100   19.83500   30.97300  
H    21.46600   20.22700   31.08100  
H    19.78100   20.67900   31.15300  
H    20.27500   19.08800   31.75100  
O    20.24200   20.90800   28.67200  
C    27.82800   13.73000   33.25900  
H    28.06800   13.71600   34.32500  
H    27.20300   12.87000   33.00300  
H    28.79800   13.72300   32.75600  
S    26.89800   15.23700   32.89700  
C    25.47800   14.73800   33.89600  
H    25.17500   13.73000   33.60300  
H    25.76900   14.74000   34.95000  
H    24.64000   15.41900   33.73100  
O    26.64500   15.11200   31.42700  
C    29.47100   22.92800   27.44900  
H    30.40300   23.01300   28.01400  
H    29.65200   23.17900   26.40100  
H    28.64400   23.44900   27.93900  
S    29.16000   21.14800   27.46100  
C    27.67800   21.25900   26.43300  
H    26.89400   21.79200   26.97700  
H    27.94000   21.77100   25.50300  
H    27.42900   20.20200   26.31100  
O    28.55800   20.85900   28.80100  
C    29.71900   16.93800   22.11400  
H    29.94200   15.94900   21.70700  
H    29.30800   17.65900   21.40200  
H    30.64000   17.27400   22.59600  
S    28.44700   16.75600   23.38500  
C    27.15100   16.77300   22.12600  
H    27.22500   17.69800   21.54800  
H    27.27300   15.86000   21.53700  
H    26.21200   16.79100   22.68600  
O    28.39700   18.11700   24.00700  
C    18.37900   11.58400   34.53000  
H    17.64500   10.79500   34.71200  
H    18.95700   11.33800   33.63600  
H    19.08000   11.77300   35.34800  
S    17.45800   13.10300   34.20200  
C    16.54900   13.52600   35.70600  
H    16.60000   12.66200   36.37300  
H    16.89800   14.41500   36.23800  
H    15.50600   13.72900   35.45200  
O    16.42500   12.51300   33.29300  
C    24.13700   12.64000   24.04200  
H    23.32300   13.22100   23.60200  
H    24.20500   11.66700   23.54700  
H    24.02400   12.51500   25.12200  
S    25.66900   13.55000   23.74300  
C    25.16700   15.03500   24.64300  
H    24.81900   14.66900   25.61200  
H    26.00200   15.73800   24.70300  
H    24.38700   15.44200   23.99500  
O    25.57600   13.92500   22.29700  
C    25.15000   25.07700   23.20300  
H    24.19000   25.43200   23.58800  
H    25.80300   25.95300   23.18100  
H    25.04400   24.67100   22.19400  
S    25.84700   23.85700   24.34000  
C    25.64700   24.79900   25.86900  
H    26.28300   24.35800   26.64100  
H    25.87400   25.85100   25.67800  
H    24.63300   24.69200   26.26100  
O    27.31800   23.90100   24.07000  
C    17.92900   9.82500    30.78200  
H    17.73700   10.62100   31.50500  
H    17.09400   9.13300    30.64600  
H    18.89600   9.37000    31.01200  
S    18.14700   10.84600   29.30700  
C    17.28700   9.66900    28.24000  
H    16.22100   9.73000    28.47300  
H    17.48900   9.97400    27.21000  
H    17.54200   8.61300    28.36800  
O    19.61300   10.75300   29.01500  
C    29.45000   17.93800   36.43000  
H    30.47000   17.90700   36.04000  
H    29.05400   18.95300   36.34000  
H    29.30500   17.54600   37.44000  
S    28.36500   16.95900   35.36700  
C    26.85600   17.75800   35.95700  
H    27.04900   17.97800   37.01000  
H    26.57900   18.60000   35.31700  
H    25.98100   17.10300   35.96800  
O    28.21400   15.59600   35.96900  
C    23.09200   21.33300   26.43000  
H    22.03800   21.60400   26.52800  
H    23.43400   20.64000   27.20200  
H    23.63200   22.28300   26.40200  
S    23.13600   20.54900   24.80200  
C    24.88200   20.08300   24.79900  
H    25.38000   21.03200   25.01500  
H    25.02200   19.19900   25.42700  
H    25.14900   19.73700   23.79800  
O    23.09300   21.73600   23.89200  
C    21.37800   23.36700   29.77500  
H    20.55000   23.28000   29.06700  
H    22.01800   22.48700   29.67400  
H    20.98100   23.64200   30.75600  
S    22.20400   24.86500   29.19300  
C    20.85600   26.06800   29.23200  
H    20.29500   25.97400   28.29800  
H    20.31600   25.87800   30.16400  
H    21.31900   27.04600   29.07800  
O    22.48000   24.62800   27.74100  
C    19.17000   21.78300   25.25000  
H    19.41800   21.82100   26.31400  
H    18.08600   21.88000   25.14000  
H    19.37800   20.90200   24.63800  
S    20.12400   23.04000   24.37000  
C    19.42400   24.46900   25.22600  
H    19.78800   25.30900   24.62800  
H    18.33600   24.37200   25.24000  
H    19.81100   24.52900   26.24600  
O    19.40000   23.18400   23.06800  
C    25.91300   12.14000   30.18300  
H    25.52900   13.14900   30.35400  
H    25.24600   11.32100   30.46600  
H    26.90900   12.13900   30.63200  
S    26.14800   11.85000   28.41500  
C    26.92500   13.40300   27.91500  
H    27.96300   13.48900   28.24700  
H    26.99400   13.34100   26.82500  
H    26.26000   14.24100   28.13800  
O    24.74100   12.01800   27.93100  
C    25.57300   9.49600    23.69600  
H    25.82100   9.69400    22.65000  
H    24.55600   9.09900    23.75500  
H    25.73600   10.39400   24.29600  
S    26.82400   8.32100    24.26000  
C    26.41100   8.37100    26.01800  
H    25.40200   7.95400    26.07400  
H    27.17700   7.81600    26.56500  
H    26.33800   9.43200    26.27200  
O    28.12800   9.05600    24.22300  
C    20.75100   7.58900    27.04800  
H    20.20100   8.17200    27.79100  
H    20.69400   8.02300    26.04600  
H    20.29600   6.60000    26.94800  
S    22.43900   7.71700    27.68100  
C    22.60800   9.40400    27.05800  
H    22.38700   9.42300    25.98700  
H    21.94500   10.08200   27.60100  
H    23.65300   9.67400    27.23000  
O    23.20600   6.78800    26.79200  
$end

$rem
JOBTYPE  SP
METHOD  B3LYP
BASIS  6-31+G(D)
SYMMETRY  FALSE
SYM_IGNORE  TRUE
MEM_TOTAL  12000
MEM_STATIC  4000
BASIS_LIN_DEP_THRESH  6
THRESH  14
SCF_CONVERGENCE  8
FD_MAT_VEC_PROD  FALSE
XC_GRID  000075000302
NL_GRID  1
MAX_SCF_CYCLES  200
SCF_GUESS  READ_DEN
ALMO_EFIELD  TRUE
GEN_SCFMAN  FALSE
SKIP_SCFMAN  TRUE
ESP_GRID  0
ESP_EFIELD  1
$end
