$molecule
0 1
--
0 1
C    25.51900   21.40700   25.35100  
C    25.44300   22.28000   26.61500  
C    26.53100   21.95100   27.65000  
C    27.90100   21.73000   26.98700  
C    28.01800   20.89200   25.70400  
C    26.89400   21.18700   24.69800  
H    26.65500   22.81200   28.32000  
H    25.64900   23.34500   26.45700  
H    25.06600   20.42000   25.50600  
H    24.96800   21.95100   24.57500  
H    28.20800   22.74700   26.71200  
H    28.61700   21.34700   27.72500  
H    28.99300   21.17700   25.29100  
H    28.00000   19.82400   25.95300  
H    27.17100   22.06500   24.10200  
H    26.90200   20.34600   23.99300  
H    26.24900   21.10000   28.28100  
N    24.12000   22.07200   27.20000  
H    23.95600   21.42100   27.95900  
C    22.99800   22.75200   26.77600  
H    22.10500   22.52800   27.38600  
O    23.13500   23.56800   25.88100  
--
0 1
C    21.84700   27.12300   26.28600  
H    22.58000   26.41200   26.67500  
H    21.45100   26.55600   25.44000  
H    22.33400   28.07000   26.03900  
S    20.72700   27.44200   27.66800  
C    19.54500   28.43300   26.72500  
H    20.09000   29.31500   26.38100  
H    19.35300   27.82600   25.83700  
H    18.64500   28.69800   27.28600  
O    21.45900   28.42200   28.53200  
C    21.98500   28.62400   21.37900  
H    21.53400   28.37400   20.41500  
H    22.77400   29.36500   21.22600  
H    22.41700   27.77900   21.92000  
S    20.63500   29.27400   22.38900  
C    21.61800   30.16600   23.61500  
H    20.76600   30.42300   24.25000  
H    22.16900   29.40600   24.17400  
H    22.18300   31.02400   23.24200  
O    20.19300   28.08200   23.18000  
C    25.46500   17.57600   21.55400  
H    25.10600   16.93400   22.36300  
H    26.18700   18.25500   22.01500  
H    24.63600   17.96600   20.95900  
S    26.32700   16.42300   20.46200  
C    26.13900   17.30300   18.89500  
H    26.34500   16.68900   18.01500  
H    25.10200   17.61000   18.73500  
H    26.76400   18.18900   19.03100  
O    25.27100   15.36400   20.39400  
C    28.70500   18.73400   31.99500  
H    29.31900   18.99400   32.86100  
H    27.65600   18.87400   32.26900  
H    28.95700   17.72500   31.65800  
S    29.03700   19.87200   30.63100  
C    28.47200   21.39200   31.42900  
H    27.61200   21.05000   32.01000  
H    29.26900   21.85400   32.01700  
H    28.13700   21.97100   30.56400  
O    27.97600   19.46700   29.65600  
C    30.40900   24.27500   29.10800  
H    30.56400   24.45000   30.17500  
H    30.75600   25.13200   28.52400  
H    29.38100   23.99000   28.87000  
S    31.42800   22.84800   28.67000  
C    32.89500   23.83000   29.05600  
H    33.64300   23.31300   28.45000  
H    32.65700   24.86900   28.81300  
H    33.06200   23.77300   30.13500  
O    31.38200   22.68400   27.18200  
C    31.10900   18.66000   27.55100  
H    31.76300   19.45400   27.18000  
H    30.58800   18.32700   26.65000  
H    30.50300   18.99100   28.39900  
S    32.11300   17.22500   27.99500  
C    33.25900   17.11400   26.60300  
H    32.68300   16.73800   25.75300  
H    33.70200   18.07700   26.33300  
H    34.17500   16.53800   26.75800  
O    31.21200   16.04300   27.81200  
C    24.52500   18.78000   30.21600  
H    23.60900   18.40300   30.67800  
H    24.42500   18.90700   29.13500  
H    25.40100   18.16500   30.43800  
S    24.80900   20.48300   30.74900  
C    24.85900   20.13000   32.52000  
H    24.91100   21.09500   33.03100  
H    24.09000   19.43300   32.86400  
H    25.78800   19.57100   32.65600  
O    23.60300   21.31200   30.43200  
C    25.49500   26.57100   26.90900  
H    26.45300   26.91200   26.50800  
H    25.04700   25.83600   26.23600  
H    24.96800   27.51800   27.05400  
S    25.70700   25.80200   28.53100  
C    23.94400   25.93800   28.90400  
H    23.44300   25.30200   28.17100  
H    23.82800   25.50200   29.90000  
H    23.59400   26.95800   28.72900  
O    26.32800   26.94500   29.27200  
C    22.59700   22.86700   18.84100  
H    21.60900   22.52000   18.52500  
H    22.79200   23.91100   19.09700  
H    23.28800   22.48400   18.08600  
S    22.99300   21.95500   20.35000  
C    24.69400   22.48400   20.04600  
H    25.09700   22.05100   19.12700  
H    24.77600   23.57000   19.95900  
H    25.25700   22.19000   20.93600  
O    22.95500   20.47600   20.12000  
C    34.49700   21.33400   25.97400  
H    35.13900   21.79800   25.22000  
H    34.02200   20.42100   25.60500  
H    33.70100   22.00100   26.31400  
S    35.59600   21.04100   27.37800  
C    34.31000   20.30100   28.40900  
H    34.47200   19.23000   28.25900  
H    34.62100   20.58400   29.41800  
H    33.29900   20.68600   28.25900  
O    35.84500   22.40800   27.93700  
C    24.69200   24.97400   23.16700  
H    24.28900   25.47400   24.05100  
H    24.04000   25.01200   22.29000  
H    24.98500   23.93900   23.36000  
S    26.23900   25.85200   22.85300  
C    25.52100   27.44700   22.39800  
H    24.91400   27.86900   23.20200  
H    26.28100   28.18400   22.12600  
H    24.88400   27.21600   21.54000  
O    26.53900   25.35100   21.47400  
C    31.08000   25.75300   25.20200  
H    31.10200   26.65800   24.59000  
H    31.51200   26.02900   26.16700  
H    31.71600   24.98500   24.75400  
S    29.40000   25.11500   25.39300  
C    29.48900   24.34100   23.76300  
H    29.65800   25.14600   23.04300  
H    30.21200   23.52300   23.71000  
H    28.48900   23.91100   23.65900  
O    28.33800   26.15400   25.20400  
C    17.97300   20.22600   23.90100  
H    17.84300   20.95000   23.09200  
H    18.30800   20.67200   24.84000  
H    18.75600   19.55200   23.54400  
S    16.44300   19.30000   24.15800  
C    16.96500   18.59400   25.73700  
H    16.86100   19.40600   26.46200  
H    16.37100   17.68600   25.87200  
H    18.01600   18.34300   25.57500  
O    16.83200   18.16100   23.26700  
C    26.81000   17.44800   27.52000  
H    26.33800   18.28200   28.04600  
H    27.60500   17.78900   26.85400  
H    26.06900   16.93300   26.90300  
S    27.39900   16.40000   28.86900  
C    28.07600   15.24000   27.66000  
H    28.68700   15.72800   26.89600  
H    28.75000   14.52200   28.13400  
H    27.25600   14.74300   27.13600  
O    26.18200   15.83100   29.53100  
C    34.04100   22.55900   32.27300  
H    33.83200   21.67700   31.66300  
H    34.39100   23.38200   31.64500  
H    34.80600   22.48900   33.05100  
S    32.45300   23.08200   32.95900  
C    32.14300   21.53500   33.84100  
H    31.07800   21.63200   34.07000  
H    32.36100   20.74400   33.11900  
H    32.73800   21.56300   34.75800  
O    31.51300   22.93400   31.80300  
C    31.03200   20.55400   23.06500  
H    30.13300   19.96000   23.24900  
H    31.22300   21.05900   24.01500  
H    30.92000   21.29500   22.27000  
S    32.47900   19.49900   22.81800  
C    31.54800   18.51100   21.62500  
H    32.16000   17.97800   20.89200  
H    30.91100   17.78300   22.13300  
H    30.76000   19.07900   21.12400  
O    32.60000   18.75800   24.11200  
C    28.43900   23.30300   19.89600  
H    27.81200   23.66600   19.07800  
H    27.84800   23.00800   20.76700  
H    29.10700   24.11900   20.18400  
S    29.34000   21.85600   19.29500  
C    28.32000   20.61900   20.12800  
H    28.32200   20.75800   21.21200  
H    27.36100   20.76000   19.62200  
H    28.64600   19.59700   19.91800  
O    30.68300   21.74600   19.94800  
C    20.63600   23.86100   30.36300  
H    20.76800   24.37000   29.40500  
H    21.61300   23.46300   30.65200  
H    19.87800   23.08900   30.21200  
S    20.31900   25.00600   31.72500  
C    18.79900   25.65200   30.99200  
H    18.34700   26.08500   31.88800  
H    19.16700   26.46900   30.36600  
H    18.17100   24.91400   30.48600  
O    21.16300   26.24200   31.67100  
C    27.16600   16.11500   24.25900  
H    26.93300   16.93500   24.94300  
H    26.33200   15.97700   23.56600  
H    27.28200   15.23500   24.89600  
S    28.64600   16.57100   23.32800  
C    29.89900   16.62400   24.63000  
H    29.55300   17.29900   25.41700  
H    30.11100   15.62500   25.01900  
H    30.80700   16.94400   24.11300  
O    28.35800   17.96200   22.85600  
C    19.37900   21.40000   28.34200  
H    18.83700   21.21100   29.27300  
H    20.25800   22.02700   28.51400  
H    18.71300   21.86500   27.61100  
S    19.89300   19.81100   27.65400  
C    20.91800   19.41100   29.08700  
H    21.92200   19.83300   29.17500  
H    20.31600   19.70200   29.95200  
H    20.92500   18.31800   29.04600  
O    20.95400   20.26900   26.70200  
C    16.65900   26.39000   27.39400  
H    16.65700   25.92900   28.38500  
H    17.22100   27.32400   27.47300  
H    15.63000   26.56800   27.07000  
S    17.54300   25.14300   26.43100  
C    16.21800   23.96400   26.77500  
H    15.90900   24.07300   27.81800  
H    15.37500   24.15100   26.10600  
H    16.61900   22.97300   26.54600  
O    18.67900   24.64500   27.27000  
C    21.20700   21.55700   23.67500  
H    21.28700   20.69600   23.00700  
H    22.16000   21.84200   24.12700  
H    20.52700   21.35600   24.50700  
S    20.63000   23.05700   22.84900  
C    20.30300   24.10400   24.28500  
H    19.37600   23.77400   24.76000  
H    21.11200   23.95200   25.00500  
H    20.37200   25.13400   23.92800  
O    19.25800   22.69000   22.37600  
C    35.22500   23.18100   21.96200  
H    36.14500   23.23900   22.54800  
H    35.20800   22.17400   21.53700  
H    35.20300   23.94400   21.17900  
S    33.69600   23.55700   22.84800  
C    32.54600   23.67800   21.45900  
H    31.53400   23.84600   21.83500  
H    32.80100   24.55200   20.85500  
H    32.68700   22.76500   20.87400  
O    33.85200   24.97700   23.29800  
C    25.10600   25.58100   32.95500  
H    25.30800   25.62100   34.02900  
H    25.91100   25.99700   32.34400  
H    24.17100   26.08500   32.70000  
S    25.00400   23.86600   32.39400  
C    23.63400   23.55200   33.53000  
H    23.56100   22.46200   33.51700  
H    23.93800   23.99600   34.48100  
H    22.70600   23.91500   33.08000  
O    26.21300   23.31200   33.08100  
C    23.10100   17.80700   26.65000  
H    22.11700   18.09300   27.02900  
H    23.54500   17.04600   27.29800  
H    23.69800   18.71700   26.75200  
S    22.96000   17.33500   24.91200  
C    21.63400   16.11200   25.00800  
H    20.84100   16.42900   25.69000  
H    21.20300   15.91700   24.02200  
H    22.08700   15.20200   25.40900  
O    24.20700   16.53800   24.68300  
C    31.74500   27.47000   28.96000  
H    32.67500   27.92600   29.30700  
H    31.22400   26.84700   29.69100  
H    31.95100   27.04000   27.97600  
S    30.67300   28.91600   28.81100  
C    29.20400   27.96000   28.37100  
H    28.81500   27.22800   29.08200  
H    28.45100   28.72300   28.15600  
H    29.41700   27.38700   27.46400  
O    31.08600   29.55900   27.52400  
$end

$rem
JOBTYPE  SP
METHOD  B3LYP
BASIS  6-31+G(D)
SYMMETRY  FALSE
SYM_IGNORE  TRUE
MEM_TOTAL  12000
MEM_STATIC  4000
BASIS_LIN_DEP_THRESH  6
THRESH  14
SCF_CONVERGENCE  8
FD_MAT_VEC_PROD  FALSE
XC_GRID  000075000302
NL_GRID  1
MAX_SCF_CYCLES  200
FRGM_METHOD  STOLL
SCFMI_MODE  1
ALMO_EFIELD  TRUE
$end

$rem_frgm
SCF_CONVERGENCE  4
$end


@@@

$molecule
0 1
@C    25.51900   21.40700   25.35100  
@C    25.44300   22.28000   26.61500  
@C    26.53100   21.95100   27.65000  
@C    27.90100   21.73000   26.98700  
@C    28.01800   20.89200   25.70400  
@C    26.89400   21.18700   24.69800  
@H    26.65500   22.81200   28.32000  
@H    25.64900   23.34500   26.45700  
@H    25.06600   20.42000   25.50600  
@H    24.96800   21.95100   24.57500  
@H    28.20800   22.74700   26.71200  
@H    28.61700   21.34700   27.72500  
@H    28.99300   21.17700   25.29100  
@H    28.00000   19.82400   25.95300  
@H    27.17100   22.06500   24.10200  
@H    26.90200   20.34600   23.99300  
@H    26.24900   21.10000   28.28100  
@N    24.12000   22.07200   27.20000  
@H    23.95600   21.42100   27.95900  
@C    22.99800   22.75200   26.77600  
@H    22.10500   22.52800   27.38600  
@O    23.13500   23.56800   25.88100  
C    21.84700   27.12300   26.28600  
H    22.58000   26.41200   26.67500  
H    21.45100   26.55600   25.44000  
H    22.33400   28.07000   26.03900  
S    20.72700   27.44200   27.66800  
C    19.54500   28.43300   26.72500  
H    20.09000   29.31500   26.38100  
H    19.35300   27.82600   25.83700  
H    18.64500   28.69800   27.28600  
O    21.45900   28.42200   28.53200  
C    21.98500   28.62400   21.37900  
H    21.53400   28.37400   20.41500  
H    22.77400   29.36500   21.22600  
H    22.41700   27.77900   21.92000  
S    20.63500   29.27400   22.38900  
C    21.61800   30.16600   23.61500  
H    20.76600   30.42300   24.25000  
H    22.16900   29.40600   24.17400  
H    22.18300   31.02400   23.24200  
O    20.19300   28.08200   23.18000  
C    25.46500   17.57600   21.55400  
H    25.10600   16.93400   22.36300  
H    26.18700   18.25500   22.01500  
H    24.63600   17.96600   20.95900  
S    26.32700   16.42300   20.46200  
C    26.13900   17.30300   18.89500  
H    26.34500   16.68900   18.01500  
H    25.10200   17.61000   18.73500  
H    26.76400   18.18900   19.03100  
O    25.27100   15.36400   20.39400  
C    28.70500   18.73400   31.99500  
H    29.31900   18.99400   32.86100  
H    27.65600   18.87400   32.26900  
H    28.95700   17.72500   31.65800  
S    29.03700   19.87200   30.63100  
C    28.47200   21.39200   31.42900  
H    27.61200   21.05000   32.01000  
H    29.26900   21.85400   32.01700  
H    28.13700   21.97100   30.56400  
O    27.97600   19.46700   29.65600  
C    30.40900   24.27500   29.10800  
H    30.56400   24.45000   30.17500  
H    30.75600   25.13200   28.52400  
H    29.38100   23.99000   28.87000  
S    31.42800   22.84800   28.67000  
C    32.89500   23.83000   29.05600  
H    33.64300   23.31300   28.45000  
H    32.65700   24.86900   28.81300  
H    33.06200   23.77300   30.13500  
O    31.38200   22.68400   27.18200  
C    31.10900   18.66000   27.55100  
H    31.76300   19.45400   27.18000  
H    30.58800   18.32700   26.65000  
H    30.50300   18.99100   28.39900  
S    32.11300   17.22500   27.99500  
C    33.25900   17.11400   26.60300  
H    32.68300   16.73800   25.75300  
H    33.70200   18.07700   26.33300  
H    34.17500   16.53800   26.75800  
O    31.21200   16.04300   27.81200  
C    24.52500   18.78000   30.21600  
H    23.60900   18.40300   30.67800  
H    24.42500   18.90700   29.13500  
H    25.40100   18.16500   30.43800  
S    24.80900   20.48300   30.74900  
C    24.85900   20.13000   32.52000  
H    24.91100   21.09500   33.03100  
H    24.09000   19.43300   32.86400  
H    25.78800   19.57100   32.65600  
O    23.60300   21.31200   30.43200  
C    25.49500   26.57100   26.90900  
H    26.45300   26.91200   26.50800  
H    25.04700   25.83600   26.23600  
H    24.96800   27.51800   27.05400  
S    25.70700   25.80200   28.53100  
C    23.94400   25.93800   28.90400  
H    23.44300   25.30200   28.17100  
H    23.82800   25.50200   29.90000  
H    23.59400   26.95800   28.72900  
O    26.32800   26.94500   29.27200  
C    22.59700   22.86700   18.84100  
H    21.60900   22.52000   18.52500  
H    22.79200   23.91100   19.09700  
H    23.28800   22.48400   18.08600  
S    22.99300   21.95500   20.35000  
C    24.69400   22.48400   20.04600  
H    25.09700   22.05100   19.12700  
H    24.77600   23.57000   19.95900  
H    25.25700   22.19000   20.93600  
O    22.95500   20.47600   20.12000  
C    34.49700   21.33400   25.97400  
H    35.13900   21.79800   25.22000  
H    34.02200   20.42100   25.60500  
H    33.70100   22.00100   26.31400  
S    35.59600   21.04100   27.37800  
C    34.31000   20.30100   28.40900  
H    34.47200   19.23000   28.25900  
H    34.62100   20.58400   29.41800  
H    33.29900   20.68600   28.25900  
O    35.84500   22.40800   27.93700  
C    24.69200   24.97400   23.16700  
H    24.28900   25.47400   24.05100  
H    24.04000   25.01200   22.29000  
H    24.98500   23.93900   23.36000  
S    26.23900   25.85200   22.85300  
C    25.52100   27.44700   22.39800  
H    24.91400   27.86900   23.20200  
H    26.28100   28.18400   22.12600  
H    24.88400   27.21600   21.54000  
O    26.53900   25.35100   21.47400  
C    31.08000   25.75300   25.20200  
H    31.10200   26.65800   24.59000  
H    31.51200   26.02900   26.16700  
H    31.71600   24.98500   24.75400  
S    29.40000   25.11500   25.39300  
C    29.48900   24.34100   23.76300  
H    29.65800   25.14600   23.04300  
H    30.21200   23.52300   23.71000  
H    28.48900   23.91100   23.65900  
O    28.33800   26.15400   25.20400  
C    17.97300   20.22600   23.90100  
H    17.84300   20.95000   23.09200  
H    18.30800   20.67200   24.84000  
H    18.75600   19.55200   23.54400  
S    16.44300   19.30000   24.15800  
C    16.96500   18.59400   25.73700  
H    16.86100   19.40600   26.46200  
H    16.37100   17.68600   25.87200  
H    18.01600   18.34300   25.57500  
O    16.83200   18.16100   23.26700  
C    26.81000   17.44800   27.52000  
H    26.33800   18.28200   28.04600  
H    27.60500   17.78900   26.85400  
H    26.06900   16.93300   26.90300  
S    27.39900   16.40000   28.86900  
C    28.07600   15.24000   27.66000  
H    28.68700   15.72800   26.89600  
H    28.75000   14.52200   28.13400  
H    27.25600   14.74300   27.13600  
O    26.18200   15.83100   29.53100  
C    34.04100   22.55900   32.27300  
H    33.83200   21.67700   31.66300  
H    34.39100   23.38200   31.64500  
H    34.80600   22.48900   33.05100  
S    32.45300   23.08200   32.95900  
C    32.14300   21.53500   33.84100  
H    31.07800   21.63200   34.07000  
H    32.36100   20.74400   33.11900  
H    32.73800   21.56300   34.75800  
O    31.51300   22.93400   31.80300  
C    31.03200   20.55400   23.06500  
H    30.13300   19.96000   23.24900  
H    31.22300   21.05900   24.01500  
H    30.92000   21.29500   22.27000  
S    32.47900   19.49900   22.81800  
C    31.54800   18.51100   21.62500  
H    32.16000   17.97800   20.89200  
H    30.91100   17.78300   22.13300  
H    30.76000   19.07900   21.12400  
O    32.60000   18.75800   24.11200  
C    28.43900   23.30300   19.89600  
H    27.81200   23.66600   19.07800  
H    27.84800   23.00800   20.76700  
H    29.10700   24.11900   20.18400  
S    29.34000   21.85600   19.29500  
C    28.32000   20.61900   20.12800  
H    28.32200   20.75800   21.21200  
H    27.36100   20.76000   19.62200  
H    28.64600   19.59700   19.91800  
O    30.68300   21.74600   19.94800  
C    20.63600   23.86100   30.36300  
H    20.76800   24.37000   29.40500  
H    21.61300   23.46300   30.65200  
H    19.87800   23.08900   30.21200  
S    20.31900   25.00600   31.72500  
C    18.79900   25.65200   30.99200  
H    18.34700   26.08500   31.88800  
H    19.16700   26.46900   30.36600  
H    18.17100   24.91400   30.48600  
O    21.16300   26.24200   31.67100  
C    27.16600   16.11500   24.25900  
H    26.93300   16.93500   24.94300  
H    26.33200   15.97700   23.56600  
H    27.28200   15.23500   24.89600  
S    28.64600   16.57100   23.32800  
C    29.89900   16.62400   24.63000  
H    29.55300   17.29900   25.41700  
H    30.11100   15.62500   25.01900  
H    30.80700   16.94400   24.11300  
O    28.35800   17.96200   22.85600  
C    19.37900   21.40000   28.34200  
H    18.83700   21.21100   29.27300  
H    20.25800   22.02700   28.51400  
H    18.71300   21.86500   27.61100  
S    19.89300   19.81100   27.65400  
C    20.91800   19.41100   29.08700  
H    21.92200   19.83300   29.17500  
H    20.31600   19.70200   29.95200  
H    20.92500   18.31800   29.04600  
O    20.95400   20.26900   26.70200  
C    16.65900   26.39000   27.39400  
H    16.65700   25.92900   28.38500  
H    17.22100   27.32400   27.47300  
H    15.63000   26.56800   27.07000  
S    17.54300   25.14300   26.43100  
C    16.21800   23.96400   26.77500  
H    15.90900   24.07300   27.81800  
H    15.37500   24.15100   26.10600  
H    16.61900   22.97300   26.54600  
O    18.67900   24.64500   27.27000  
C    21.20700   21.55700   23.67500  
H    21.28700   20.69600   23.00700  
H    22.16000   21.84200   24.12700  
H    20.52700   21.35600   24.50700  
S    20.63000   23.05700   22.84900  
C    20.30300   24.10400   24.28500  
H    19.37600   23.77400   24.76000  
H    21.11200   23.95200   25.00500  
H    20.37200   25.13400   23.92800  
O    19.25800   22.69000   22.37600  
C    35.22500   23.18100   21.96200  
H    36.14500   23.23900   22.54800  
H    35.20800   22.17400   21.53700  
H    35.20300   23.94400   21.17900  
S    33.69600   23.55700   22.84800  
C    32.54600   23.67800   21.45900  
H    31.53400   23.84600   21.83500  
H    32.80100   24.55200   20.85500  
H    32.68700   22.76500   20.87400  
O    33.85200   24.97700   23.29800  
C    25.10600   25.58100   32.95500  
H    25.30800   25.62100   34.02900  
H    25.91100   25.99700   32.34400  
H    24.17100   26.08500   32.70000  
S    25.00400   23.86600   32.39400  
C    23.63400   23.55200   33.53000  
H    23.56100   22.46200   33.51700  
H    23.93800   23.99600   34.48100  
H    22.70600   23.91500   33.08000  
O    26.21300   23.31200   33.08100  
C    23.10100   17.80700   26.65000  
H    22.11700   18.09300   27.02900  
H    23.54500   17.04600   27.29800  
H    23.69800   18.71700   26.75200  
S    22.96000   17.33500   24.91200  
C    21.63400   16.11200   25.00800  
H    20.84100   16.42900   25.69000  
H    21.20300   15.91700   24.02200  
H    22.08700   15.20200   25.40900  
O    24.20700   16.53800   24.68300  
C    31.74500   27.47000   28.96000  
H    32.67500   27.92600   29.30700  
H    31.22400   26.84700   29.69100  
H    31.95100   27.04000   27.97600  
S    30.67300   28.91600   28.81100  
C    29.20400   27.96000   28.37100  
H    28.81500   27.22800   29.08200  
H    28.45100   28.72300   28.15600  
H    29.41700   27.38700   27.46400  
O    31.08600   29.55900   27.52400  
$end

$rem
JOBTYPE  SP
METHOD  B3LYP
BASIS  6-31+G(D)
SYMMETRY  FALSE
SYM_IGNORE  TRUE
MEM_TOTAL  12000
MEM_STATIC  4000
BASIS_LIN_DEP_THRESH  6
THRESH  14
SCF_CONVERGENCE  8
FD_MAT_VEC_PROD  FALSE
XC_GRID  000075000302
NL_GRID  1
MAX_SCF_CYCLES  200
SCF_GUESS  READ_DEN
ALMO_EFIELD  TRUE
GEN_SCFMAN  FALSE
SKIP_SCFMAN  TRUE
ESP_GRID  0
ESP_EFIELD  1
$end
