$molecule
0 1
--
0 1
C    25.01100   31.71900   26.04800  
C    26.17500   30.78100   26.40700  
C    25.71700   29.32900   26.19300  
C    25.26300   28.96600   24.77000  
C    24.15600   29.97300   24.41700  
C    24.54800   31.44700   24.60700  
H    26.58600   28.74600   26.52400  
H    27.00900   31.00800   25.73200  
H    24.11900   31.66800   26.68600  
H    25.35000   32.74700   26.22000  
H    26.04800   28.94100   24.00400  
H    24.80000   27.97200   24.78400  
H    23.67500   29.79700   23.44700  
H    23.33100   29.78400   25.11500  
H    25.34500   31.85500   23.97300  
H    23.60600   31.93000   24.32200  
H    24.91100   29.14100   26.91200  
N    26.58600   30.94200   27.80100  
H    26.13800   30.40200   28.53100  
C    27.42400   31.94300   28.24600  
H    27.48200   31.92900   29.34900  
O    27.95500   32.77600   27.53300  
--
0 1
C    22.49000   25.41600   21.68800  
H    22.71300   24.39900   21.35500  
H    22.08500   25.33900   22.70100  
H    21.76400   26.00400   21.12000  
S    24.07500   26.27800   21.59100  
C    24.13100   26.31100   19.78500  
H    24.53000   25.31100   19.59400  
H    23.15500   26.35400   19.29400  
H    24.83200   27.07500   19.44200  
O    25.04900   25.20600   21.96800  
C    31.31500   31.63100   29.78800  
H    31.27800   30.85200   30.55300  
H    30.45700   32.30800   29.75900  
H    31.57200   31.22300   28.80700  
S    32.69800   32.72700   30.17600  
C    31.91700   33.44300   31.63900  
H    31.49300   32.66800   32.28200  
H    32.60400   34.11600   32.15900  
H    31.04100   33.97600   31.26100  
O    32.53400   33.83000   29.17600  
C    26.99700   35.61500   25.81300  
H    26.32300   36.28200   26.35700  
H    27.10800   34.68300   26.37300  
H    27.98900   36.05500   25.68400  
S    26.30400   35.03000   24.25000  
C    27.76000   34.22800   23.54000  
H    28.02400   33.35800   24.14600  
H    27.51100   33.79700   22.56700  
H    28.50200   35.03100   23.55500  
O    26.21100   36.29300   23.45300  
C    26.40900   31.70100   20.14600  
H    26.75300   32.11300   21.09900  
H    25.61400   32.33600   19.74700  
H    26.11800   30.65100   20.23000  
S    27.82300   31.86600   19.03300  
C    28.95700   31.05400   20.18300  
H    28.94200   29.97300   20.34800  
H    29.97100   31.35200   19.90500  
H    28.83900   31.64200   21.09700  
O    27.95500   33.35700   19.04500  
C    31.84200   31.32600   25.42500  
H    31.85700   32.36800   25.75500  
H    32.04600   30.62600   26.23900  
H    32.35300   31.05700   24.49700  
S    30.10600   31.11300   24.97200  
C    30.19100   29.34400   24.61500  
H    30.54300   28.86000   25.53000  
H    29.25400   28.96900   24.19500  
H    30.93900   29.18600   23.83400  
O    29.93800   31.70500   23.60800  
C    24.68000   25.47200   29.88500  
H    25.60400   25.67200   30.43400  
H    23.81000   25.75300   30.48400  
H    24.69700   24.43000   29.55500  
S    24.68300   26.45700   28.37000  
C    23.06900   25.82800   27.85600  
H    23.12500   24.73800   27.90800  
H    22.23500   26.24800   28.42400  
H    22.88500   26.11300   26.81700  
O    25.53000   25.61600   27.46700  
C    24.28200   24.05200   25.08500  
H    23.54700   24.83300   24.87400  
H    23.97000   23.75100   26.08800  
H    25.29500   24.46000   25.14000  
S    24.08400   22.61300   24.01100  
C    22.54300   22.05000   24.76800  
H    22.31500   21.07000   24.34100  
H    22.53900   21.96500   25.85700  
H    21.78900   22.68700   24.29800  
O    25.22800   21.78700   24.51100  
C    21.54400   37.78500   23.26400  
H    21.20400   38.48500   22.49600  
H    22.08500   38.31100   24.05400  
H    22.20800   37.11500   22.71300  
S    20.15400   37.00900   24.12100  
C    19.52300   36.47800   22.51300  
H    18.81200   35.67700   22.73400  
H    19.00300   37.32500   22.05800  
H    20.26700   36.17800   21.77100  
O    19.42700   38.23700   24.57100  
C    30.58300   35.33600   35.24500  
H    29.71000   35.02700   35.82600  
H    31.17900   34.49800   34.87500  
H    31.07700   36.25400   35.57300  
S    29.74400   35.70800   33.68800  
C    31.04200   36.64800   32.85300  
H    31.42900   37.29100   33.64700  
H    31.84100   35.99800   32.48800  
H    30.52000   37.26100   32.11400  
O    28.72800   36.76900   33.97600  
C    30.80300   27.18800   21.55600  
H    31.06800   28.13900   22.02400  
H    30.45200   26.42500   22.25500  
H    31.66800   26.76500   21.03800  
S    29.67300   27.30200   20.15000  
C    28.12400   27.48900   21.06100  
H    28.06000   26.60700   21.70400  
H    28.15800   28.45000   21.58000  
H    27.34800   27.51700   20.29100  
O    29.79500   25.91400   19.60300  
C    22.81100   32.56800   21.53100  
H    22.33300   31.85100   22.20300  
H    22.63300   32.36400   20.47200  
H    23.86500   32.50400   21.81300  
S    22.28600   34.23900   21.97600  
C    23.72100   35.05100   21.23600  
H    24.69800   34.75800   21.62900  
H    23.77700   34.80000   20.17400  
H    23.73400   36.13700   21.35600  
O    22.64800   34.14700   23.42600  
C    19.53700   30.18500   29.69900  
H    19.75900   29.38700   30.41300  
H    20.22700   31.01500   29.86700  
H    18.53500   30.59600   29.84400  
S    19.77900   29.63900   27.99400  
C    18.55400   28.32300   28.17000  
H    17.54600   28.68800   27.95600  
H    18.74500   27.46000   27.52700  
H    18.72500   27.96800   29.19000  
O    21.07900   28.89700   28.03500  
C    29.35000   35.42600   29.23000  
H    30.24200   34.79900   29.15000  
H    29.11700   35.49800   30.29500  
H    28.47500   34.95600   28.77400  
S    29.62600   37.01400   28.41300  
C    30.89500   36.38400   27.29200  
H    30.37800   35.64300   26.67800  
H    31.25200   37.20500   26.66500  
H    31.71900   35.92900   27.84700  
O    30.37300   37.80100   29.44400  
C    30.38500   39.53100   23.31900  
H    31.35000   39.25600   22.88600  
H    29.92100   40.28800   22.68100  
H    30.49300   39.85600   24.35700  
S    29.30100   38.08700   23.37000  
C    27.98600   39.05100   24.15100  
H    27.59500   39.70000   23.36400  
H    27.30500   38.26800   24.49400  
H    28.33300   39.61500   25.02000  
O    29.90700   37.46100   24.58700  
C    19.21200   26.22000   23.87400  
H    18.70200   25.25700   23.96300  
H    18.52400   27.06800   23.83100  
H    19.75200   26.31900   22.92800  
S    20.35200   26.35600   25.26900  
C    21.24200   27.69000   24.43600  
H    21.29000   27.46500   23.36800  
H    20.62200   28.59000   24.47000  
H    22.18300   27.87100   24.96300  
O    21.26900   25.19600   25.03700  
C    22.87100   29.09600   30.92700  
H    23.06400   28.06000   31.21800  
H    22.22300   29.69300   31.57400  
H    22.45600   29.20000   29.92100  
S    24.44600   29.96900   30.77500  
C    23.85000   31.17800   29.57100  
H    23.15800   31.80900   30.13500  
H    24.70000   31.80100   29.28300  
H    23.41300   30.61200   28.74400  
O    25.41100   29.10200   30.02900  
C    28.72100   27.26600   27.53400  
H    28.73500   27.39100   26.44900  
H    28.47600   26.22100   27.74200  
H    27.92500   27.85900   27.99100  
S    30.30000   27.60500   28.34500  
C    29.63300   27.75900   30.01800  
H    28.75000   28.40100   30.05900  
H    29.29500   26.78600   30.38300  
H    30.39900   28.12800   30.70400  
O    30.53400   29.03800   27.98100  
C    20.10500   28.71000   19.40700  
H    20.44800   27.73100   19.75200  
H    19.01400   28.75400   19.44800  
H    20.41200   28.73500   18.35800  
S    20.93400   30.03100   20.32000  
C    22.54700   29.63500   19.60600  
H    22.43200   29.63300   18.51900  
H    23.14300   30.46200   20.00100  
H    22.79600   28.63300   19.96300  
O    21.03300   29.60700   21.75200  
C    33.31600   33.50500   22.73300  
H    33.99800   33.87300   23.50400  
H    33.11700   32.53100   23.18700  
H    33.74500   33.35800   21.73800  
S    31.90300   34.62900   22.67100  
C    31.17800   33.84400   21.21400  
H    31.11600   32.77000   21.40600  
H    30.22100   34.29700   20.94300  
H    31.88500   33.97500   20.39100  
O    32.47200   35.86700   22.05200  
C    23.14100   34.90800   27.36800  
H    23.62500   35.68400   26.77100  
H    23.19500   35.01700   28.45400  
H    23.46500   33.89900   27.10000  
S    21.41300   34.96300   26.84200  
C    20.93500   36.50300   27.65900  
H    19.84500   36.56800   27.70300  
H    21.30100   36.46600   28.68800  
H    21.39100   37.35500   27.14800  
O    20.84200   33.86100   27.67900  
C    18.92800   31.45200   23.03300  
H    19.62000   32.18100   22.60300  
H    19.15500   30.46400   22.62400  
H    17.91900   31.64000   22.65900  
S    18.97000   31.31800   24.83400  
C    20.77000   31.29300   24.98200  
H    21.08400   32.29600   24.68000  
H    20.98300   31.09800   26.03600  
H    21.13000   30.46900   24.36000  
O    18.51200   29.90300   25.00800  
C    28.52700   22.41700   25.27800  
H    27.44500   22.27000   25.25800  
H    28.93800   22.28200   24.27400  
H    28.91100   21.76000   26.06300  
S    28.94700   24.11500   25.73200  
C    28.38400   24.87200   24.19000  
H    27.45600   24.34400   23.95300  
H    28.29700   25.96000   24.24000  
H    29.02500   24.46000   23.40700  
O    30.42700   24.31100   25.62300  
C    29.61100   30.25900   32.85900  
H    29.17300   29.49900   33.51100  
H    29.58000   29.90900   31.82400  
H    30.63200   30.47200   33.18600  
S    28.66400   31.78700   33.04500  
C    27.21400   30.86500   32.48400  
H    27.55900   30.43100   31.54200  
H    26.97300   30.00600   33.11400  
H    26.40800   31.58100   32.30500  
O    28.95700   32.70800   31.90100  
C    26.19500   35.04800   30.04600  
H    25.58800   34.67200   29.21800  
H    26.38700   36.11900   29.93800  
H    27.12300   34.48600   30.18600  
S    25.10800   34.77500   31.46300  
C    26.40700   35.26300   32.61900  
H    26.88500   36.21700   32.38500  
H    26.01300   35.37000   33.63300  
H    27.12400   34.44400   32.51700  
O    24.88500   33.30100   31.60200  
$end

$rem
JOBTYPE  SP
METHOD  B3LYP
BASIS  6-31+G(D)
SYMMETRY  FALSE
SYM_IGNORE  TRUE
MEM_TOTAL  16000
MEM_STATIC  8000
MAX_SUB_FILE_NUM  16000
BASIS_LIN_DEP_THRESH  6
THRESH  14
SCF_CONVERGENCE  8
GEN_SCFMAN  TRUE
SCF_GUESS  FRAGMO
FD_MAT_VEC_PROD  FALSE
XC_GRID  000075000302
NL_GRID  1
MAX_SCF_CYCLES  200
FRGM_METHOD  STOLL
SCFMI_MODE  1
$end

$development
almo_efield  1
$end

$rem_frgm
SCF_CONVERGENCE  4
$end

@@@

$molecule
0 1
@C    25.01100   31.71900   26.04800  
@C    26.17500   30.78100   26.40700  
@C    25.71700   29.32900   26.19300  
@C    25.26300   28.96600   24.77000  
@C    24.15600   29.97300   24.41700  
@C    24.54800   31.44700   24.60700  
@H    26.58600   28.74600   26.52400  
@H    27.00900   31.00800   25.73200  
@H    24.11900   31.66800   26.68600  
@H    25.35000   32.74700   26.22000  
@H    26.04800   28.94100   24.00400  
@H    24.80000   27.97200   24.78400  
@H    23.67500   29.79700   23.44700  
@H    23.33100   29.78400   25.11500  
@H    25.34500   31.85500   23.97300  
@H    23.60600   31.93000   24.32200  
@H    24.91100   29.14100   26.91200  
@N    26.58600   30.94200   27.80100  
@H    26.13800   30.40200   28.53100  
@C    27.42400   31.94300   28.24600  
@H    27.48200   31.92900   29.34900  
@O    27.95500   32.77600   27.53300  
C    22.49000   25.41600   21.68800  
H    22.71300   24.39900   21.35500  
H    22.08500   25.33900   22.70100  
H    21.76400   26.00400   21.12000  
S    24.07500   26.27800   21.59100  
C    24.13100   26.31100   19.78500  
H    24.53000   25.31100   19.59400  
H    23.15500   26.35400   19.29400  
H    24.83200   27.07500   19.44200  
O    25.04900   25.20600   21.96800  
C    31.31500   31.63100   29.78800  
H    31.27800   30.85200   30.55300  
H    30.45700   32.30800   29.75900  
H    31.57200   31.22300   28.80700  
S    32.69800   32.72700   30.17600  
C    31.91700   33.44300   31.63900  
H    31.49300   32.66800   32.28200  
H    32.60400   34.11600   32.15900  
H    31.04100   33.97600   31.26100  
O    32.53400   33.83000   29.17600  
C    26.99700   35.61500   25.81300  
H    26.32300   36.28200   26.35700  
H    27.10800   34.68300   26.37300  
H    27.98900   36.05500   25.68400  
S    26.30400   35.03000   24.25000  
C    27.76000   34.22800   23.54000  
H    28.02400   33.35800   24.14600  
H    27.51100   33.79700   22.56700  
H    28.50200   35.03100   23.55500  
O    26.21100   36.29300   23.45300  
C    26.40900   31.70100   20.14600  
H    26.75300   32.11300   21.09900  
H    25.61400   32.33600   19.74700  
H    26.11800   30.65100   20.23000  
S    27.82300   31.86600   19.03300  
C    28.95700   31.05400   20.18300  
H    28.94200   29.97300   20.34800  
H    29.97100   31.35200   19.90500  
H    28.83900   31.64200   21.09700  
O    27.95500   33.35700   19.04500  
C    31.84200   31.32600   25.42500  
H    31.85700   32.36800   25.75500  
H    32.04600   30.62600   26.23900  
H    32.35300   31.05700   24.49700  
S    30.10600   31.11300   24.97200  
C    30.19100   29.34400   24.61500  
H    30.54300   28.86000   25.53000  
H    29.25400   28.96900   24.19500  
H    30.93900   29.18600   23.83400  
O    29.93800   31.70500   23.60800  
C    24.68000   25.47200   29.88500  
H    25.60400   25.67200   30.43400  
H    23.81000   25.75300   30.48400  
H    24.69700   24.43000   29.55500  
S    24.68300   26.45700   28.37000  
C    23.06900   25.82800   27.85600  
H    23.12500   24.73800   27.90800  
H    22.23500   26.24800   28.42400  
H    22.88500   26.11300   26.81700  
O    25.53000   25.61600   27.46700  
C    24.28200   24.05200   25.08500  
H    23.54700   24.83300   24.87400  
H    23.97000   23.75100   26.08800  
H    25.29500   24.46000   25.14000  
S    24.08400   22.61300   24.01100  
C    22.54300   22.05000   24.76800  
H    22.31500   21.07000   24.34100  
H    22.53900   21.96500   25.85700  
H    21.78900   22.68700   24.29800  
O    25.22800   21.78700   24.51100  
C    21.54400   37.78500   23.26400  
H    21.20400   38.48500   22.49600  
H    22.08500   38.31100   24.05400  
H    22.20800   37.11500   22.71300  
S    20.15400   37.00900   24.12100  
C    19.52300   36.47800   22.51300  
H    18.81200   35.67700   22.73400  
H    19.00300   37.32500   22.05800  
H    20.26700   36.17800   21.77100  
O    19.42700   38.23700   24.57100  
C    30.58300   35.33600   35.24500  
H    29.71000   35.02700   35.82600  
H    31.17900   34.49800   34.87500  
H    31.07700   36.25400   35.57300  
S    29.74400   35.70800   33.68800  
C    31.04200   36.64800   32.85300  
H    31.42900   37.29100   33.64700  
H    31.84100   35.99800   32.48800  
H    30.52000   37.26100   32.11400  
O    28.72800   36.76900   33.97600  
C    30.80300   27.18800   21.55600  
H    31.06800   28.13900   22.02400  
H    30.45200   26.42500   22.25500  
H    31.66800   26.76500   21.03800  
S    29.67300   27.30200   20.15000  
C    28.12400   27.48900   21.06100  
H    28.06000   26.60700   21.70400  
H    28.15800   28.45000   21.58000  
H    27.34800   27.51700   20.29100  
O    29.79500   25.91400   19.60300  
C    22.81100   32.56800   21.53100  
H    22.33300   31.85100   22.20300  
H    22.63300   32.36400   20.47200  
H    23.86500   32.50400   21.81300  
S    22.28600   34.23900   21.97600  
C    23.72100   35.05100   21.23600  
H    24.69800   34.75800   21.62900  
H    23.77700   34.80000   20.17400  
H    23.73400   36.13700   21.35600  
O    22.64800   34.14700   23.42600  
C    19.53700   30.18500   29.69900  
H    19.75900   29.38700   30.41300  
H    20.22700   31.01500   29.86700  
H    18.53500   30.59600   29.84400  
S    19.77900   29.63900   27.99400  
C    18.55400   28.32300   28.17000  
H    17.54600   28.68800   27.95600  
H    18.74500   27.46000   27.52700  
H    18.72500   27.96800   29.19000  
O    21.07900   28.89700   28.03500  
C    29.35000   35.42600   29.23000  
H    30.24200   34.79900   29.15000  
H    29.11700   35.49800   30.29500  
H    28.47500   34.95600   28.77400  
S    29.62600   37.01400   28.41300  
C    30.89500   36.38400   27.29200  
H    30.37800   35.64300   26.67800  
H    31.25200   37.20500   26.66500  
H    31.71900   35.92900   27.84700  
O    30.37300   37.80100   29.44400  
C    30.38500   39.53100   23.31900  
H    31.35000   39.25600   22.88600  
H    29.92100   40.28800   22.68100  
H    30.49300   39.85600   24.35700  
S    29.30100   38.08700   23.37000  
C    27.98600   39.05100   24.15100  
H    27.59500   39.70000   23.36400  
H    27.30500   38.26800   24.49400  
H    28.33300   39.61500   25.02000  
O    29.90700   37.46100   24.58700  
C    19.21200   26.22000   23.87400  
H    18.70200   25.25700   23.96300  
H    18.52400   27.06800   23.83100  
H    19.75200   26.31900   22.92800  
S    20.35200   26.35600   25.26900  
C    21.24200   27.69000   24.43600  
H    21.29000   27.46500   23.36800  
H    20.62200   28.59000   24.47000  
H    22.18300   27.87100   24.96300  
O    21.26900   25.19600   25.03700  
C    22.87100   29.09600   30.92700  
H    23.06400   28.06000   31.21800  
H    22.22300   29.69300   31.57400  
H    22.45600   29.20000   29.92100  
S    24.44600   29.96900   30.77500  
C    23.85000   31.17800   29.57100  
H    23.15800   31.80900   30.13500  
H    24.70000   31.80100   29.28300  
H    23.41300   30.61200   28.74400  
O    25.41100   29.10200   30.02900  
C    28.72100   27.26600   27.53400  
H    28.73500   27.39100   26.44900  
H    28.47600   26.22100   27.74200  
H    27.92500   27.85900   27.99100  
S    30.30000   27.60500   28.34500  
C    29.63300   27.75900   30.01800  
H    28.75000   28.40100   30.05900  
H    29.29500   26.78600   30.38300  
H    30.39900   28.12800   30.70400  
O    30.53400   29.03800   27.98100  
C    20.10500   28.71000   19.40700  
H    20.44800   27.73100   19.75200  
H    19.01400   28.75400   19.44800  
H    20.41200   28.73500   18.35800  
S    20.93400   30.03100   20.32000  
C    22.54700   29.63500   19.60600  
H    22.43200   29.63300   18.51900  
H    23.14300   30.46200   20.00100  
H    22.79600   28.63300   19.96300  
O    21.03300   29.60700   21.75200  
C    33.31600   33.50500   22.73300  
H    33.99800   33.87300   23.50400  
H    33.11700   32.53100   23.18700  
H    33.74500   33.35800   21.73800  
S    31.90300   34.62900   22.67100  
C    31.17800   33.84400   21.21400  
H    31.11600   32.77000   21.40600  
H    30.22100   34.29700   20.94300  
H    31.88500   33.97500   20.39100  
O    32.47200   35.86700   22.05200  
C    23.14100   34.90800   27.36800  
H    23.62500   35.68400   26.77100  
H    23.19500   35.01700   28.45400  
H    23.46500   33.89900   27.10000  
S    21.41300   34.96300   26.84200  
C    20.93500   36.50300   27.65900  
H    19.84500   36.56800   27.70300  
H    21.30100   36.46600   28.68800  
H    21.39100   37.35500   27.14800  
O    20.84200   33.86100   27.67900  
C    18.92800   31.45200   23.03300  
H    19.62000   32.18100   22.60300  
H    19.15500   30.46400   22.62400  
H    17.91900   31.64000   22.65900  
S    18.97000   31.31800   24.83400  
C    20.77000   31.29300   24.98200  
H    21.08400   32.29600   24.68000  
H    20.98300   31.09800   26.03600  
H    21.13000   30.46900   24.36000  
O    18.51200   29.90300   25.00800  
C    28.52700   22.41700   25.27800  
H    27.44500   22.27000   25.25800  
H    28.93800   22.28200   24.27400  
H    28.91100   21.76000   26.06300  
S    28.94700   24.11500   25.73200  
C    28.38400   24.87200   24.19000  
H    27.45600   24.34400   23.95300  
H    28.29700   25.96000   24.24000  
H    29.02500   24.46000   23.40700  
O    30.42700   24.31100   25.62300  
C    29.61100   30.25900   32.85900  
H    29.17300   29.49900   33.51100  
H    29.58000   29.90900   31.82400  
H    30.63200   30.47200   33.18600  
S    28.66400   31.78700   33.04500  
C    27.21400   30.86500   32.48400  
H    27.55900   30.43100   31.54200  
H    26.97300   30.00600   33.11400  
H    26.40800   31.58100   32.30500  
O    28.95700   32.70800   31.90100  
C    26.19500   35.04800   30.04600  
H    25.58800   34.67200   29.21800  
H    26.38700   36.11900   29.93800  
H    27.12300   34.48600   30.18600  
S    25.10800   34.77500   31.46300  
C    26.40700   35.26300   32.61900  
H    26.88500   36.21700   32.38500  
H    26.01300   35.37000   33.63300  
H    27.12400   34.44400   32.51700  
O    24.88500   33.30100   31.60200  
$end

$rem
JOBTYPE  SP
METHOD  B3LYP
BASIS  6-31+G(D)
SYMMETRY  FALSE
SYM_IGNORE  TRUE
MEM_TOTAL  16000
MEM_STATIC  8000
MAX_SUB_FILE_NUM  16000
BASIS_LIN_DEP_THRESH  6
THRESH  14
SCF_CONVERGENCE  8
GEN_SCFMAN  FALSE
SCF_GUESS  READ_DEN
FD_MAT_VEC_PROD  FALSE
XC_GRID  000075000302
NL_GRID  1
MAX_SCF_CYCLES  200
SKIP_SCFMAN  TRUE
ESP_GRID  0
ESP_EFIELD  1
$end

$development
almo_efield  1
$end

