$molecule
0 1
--
0 1
C    24.26200   28.49400   26.44100  
C    25.11800   29.76700   26.53800  
C    26.59200   29.42300   26.26600  
C    26.76500   28.78000   24.88000  
C    25.91700   27.50200   24.78200  
C    24.44600   27.85700   25.05400  
H    27.17100   30.33800   26.44000  
H    24.86600   30.45900   25.72400  
H    24.63000   27.72600   27.13300  
H    23.18100   28.62400   26.58000  
H    26.38800   29.49200   24.13500  
H    27.81000   28.49500   24.71100  
H    26.01400   27.29000   23.71000  
H    26.28600   26.68800   25.41800  
H    24.22200   28.46700   24.17000  
H    23.91100   26.90800   24.93200  
H    26.92500   28.76100   27.07500  
N    24.84700   30.32300   27.86200  
H    24.83800   29.64900   28.61800  
C    24.85600   31.68200   28.09400  
H    24.79700   32.00500   29.15000  
O    25.00200   32.37700   27.10400  
--
0 1
C    24.18000   24.45500   20.07300  
H    23.70600   24.79100   19.14700  
H    25.26900   24.52200   20.00000  
H    23.86200   23.45100   20.36600  
S    23.79100   25.71300   21.31000  
C    22.09100   25.94500   20.74300  
H    21.39900   25.14500   21.01700  
H    21.66300   26.78800   21.29100  
H    22.13600   26.37600   19.73900  
O    24.62500   26.88700   20.90200  
C    31.55100   28.14400   26.20700  
H    32.22300   28.93400   26.55200  
H    30.53000   28.47500   26.41300  
H    31.76900   27.21500   26.74000  
S    31.54400   27.85400   24.42400  
C    30.73400   29.36200   23.84600  
H    31.38900   30.23700   23.84100  
H    30.37800   29.02900   22.86800  
H    29.87500   29.59100   24.48200  
O    30.43700   26.84800   24.37000  
C    29.82400   34.67900   24.84500  
H    30.20500   35.67800   24.62000  
H    30.48100   34.01700   25.41600  
H    29.67300   34.34900   23.81300  
S    28.30300   34.90300   25.79400  
C    27.75000   33.18300   25.76000  
H    28.04600   32.61100   24.87700  
H    28.16500   32.65300   26.62100  
H    26.66600   33.14200   25.63000  
O    27.30400   35.42400   24.80800  
C    29.38300   31.09100   18.93300  
H    29.89900   30.12800   18.90100  
H    28.35100   30.96900   19.27000  
H    29.19500   31.47800   17.92800  
S    30.42000   32.29800   19.79000  
C    30.30800   31.65200   21.47400  
H    30.80100   30.67700   21.45600  
H    30.77800   32.38700   22.13300  
H    29.22100   31.66300   21.57900  
O    29.50300   33.47700   19.69900  
C    28.58400   34.08000   34.03100  
H    27.88900   33.70800   34.78900  
H    28.61900   33.34000   33.22800  
H    29.54400   34.36900   34.46600  
S    27.95600   35.64500   33.38200  
C    27.61100   36.44400   34.96600  
H    27.15800   37.42700   34.81500  
H    26.92800   35.84300   35.57200  
H    28.55900   36.63600   35.47500  
O    26.64600   35.39600   32.70100  
C    32.74500   32.88400   28.94600  
H    32.06200   32.82900   29.79700  
H    33.76600   32.66400   29.27000  
H    32.72600   33.86900   28.47400  
S    32.13600   31.74500   27.68100  
C    33.45600   32.18300   26.52800  
H    33.55200   31.34100   25.83800  
H    33.14500   33.11600   26.05100  
H    34.33000   32.26600   27.18000  
O    30.92700   32.49900   27.22300  
C    24.06400   24.55300   30.88900  
H    24.67800   24.19600   31.71900  
H    23.19500   25.03200   31.34600  
H    23.72500   23.78400   30.19100  
S    25.02800   25.72800   29.91100  
C    24.10900   25.29800   28.41500  
H    24.23500   24.25200   28.12200  
H    23.07400   25.58900   28.60700  
H    24.58100   25.86900   27.61200  
O    26.31000   24.98200   29.70700  
C    23.99900   23.61800   25.04300  
H    22.98300   23.88300   25.34500  
H    24.55200   23.23600   25.90500  
H    24.52200   24.44300   24.55400  
S    24.02600   22.24500   23.86800  
C    23.77900   20.79000   24.91000  
H    23.40100   20.96200   25.92100  
H    23.18200   20.12100   24.28400  
H    24.74300   20.30800   25.09000  
O    25.43200   22.04600   23.39200  
C    27.65900   27.00700   21.54600  
H    27.41700   27.86100   22.18500  
H    26.86200   26.26200   21.48800  
H    28.56600   26.60100   21.99900  
S    28.19800   27.45400   19.88000  
C    27.56500   25.94700   19.10900  
H    27.56600   25.06500   19.75300  
H    26.59400   26.14500   18.64800  
H    28.28100   25.71400   18.31600  
O    29.67800   27.23000   19.89200  
C    23.17200   34.42100   25.07700  
H    22.73400   34.19100   26.05200  
H    24.05200   33.80900   24.86400  
H    23.44800   35.46800   24.92800  
S    21.87200   34.16700   23.84700  
C    22.45000   35.39800   22.65800  
H    22.58100   36.35100   23.17800  
H    23.44400   35.16900   22.26300  
H    21.75100   35.52700   21.82800  
O    20.70300   34.70700   24.60900  
C    28.53400   26.06400   33.81000  
H    28.49300   25.78200   34.86500  
H    28.66000   25.09400   33.32200  
H    29.41100   26.71300   33.73900  
S    26.96400   26.85100   33.38300  
C    27.16700   28.24400   34.51600  
H    26.16400   28.56100   34.81200  
H    27.69400   27.94600   35.42700  
H    27.75000   29.01600   34.00700  
O    26.02100   25.94800   34.11500  
C    19.11100   27.37200   32.17700  
H    18.36100   28.07800   31.81200  
H    18.63700   26.43500   32.48100  
H    19.55300   27.77700   33.09100  
S    20.35000   27.09700   30.89000  
C    19.16900   26.86500   29.54200  
H    18.67900   25.91500   29.76800  
H    18.40300   27.64300   29.58900  
H    19.61700   26.82100   28.54600  
O    20.72200   25.67300   31.16400  
C    21.08300   25.15700   24.06100  
H    21.17700   24.06900   24.02400  
H    20.31200   25.42200   23.33400  
H    22.07900   25.54200   23.82700  
S    20.48100   25.54400   25.72000  
C    20.17700   27.29100   25.37100  
H    19.36700   27.53500   24.67800  
H    19.92200   27.62800   26.37900  
H    21.09900   27.79500   25.07000  
O    21.75000   25.69600   26.49900  
C    19.58200   30.82900   31.07000  
H    19.31700   29.83400   30.70500  
H    18.77800   31.46800   30.69700  
H    20.55800   31.14100   30.68900  
S    19.67200   30.88000   32.87400  
C    20.47800   32.46600   33.19100  
H    21.44600   32.54000   32.68900  
H    19.78600   33.20000   32.77100  
H    20.53300   32.59900   34.27500  
O    20.72300   29.91200   33.32100  
C    19.22000   23.35200   21.63400  
H    18.32700   22.75100   21.44300  
H    19.26000   23.54900   22.70900  
H    19.22100   24.27400   21.04700  
S    20.67400   22.36200   21.22000  
C    20.33400   20.85200   22.15200  
H    19.86900   21.21400   23.07300  
H    19.58500   20.31500   21.56500  
H    21.28400   20.32800   22.28800  
O    21.86100   23.05400   21.81300  
C    22.83900   29.29600   30.82300  
H    21.98400   29.35500   31.50000  
H    22.86200   30.17600   30.17500  
H    22.77500   28.45700   30.12500  
S    24.36000   29.22200   31.79700  
C    24.26100   30.88000   32.50900  
H    25.06200   30.93200   33.25100  
H    24.43000   31.61100   31.71500  
H    23.27000   30.93400   32.96800  
O    25.34600   29.58700   30.73200  
C    24.68500   33.62500   34.57400  
H    23.89500   33.14300   33.99400  
H    25.62600   33.62500   34.01800  
H    24.91200   33.14100   35.52800  
S    24.10500   35.31800   34.82200  
C    23.42600   35.12100   36.48500  
H    24.27200   35.02200   37.16900  
H    22.84500   35.95500   36.88500  
H    22.94000   34.14700   36.58300  
O    22.94300   35.06600   33.91100  
C    28.58700   20.58000   19.50800  
H    28.44200   20.15900   18.51000  
H    29.64000   20.56200   19.80300  
H    28.01400   19.99400   20.23100  
S    28.11100   22.32300   19.52600  
C    28.09900   22.46100   21.32800  
H    28.86600   21.80700   21.74900  
H    28.27800   23.49100   21.64900  
H    27.11500   22.10800   21.64700  
O    26.72200   22.40200   18.97200  
C    29.56300   25.53100   30.61500  
H    29.99800   25.05700   29.73100  
H    30.18900   25.25000   31.46500  
H    28.50500   25.30200   30.76500  
S    29.91500   27.26800   30.26300  
C    28.38800   27.57200   29.34500  
H    28.49400   28.44000   28.68900  
H    28.13600   26.71500   28.71600  
H    27.58800   27.71800   30.07600  
O    30.92200   27.20900   29.15600  
C    20.70800   29.40400   20.95200  
H    21.01900   28.64100   21.67000  
H    19.62100   29.29400   20.98500  
H    21.20800   29.22600   19.99700  
S    21.36200   30.92800   21.67000  
C    23.14000   30.68100   21.46800  
H    23.36500   29.62100   21.60600  
H    23.37300   30.94500   20.43300  
H    23.65700   31.27200   22.22900  
O    21.18800   30.63500   23.12700  
C    24.25600   38.25800   25.95200  
H    25.22400   38.20400   25.44700  
H    23.76200   37.30200   25.76200  
H    23.71700   39.14200   25.60000  
S    24.71500   38.22100   27.70000  
C    25.47600   36.58500   27.62100  
H    24.75200   35.88500   28.04500  
H    25.62800   36.41700   26.55100  
H    26.38800   36.56700   28.22400  
O    23.45000   37.98800   28.46600  
C    21.50900   20.56800   28.13100  
H    21.57800   21.18900   27.23400  
H    22.23900   19.77900   27.92900  
H    20.47400   20.25100   28.27800  
S    22.28000   21.60800   29.39200  
C    21.22800   23.04800   29.09900  
H    20.23700   22.67300   29.36400  
H    21.56100   23.76000   29.85900  
H    21.27300   23.42600   28.07400  
O    23.53000   21.96300   28.64800  
C    21.60700   30.71400   27.69700  
H    22.10000   29.80600   28.05200  
H    22.24800   31.08000   26.89100  
H    21.76300   31.46400   28.47700  
S    19.90100   30.61100   27.11200  
C    19.50200   32.25700   27.74200  
H    19.15200   32.10600   28.76600  
H    20.28700   33.01500   27.67200  
H    18.78300   32.59200   26.99000  
O    19.35100   29.72300   28.18400  
C    28.74400   23.63400   27.46600  
H    27.87500   24.14200   27.89000  
H    28.31400   22.66300   27.20800  
H    29.56600   23.45100   28.16300  
S    29.55300   24.47300   26.08500  
C    28.12900   24.18700   25.01100  
H    28.47400   24.59200   24.05600  
H    27.75500   23.16100   24.97300  
H    27.44400   24.93900   25.41300  
O    30.42200   23.33400   25.65000  
C    29.04300   31.04700   29.46300  
H    29.87300   30.35500   29.29900  
H    28.09800   30.72100   29.02000  
H    29.32500   31.98700   28.98300  
S    28.99500   31.41400   31.23200  
C    27.50700   32.41000   30.98800  
H    26.92900   32.71700   31.86300  
H    27.70200   33.32300   30.42000  
H    26.76000   31.91700   30.36000  
O    30.06900   32.45300   31.30300  
C    21.91800   34.78300   29.16300  
H    20.84600   34.61800   29.03100  
H    22.07600   35.86000   29.26000  
H    22.41200   34.34400   28.29200  
S    22.52200   34.00900   30.67900  
C    24.21400   34.59400   30.43600  
H    24.61800   34.08900   29.55500  
H    24.24200   35.66200   30.20200  
H    24.72200   34.30500   31.36000  
O    22.56800   32.53800   30.40500  
$end

$rem
JOBTYPE  SP
METHOD  B3LYP
BASIS  6-31+G(D)
SYMMETRY  FALSE
SYM_IGNORE  TRUE
MEM_TOTAL  12000
MEM_STATIC  4000
BASIS_LIN_DEP_THRESH  6
THRESH  14
SCF_CONVERGENCE  8
FD_MAT_VEC_PROD  FALSE
XC_GRID  000075000302
NL_GRID  1
MAX_SCF_CYCLES  200
FRGM_METHOD  STOLL
SCFMI_MODE  1
ALMO_EFIELD  TRUE
$end

$rem_frgm
SCF_CONVERGENCE  4
$end


@@@

$molecule
0 1
@C    24.26200   28.49400   26.44100  
@C    25.11800   29.76700   26.53800  
@C    26.59200   29.42300   26.26600  
@C    26.76500   28.78000   24.88000  
@C    25.91700   27.50200   24.78200  
@C    24.44600   27.85700   25.05400  
@H    27.17100   30.33800   26.44000  
@H    24.86600   30.45900   25.72400  
@H    24.63000   27.72600   27.13300  
@H    23.18100   28.62400   26.58000  
@H    26.38800   29.49200   24.13500  
@H    27.81000   28.49500   24.71100  
@H    26.01400   27.29000   23.71000  
@H    26.28600   26.68800   25.41800  
@H    24.22200   28.46700   24.17000  
@H    23.91100   26.90800   24.93200  
@H    26.92500   28.76100   27.07500  
@N    24.84700   30.32300   27.86200  
@H    24.83800   29.64900   28.61800  
@C    24.85600   31.68200   28.09400  
@H    24.79700   32.00500   29.15000  
@O    25.00200   32.37700   27.10400  
C    24.18000   24.45500   20.07300  
H    23.70600   24.79100   19.14700  
H    25.26900   24.52200   20.00000  
H    23.86200   23.45100   20.36600  
S    23.79100   25.71300   21.31000  
C    22.09100   25.94500   20.74300  
H    21.39900   25.14500   21.01700  
H    21.66300   26.78800   21.29100  
H    22.13600   26.37600   19.73900  
O    24.62500   26.88700   20.90200  
C    31.55100   28.14400   26.20700  
H    32.22300   28.93400   26.55200  
H    30.53000   28.47500   26.41300  
H    31.76900   27.21500   26.74000  
S    31.54400   27.85400   24.42400  
C    30.73400   29.36200   23.84600  
H    31.38900   30.23700   23.84100  
H    30.37800   29.02900   22.86800  
H    29.87500   29.59100   24.48200  
O    30.43700   26.84800   24.37000  
C    29.82400   34.67900   24.84500  
H    30.20500   35.67800   24.62000  
H    30.48100   34.01700   25.41600  
H    29.67300   34.34900   23.81300  
S    28.30300   34.90300   25.79400  
C    27.75000   33.18300   25.76000  
H    28.04600   32.61100   24.87700  
H    28.16500   32.65300   26.62100  
H    26.66600   33.14200   25.63000  
O    27.30400   35.42400   24.80800  
C    29.38300   31.09100   18.93300  
H    29.89900   30.12800   18.90100  
H    28.35100   30.96900   19.27000  
H    29.19500   31.47800   17.92800  
S    30.42000   32.29800   19.79000  
C    30.30800   31.65200   21.47400  
H    30.80100   30.67700   21.45600  
H    30.77800   32.38700   22.13300  
H    29.22100   31.66300   21.57900  
O    29.50300   33.47700   19.69900  
C    28.58400   34.08000   34.03100  
H    27.88900   33.70800   34.78900  
H    28.61900   33.34000   33.22800  
H    29.54400   34.36900   34.46600  
S    27.95600   35.64500   33.38200  
C    27.61100   36.44400   34.96600  
H    27.15800   37.42700   34.81500  
H    26.92800   35.84300   35.57200  
H    28.55900   36.63600   35.47500  
O    26.64600   35.39600   32.70100  
C    32.74500   32.88400   28.94600  
H    32.06200   32.82900   29.79700  
H    33.76600   32.66400   29.27000  
H    32.72600   33.86900   28.47400  
S    32.13600   31.74500   27.68100  
C    33.45600   32.18300   26.52800  
H    33.55200   31.34100   25.83800  
H    33.14500   33.11600   26.05100  
H    34.33000   32.26600   27.18000  
O    30.92700   32.49900   27.22300  
C    24.06400   24.55300   30.88900  
H    24.67800   24.19600   31.71900  
H    23.19500   25.03200   31.34600  
H    23.72500   23.78400   30.19100  
S    25.02800   25.72800   29.91100  
C    24.10900   25.29800   28.41500  
H    24.23500   24.25200   28.12200  
H    23.07400   25.58900   28.60700  
H    24.58100   25.86900   27.61200  
O    26.31000   24.98200   29.70700  
C    23.99900   23.61800   25.04300  
H    22.98300   23.88300   25.34500  
H    24.55200   23.23600   25.90500  
H    24.52200   24.44300   24.55400  
S    24.02600   22.24500   23.86800  
C    23.77900   20.79000   24.91000  
H    23.40100   20.96200   25.92100  
H    23.18200   20.12100   24.28400  
H    24.74300   20.30800   25.09000  
O    25.43200   22.04600   23.39200  
C    27.65900   27.00700   21.54600  
H    27.41700   27.86100   22.18500  
H    26.86200   26.26200   21.48800  
H    28.56600   26.60100   21.99900  
S    28.19800   27.45400   19.88000  
C    27.56500   25.94700   19.10900  
H    27.56600   25.06500   19.75300  
H    26.59400   26.14500   18.64800  
H    28.28100   25.71400   18.31600  
O    29.67800   27.23000   19.89200  
C    23.17200   34.42100   25.07700  
H    22.73400   34.19100   26.05200  
H    24.05200   33.80900   24.86400  
H    23.44800   35.46800   24.92800  
S    21.87200   34.16700   23.84700  
C    22.45000   35.39800   22.65800  
H    22.58100   36.35100   23.17800  
H    23.44400   35.16900   22.26300  
H    21.75100   35.52700   21.82800  
O    20.70300   34.70700   24.60900  
C    28.53400   26.06400   33.81000  
H    28.49300   25.78200   34.86500  
H    28.66000   25.09400   33.32200  
H    29.41100   26.71300   33.73900  
S    26.96400   26.85100   33.38300  
C    27.16700   28.24400   34.51600  
H    26.16400   28.56100   34.81200  
H    27.69400   27.94600   35.42700  
H    27.75000   29.01600   34.00700  
O    26.02100   25.94800   34.11500  
C    19.11100   27.37200   32.17700  
H    18.36100   28.07800   31.81200  
H    18.63700   26.43500   32.48100  
H    19.55300   27.77700   33.09100  
S    20.35000   27.09700   30.89000  
C    19.16900   26.86500   29.54200  
H    18.67900   25.91500   29.76800  
H    18.40300   27.64300   29.58900  
H    19.61700   26.82100   28.54600  
O    20.72200   25.67300   31.16400  
C    21.08300   25.15700   24.06100  
H    21.17700   24.06900   24.02400  
H    20.31200   25.42200   23.33400  
H    22.07900   25.54200   23.82700  
S    20.48100   25.54400   25.72000  
C    20.17700   27.29100   25.37100  
H    19.36700   27.53500   24.67800  
H    19.92200   27.62800   26.37900  
H    21.09900   27.79500   25.07000  
O    21.75000   25.69600   26.49900  
C    19.58200   30.82900   31.07000  
H    19.31700   29.83400   30.70500  
H    18.77800   31.46800   30.69700  
H    20.55800   31.14100   30.68900  
S    19.67200   30.88000   32.87400  
C    20.47800   32.46600   33.19100  
H    21.44600   32.54000   32.68900  
H    19.78600   33.20000   32.77100  
H    20.53300   32.59900   34.27500  
O    20.72300   29.91200   33.32100  
C    19.22000   23.35200   21.63400  
H    18.32700   22.75100   21.44300  
H    19.26000   23.54900   22.70900  
H    19.22100   24.27400   21.04700  
S    20.67400   22.36200   21.22000  
C    20.33400   20.85200   22.15200  
H    19.86900   21.21400   23.07300  
H    19.58500   20.31500   21.56500  
H    21.28400   20.32800   22.28800  
O    21.86100   23.05400   21.81300  
C    22.83900   29.29600   30.82300  
H    21.98400   29.35500   31.50000  
H    22.86200   30.17600   30.17500  
H    22.77500   28.45700   30.12500  
S    24.36000   29.22200   31.79700  
C    24.26100   30.88000   32.50900  
H    25.06200   30.93200   33.25100  
H    24.43000   31.61100   31.71500  
H    23.27000   30.93400   32.96800  
O    25.34600   29.58700   30.73200  
C    24.68500   33.62500   34.57400  
H    23.89500   33.14300   33.99400  
H    25.62600   33.62500   34.01800  
H    24.91200   33.14100   35.52800  
S    24.10500   35.31800   34.82200  
C    23.42600   35.12100   36.48500  
H    24.27200   35.02200   37.16900  
H    22.84500   35.95500   36.88500  
H    22.94000   34.14700   36.58300  
O    22.94300   35.06600   33.91100  
C    28.58700   20.58000   19.50800  
H    28.44200   20.15900   18.51000  
H    29.64000   20.56200   19.80300  
H    28.01400   19.99400   20.23100  
S    28.11100   22.32300   19.52600  
C    28.09900   22.46100   21.32800  
H    28.86600   21.80700   21.74900  
H    28.27800   23.49100   21.64900  
H    27.11500   22.10800   21.64700  
O    26.72200   22.40200   18.97200  
C    29.56300   25.53100   30.61500  
H    29.99800   25.05700   29.73100  
H    30.18900   25.25000   31.46500  
H    28.50500   25.30200   30.76500  
S    29.91500   27.26800   30.26300  
C    28.38800   27.57200   29.34500  
H    28.49400   28.44000   28.68900  
H    28.13600   26.71500   28.71600  
H    27.58800   27.71800   30.07600  
O    30.92200   27.20900   29.15600  
C    20.70800   29.40400   20.95200  
H    21.01900   28.64100   21.67000  
H    19.62100   29.29400   20.98500  
H    21.20800   29.22600   19.99700  
S    21.36200   30.92800   21.67000  
C    23.14000   30.68100   21.46800  
H    23.36500   29.62100   21.60600  
H    23.37300   30.94500   20.43300  
H    23.65700   31.27200   22.22900  
O    21.18800   30.63500   23.12700  
C    24.25600   38.25800   25.95200  
H    25.22400   38.20400   25.44700  
H    23.76200   37.30200   25.76200  
H    23.71700   39.14200   25.60000  
S    24.71500   38.22100   27.70000  
C    25.47600   36.58500   27.62100  
H    24.75200   35.88500   28.04500  
H    25.62800   36.41700   26.55100  
H    26.38800   36.56700   28.22400  
O    23.45000   37.98800   28.46600  
C    21.50900   20.56800   28.13100  
H    21.57800   21.18900   27.23400  
H    22.23900   19.77900   27.92900  
H    20.47400   20.25100   28.27800  
S    22.28000   21.60800   29.39200  
C    21.22800   23.04800   29.09900  
H    20.23700   22.67300   29.36400  
H    21.56100   23.76000   29.85900  
H    21.27300   23.42600   28.07400  
O    23.53000   21.96300   28.64800  
C    21.60700   30.71400   27.69700  
H    22.10000   29.80600   28.05200  
H    22.24800   31.08000   26.89100  
H    21.76300   31.46400   28.47700  
S    19.90100   30.61100   27.11200  
C    19.50200   32.25700   27.74200  
H    19.15200   32.10600   28.76600  
H    20.28700   33.01500   27.67200  
H    18.78300   32.59200   26.99000  
O    19.35100   29.72300   28.18400  
C    28.74400   23.63400   27.46600  
H    27.87500   24.14200   27.89000  
H    28.31400   22.66300   27.20800  
H    29.56600   23.45100   28.16300  
S    29.55300   24.47300   26.08500  
C    28.12900   24.18700   25.01100  
H    28.47400   24.59200   24.05600  
H    27.75500   23.16100   24.97300  
H    27.44400   24.93900   25.41300  
O    30.42200   23.33400   25.65000  
C    29.04300   31.04700   29.46300  
H    29.87300   30.35500   29.29900  
H    28.09800   30.72100   29.02000  
H    29.32500   31.98700   28.98300  
S    28.99500   31.41400   31.23200  
C    27.50700   32.41000   30.98800  
H    26.92900   32.71700   31.86300  
H    27.70200   33.32300   30.42000  
H    26.76000   31.91700   30.36000  
O    30.06900   32.45300   31.30300  
C    21.91800   34.78300   29.16300  
H    20.84600   34.61800   29.03100  
H    22.07600   35.86000   29.26000  
H    22.41200   34.34400   28.29200  
S    22.52200   34.00900   30.67900  
C    24.21400   34.59400   30.43600  
H    24.61800   34.08900   29.55500  
H    24.24200   35.66200   30.20200  
H    24.72200   34.30500   31.36000  
O    22.56800   32.53800   30.40500  
$end

$rem
JOBTYPE  SP
METHOD  B3LYP
BASIS  6-31+G(D)
SYMMETRY  FALSE
SYM_IGNORE  TRUE
MEM_TOTAL  12000
MEM_STATIC  4000
BASIS_LIN_DEP_THRESH  6
THRESH  14
SCF_CONVERGENCE  8
FD_MAT_VEC_PROD  FALSE
XC_GRID  000075000302
NL_GRID  1
MAX_SCF_CYCLES  200
SCF_GUESS  READ_DEN
ALMO_EFIELD  TRUE
GEN_SCFMAN  FALSE
SKIP_SCFMAN  TRUE
ESP_GRID  0
ESP_EFIELD  1
$end
