$molecule
0 1
--
0 1
C    23.29000   16.68000   27.25500  
C    24.35900   17.13400   26.24700  
C    24.39500   18.64300   25.95100  
C    24.47700   19.35800   27.30900  
C    23.25100   18.96400   28.15000  
C    23.27900   17.48400   28.56500  
H    25.29200   18.97300   25.41300  
H    25.29100   16.83900   26.74400  
H    22.33800   16.78500   26.72100  
H    23.41600   15.62100   27.51000  
H    25.42500   19.00200   27.72900  
H    24.49400   20.45100   27.21900  
H    23.37200   19.48800   29.10700  
H    22.23400   19.20400   27.81800  
H    24.16700   17.24100   29.16200  
H    22.42800   17.25100   29.21600  
H    23.47500   18.98800   25.46400  
N    24.41300   16.42100   24.97200  
H    23.60800   16.35700   24.36000  
C    25.59800   16.06800   24.36200  
H    25.59000   16.07800   23.25700  
O    26.60000   15.79200   24.99800  
--
0 1
C    19.66900   20.51600   28.94200  
H    20.34100   19.75200   28.54400  
H    19.22300   20.03400   29.81500  
H    18.97600   20.79200   28.14300  
S    20.67600   21.88300   29.56000  
C    21.17100   22.49600   27.93400  
H    21.71600   21.74500   27.35600  
H    20.22600   22.73000   27.43700  
H    21.84100   23.33900   28.12300  
O    21.83100   21.21700   30.24100  
C    19.98300   19.00000   25.44600  
H    19.51300   18.73200   26.39600  
H    20.12800   18.08400   24.86700  
H    20.92600   19.46700   25.73900  
S    18.83900   20.16000   24.66400  
C    20.02700   20.63300   23.38800  
H    20.92300   20.95800   23.92200  
H    20.19800   19.79900   22.70200  
H    19.77800   21.53700   22.82500  
O    18.82300   21.27200   25.66600  
C    28.59100   17.25600   31.63000  
H    29.37600   17.92800   31.98500  
H    27.81200   17.38900   32.38600  
H    28.89100   16.21300   31.75600  
S    28.05200   17.84900   30.01000  
C    29.69100   17.50700   29.33100  
H    30.40700   17.92700   30.04300  
H    29.74600   16.42300   29.20200  
H    29.70500   18.03500   28.37500  
O    28.06300   19.32900   30.23900  
C    27.21700   10.42000   25.95100  
H    26.58800   11.24200   25.59700  
H    26.52700   9.64400    26.29200  
H    27.77300   10.81400   26.80600  
S    28.30200   9.92200    24.59500  
C    29.14500   8.60600    25.50100  
H    28.44300   8.09400    26.16500  
H    29.33900   7.83800    24.74800  
H    30.08900   9.03900    25.84000  
O    29.30900   11.00900   24.38200  
C    29.14700   22.48400   28.17400  
H    29.34700   21.41000   28.19200  
H    28.69400   22.90500   27.27300  
H    30.01100   23.11100   28.41100  
S    28.07900   22.78400   29.60100  
C    26.57100   22.11700   28.86200  
H    25.74000   22.17200   29.57000  
H    26.33600   22.73300   27.99000  
H    26.76900   21.09500   28.53100  
O    27.83500   24.25400   29.74200  
C    22.88300   19.78700   32.84800  
H    22.37200   20.75000   32.77000  
H    23.77900   19.76000   33.47300  
H    23.08700   19.62400   31.78700  
S    21.53200   18.73400   33.42300  
C    20.45400   18.85000   31.97800  
H    21.01800   18.45800   31.12800  
H    19.51400   18.32800   32.17400  
H    20.31900   19.91400   31.76600  
O    20.76300   19.55200   34.41300  
C    18.62300   17.10500   28.86900  
H    18.63500   16.11800   29.33800  
H    19.50800   17.36900   28.28400  
H    18.35800   17.96200   29.49400  
S    17.36000   16.90300   27.59200  
C    16.03600   16.12600   28.54500  
H    15.31500   15.95800   27.74100  
H    16.32500   15.21700   29.07800  
H    15.68300   16.86200   29.27200  
O    17.77100   15.73700   26.74800  
C    25.90500   22.95700   32.91800  
H    25.17700   23.55000   33.47600  
H    26.51600   23.47700   32.17500  
H    25.41400   22.13000   32.39900  
S    26.98900   22.28000   34.19500  
C    27.76200   21.11700   33.04900  
H    28.62500   20.57600   33.44700  
H    27.03300   20.38600   32.69000  
H    27.92400   21.63600   32.10100  
O    26.10500   21.33000   34.94300  
C    27.85400   14.03100   21.87600  
H    26.99300   14.13300   21.21000  
H    27.82000   13.19900   22.58400  
H    27.99100   14.99900   22.36500  
S    29.30100   13.64500   20.86600  
C    29.16400   11.85300   21.05600  
H    30.00800   11.39100   20.53900  
H    29.24900   11.64000   22.12500  
H    28.21800   11.48000   20.65300  
O    30.49000   14.07100   21.66900  
C    29.62800   12.21900   28.90900  
H    30.02400   13.15800   29.30300  
H    30.11200   11.37500   29.40600  
H    29.78200   12.16800   27.82800  
S    27.84000   12.35600   29.13700  
C    27.74900   14.15800   29.02300  
H    28.74200   14.60900   28.96300  
H    27.13300   14.38700   28.15000  
H    27.42500   14.65900   29.93900  
O    27.83000   12.15000   30.62000  
C    27.35200   16.93400   17.28100  
H    27.09900   16.85100   18.34100  
H    28.00300   17.80200   17.15100  
H    26.41300   17.09000   16.74200  
S    28.09600   15.38700   16.71800  
C    26.85300   14.36300   17.53700  
H    27.07400   13.32500   17.27500  
H    26.96400   14.59700   18.59900  
H    25.86000   14.65300   17.18400  
O    29.23100   15.33800   17.69200  
C    26.77600   27.38800   27.19000  
H    27.30700   26.92600   28.02600  
H    27.00800   28.45500   27.14500  
H    25.70200   27.28400   27.36600  
S    27.52900   26.69500   25.70100  
C    26.89700   25.07600   26.19800  
H    27.20900   24.34400   25.44900  
H    27.33000   24.80400   27.16400  
H    25.80700   25.05900   26.27500  
O    28.98600   26.57400   26.02600  
C    24.56200   24.79200   30.41000  
H    25.60000   25.00900   30.14700  
H    24.28700   24.99900   31.44700  
H    24.30400   23.73600   30.29300  
S    23.70800   25.74000   29.13000  
C    22.01600   25.49900   29.71600  
H    21.74100   26.34600   30.34900  
H    21.36400   25.43000   28.84100  
H    22.03600   24.49000   30.13600  
O    23.80700   24.77200   27.99100  
C    21.72300   14.82100   31.46200  
H    22.66900   14.30700   31.65200  
H    21.33200   14.77200   30.44200  
H    21.83500   15.86300   31.77100  
S    20.41300   14.13200   32.49900  
C    20.42300   12.42800   31.89900  
H    19.59000   12.02600   32.48200  
H    20.22800   12.29900   30.83100  
H    21.36600   11.95300   32.18000  
O    19.16900   14.62200   31.82500  
C    18.96000   18.75800   19.08000  
H    19.95300   19.16900   19.27800  
H    18.83000   18.50800   18.02400  
H    18.23100   19.50200   19.41200  
S    18.76600   17.25200   20.06000  
C    16.96900   17.29500   19.87700  
H    16.62800   16.30600   20.19600  
H    16.59800   18.06300   20.56000  
H    16.71300   17.47200   18.82900  
O    18.94300   17.74200   21.46300  
C    22.89100   17.99100   20.36800  
H    23.02000   18.31200   21.40400  
H    22.99100   18.84200   19.69000  
H    21.89500   17.54800   20.28600  
S    24.18600   16.82100   19.89800  
C    23.22300   16.16100   18.51800  
H    22.22900   15.97500   18.93100  
H    23.13000   16.89000   17.70900  
H    23.64700   15.20100   18.21000  
O    24.19400   15.86300   21.04800  
C    22.92800   24.24000   24.70000  
H    23.33500   24.14000   25.70900  
H    22.84800   25.29200   24.41300  
H    21.96700   23.72400   24.76200  
S    23.90800   23.24000   23.55800  
C    24.70100   21.97900   24.58100  
H    25.38200   22.49700   25.26100  
H    24.03400   21.24700   25.04200  
H    25.30300   21.49900   23.80500  
O    25.09800   24.01800   23.09300  
C    21.01300   14.30800   27.31100  
H    21.63300   14.55600   28.17700  
H    21.62800   14.37800   26.41000  
H    20.17300   15.00400   27.24300  
S    20.18900   12.70100   27.36900  
C    19.03100   13.24200   28.64700  
H    18.30400   13.91100   28.18000  
H    18.49000   12.35300   28.98000  
H    19.57300   13.71900   29.46700  
O    21.27600   11.86100   27.96200  
C    27.82200   17.69700   20.72600  
H    26.90200   18.21700   20.44700  
H    27.73000   16.61300   20.63000  
H    28.02200   17.88200   21.78500  
S    29.13600   18.37800   19.69000  
C    30.60800   18.00800   20.67200  
H    31.45000   18.28500   20.03200  
H    30.61300   18.62700   21.57200  
H    30.57300   16.95600   20.96700  
O    28.92900   19.84700   19.88800  
C    26.25400   14.10100   33.20100  
H    25.39600   13.42900   33.11700  
H    27.08100   13.70100   32.60700  
H    26.62300   14.13100   34.22900  
S    25.70000   15.71600   32.61100  
C    24.44100   15.88800   33.89600  
H    23.64300   15.15800   33.74000  
H    24.92000   15.90500   34.87900  
H    24.05900   16.88700   33.67300  
O    25.01100   15.40800   31.31800  
C    29.92400   19.67200   24.69200  
H    30.68100   20.40500   24.98100  
H    29.49700   19.07500   25.50200  
H    30.26900   19.00900   23.89400  
S    28.52900   20.63200   24.06200  
C    29.45900   21.53300   22.80200  
H    28.75700   21.87900   22.03900  
H    29.89500   22.49400   23.08600  
H    30.19000   20.82900   22.39500  
O    28.07100   21.63100   25.07800  
C    30.13700   15.62500   24.81900  
H    30.50600   15.44800   23.80500  
H    29.73600   14.65400   25.12200  
H    29.46100   16.48300   24.79000  
S    31.55400   16.04700   25.85800  
C    32.81900   15.02500   25.06900  
H    33.65300   15.05600   25.77500  
H    32.38200   14.02400   25.02700  
H    33.01100   15.47900   24.09300  
O    31.20200   15.25500   27.07800  
C    15.95600   21.80900   31.12900  
H    15.14800   21.70600   30.40000  
H    15.61400   22.52300   31.88200  
H    16.82100   22.14800   30.55300  
S    16.27200   20.21600   31.92000  
C    17.57300   20.96000   32.92900  
H    18.23400   21.59900   32.33700  
H    16.91000   21.55300   33.56400  
H    18.07300   20.11200   33.40300  
O    16.95500   19.52700   30.78000  
C    24.37800   13.13000   29.10900  
H    24.71300   13.57300   28.16800  
H    23.57700   13.67700   29.61300  
H    25.24500   13.20100   29.77100  
S    23.91400   11.38500   29.03400  
C    24.12400   11.26700   30.82500  
H    23.97600   10.22500   31.12100  
H    25.10600   11.62200   31.14800  
H    23.34600   11.82500   31.35100  
O    25.10600   10.75000   28.38800  
C    26.37300   22.25500   20.25300  
H    25.90800   22.50200   21.21100  
H    27.35300   21.82700   20.47600  
H    26.39600   23.16900   19.65400  
S    25.17500   21.13500   19.49400  
C    23.68600   22.14100   19.68200  
H    23.48700   22.17600   20.75600  
H    23.87100   23.06100   19.12200  
H    22.85300   21.70800   19.12300  
O    24.93100   20.16100   20.60400  
C    24.61700   12.69400   22.23000  
H    24.06000   13.60100   22.47800  
H    25.68500   12.77500   22.44800  
H    24.45000   12.58900   21.15500  
S    23.66700   11.47300   23.16300  
C    23.56200   12.45700   24.67500  
H    24.52100   12.97400   24.76300  
H    22.82100   13.23400   24.47200  
H    23.25600   11.89100   25.55800  
O    24.45500   10.21500   23.35500  
C    19.25300   15.21900   23.52100  
H    18.61600   14.79600   22.74100  
H    19.57600   14.39200   24.16000  
H    18.68300   15.83300   24.22300  
S    20.81700   15.83300   22.85700  
C    21.06700   14.50800   21.65300  
H    20.74000   14.69300   20.62600  
H    22.15800   14.43700   21.67200  
H    20.69000   13.57400   22.07500  
O    21.85800   15.64100   23.91500  
$end

$rem
JOBTYPE  SP
METHOD  B3LYP
BASIS  6-31+G(D)
SYMMETRY  FALSE
SYM_IGNORE  TRUE
MEM_TOTAL  12000
MEM_STATIC  4000
BASIS_LIN_DEP_THRESH  6
THRESH  14
SCF_CONVERGENCE  8
FD_MAT_VEC_PROD  FALSE
XC_GRID  000075000302
NL_GRID  1
MAX_SCF_CYCLES  200
FRGM_METHOD  STOLL
SCFMI_MODE  1
ALMO_EFIELD  TRUE
$end

$rem_frgm
SCF_CONVERGENCE  4
$end


@@@

$molecule
0 1
@C    23.29000   16.68000   27.25500  
@C    24.35900   17.13400   26.24700  
@C    24.39500   18.64300   25.95100  
@C    24.47700   19.35800   27.30900  
@C    23.25100   18.96400   28.15000  
@C    23.27900   17.48400   28.56500  
@H    25.29200   18.97300   25.41300  
@H    25.29100   16.83900   26.74400  
@H    22.33800   16.78500   26.72100  
@H    23.41600   15.62100   27.51000  
@H    25.42500   19.00200   27.72900  
@H    24.49400   20.45100   27.21900  
@H    23.37200   19.48800   29.10700  
@H    22.23400   19.20400   27.81800  
@H    24.16700   17.24100   29.16200  
@H    22.42800   17.25100   29.21600  
@H    23.47500   18.98800   25.46400  
@N    24.41300   16.42100   24.97200  
@H    23.60800   16.35700   24.36000  
@C    25.59800   16.06800   24.36200  
@H    25.59000   16.07800   23.25700  
@O    26.60000   15.79200   24.99800  
C    19.66900   20.51600   28.94200  
H    20.34100   19.75200   28.54400  
H    19.22300   20.03400   29.81500  
H    18.97600   20.79200   28.14300  
S    20.67600   21.88300   29.56000  
C    21.17100   22.49600   27.93400  
H    21.71600   21.74500   27.35600  
H    20.22600   22.73000   27.43700  
H    21.84100   23.33900   28.12300  
O    21.83100   21.21700   30.24100  
C    19.98300   19.00000   25.44600  
H    19.51300   18.73200   26.39600  
H    20.12800   18.08400   24.86700  
H    20.92600   19.46700   25.73900  
S    18.83900   20.16000   24.66400  
C    20.02700   20.63300   23.38800  
H    20.92300   20.95800   23.92200  
H    20.19800   19.79900   22.70200  
H    19.77800   21.53700   22.82500  
O    18.82300   21.27200   25.66600  
C    28.59100   17.25600   31.63000  
H    29.37600   17.92800   31.98500  
H    27.81200   17.38900   32.38600  
H    28.89100   16.21300   31.75600  
S    28.05200   17.84900   30.01000  
C    29.69100   17.50700   29.33100  
H    30.40700   17.92700   30.04300  
H    29.74600   16.42300   29.20200  
H    29.70500   18.03500   28.37500  
O    28.06300   19.32900   30.23900  
C    27.21700   10.42000   25.95100  
H    26.58800   11.24200   25.59700  
H    26.52700   9.64400    26.29200  
H    27.77300   10.81400   26.80600  
S    28.30200   9.92200    24.59500  
C    29.14500   8.60600    25.50100  
H    28.44300   8.09400    26.16500  
H    29.33900   7.83800    24.74800  
H    30.08900   9.03900    25.84000  
O    29.30900   11.00900   24.38200  
C    29.14700   22.48400   28.17400  
H    29.34700   21.41000   28.19200  
H    28.69400   22.90500   27.27300  
H    30.01100   23.11100   28.41100  
S    28.07900   22.78400   29.60100  
C    26.57100   22.11700   28.86200  
H    25.74000   22.17200   29.57000  
H    26.33600   22.73300   27.99000  
H    26.76900   21.09500   28.53100  
O    27.83500   24.25400   29.74200  
C    22.88300   19.78700   32.84800  
H    22.37200   20.75000   32.77000  
H    23.77900   19.76000   33.47300  
H    23.08700   19.62400   31.78700  
S    21.53200   18.73400   33.42300  
C    20.45400   18.85000   31.97800  
H    21.01800   18.45800   31.12800  
H    19.51400   18.32800   32.17400  
H    20.31900   19.91400   31.76600  
O    20.76300   19.55200   34.41300  
C    18.62300   17.10500   28.86900  
H    18.63500   16.11800   29.33800  
H    19.50800   17.36900   28.28400  
H    18.35800   17.96200   29.49400  
S    17.36000   16.90300   27.59200  
C    16.03600   16.12600   28.54500  
H    15.31500   15.95800   27.74100  
H    16.32500   15.21700   29.07800  
H    15.68300   16.86200   29.27200  
O    17.77100   15.73700   26.74800  
C    25.90500   22.95700   32.91800  
H    25.17700   23.55000   33.47600  
H    26.51600   23.47700   32.17500  
H    25.41400   22.13000   32.39900  
S    26.98900   22.28000   34.19500  
C    27.76200   21.11700   33.04900  
H    28.62500   20.57600   33.44700  
H    27.03300   20.38600   32.69000  
H    27.92400   21.63600   32.10100  
O    26.10500   21.33000   34.94300  
C    27.85400   14.03100   21.87600  
H    26.99300   14.13300   21.21000  
H    27.82000   13.19900   22.58400  
H    27.99100   14.99900   22.36500  
S    29.30100   13.64500   20.86600  
C    29.16400   11.85300   21.05600  
H    30.00800   11.39100   20.53900  
H    29.24900   11.64000   22.12500  
H    28.21800   11.48000   20.65300  
O    30.49000   14.07100   21.66900  
C    29.62800   12.21900   28.90900  
H    30.02400   13.15800   29.30300  
H    30.11200   11.37500   29.40600  
H    29.78200   12.16800   27.82800  
S    27.84000   12.35600   29.13700  
C    27.74900   14.15800   29.02300  
H    28.74200   14.60900   28.96300  
H    27.13300   14.38700   28.15000  
H    27.42500   14.65900   29.93900  
O    27.83000   12.15000   30.62000  
C    27.35200   16.93400   17.28100  
H    27.09900   16.85100   18.34100  
H    28.00300   17.80200   17.15100  
H    26.41300   17.09000   16.74200  
S    28.09600   15.38700   16.71800  
C    26.85300   14.36300   17.53700  
H    27.07400   13.32500   17.27500  
H    26.96400   14.59700   18.59900  
H    25.86000   14.65300   17.18400  
O    29.23100   15.33800   17.69200  
C    26.77600   27.38800   27.19000  
H    27.30700   26.92600   28.02600  
H    27.00800   28.45500   27.14500  
H    25.70200   27.28400   27.36600  
S    27.52900   26.69500   25.70100  
C    26.89700   25.07600   26.19800  
H    27.20900   24.34400   25.44900  
H    27.33000   24.80400   27.16400  
H    25.80700   25.05900   26.27500  
O    28.98600   26.57400   26.02600  
C    24.56200   24.79200   30.41000  
H    25.60000   25.00900   30.14700  
H    24.28700   24.99900   31.44700  
H    24.30400   23.73600   30.29300  
S    23.70800   25.74000   29.13000  
C    22.01600   25.49900   29.71600  
H    21.74100   26.34600   30.34900  
H    21.36400   25.43000   28.84100  
H    22.03600   24.49000   30.13600  
O    23.80700   24.77200   27.99100  
C    21.72300   14.82100   31.46200  
H    22.66900   14.30700   31.65200  
H    21.33200   14.77200   30.44200  
H    21.83500   15.86300   31.77100  
S    20.41300   14.13200   32.49900  
C    20.42300   12.42800   31.89900  
H    19.59000   12.02600   32.48200  
H    20.22800   12.29900   30.83100  
H    21.36600   11.95300   32.18000  
O    19.16900   14.62200   31.82500  
C    18.96000   18.75800   19.08000  
H    19.95300   19.16900   19.27800  
H    18.83000   18.50800   18.02400  
H    18.23100   19.50200   19.41200  
S    18.76600   17.25200   20.06000  
C    16.96900   17.29500   19.87700  
H    16.62800   16.30600   20.19600  
H    16.59800   18.06300   20.56000  
H    16.71300   17.47200   18.82900  
O    18.94300   17.74200   21.46300  
C    22.89100   17.99100   20.36800  
H    23.02000   18.31200   21.40400  
H    22.99100   18.84200   19.69000  
H    21.89500   17.54800   20.28600  
S    24.18600   16.82100   19.89800  
C    23.22300   16.16100   18.51800  
H    22.22900   15.97500   18.93100  
H    23.13000   16.89000   17.70900  
H    23.64700   15.20100   18.21000  
O    24.19400   15.86300   21.04800  
C    22.92800   24.24000   24.70000  
H    23.33500   24.14000   25.70900  
H    22.84800   25.29200   24.41300  
H    21.96700   23.72400   24.76200  
S    23.90800   23.24000   23.55800  
C    24.70100   21.97900   24.58100  
H    25.38200   22.49700   25.26100  
H    24.03400   21.24700   25.04200  
H    25.30300   21.49900   23.80500  
O    25.09800   24.01800   23.09300  
C    21.01300   14.30800   27.31100  
H    21.63300   14.55600   28.17700  
H    21.62800   14.37800   26.41000  
H    20.17300   15.00400   27.24300  
S    20.18900   12.70100   27.36900  
C    19.03100   13.24200   28.64700  
H    18.30400   13.91100   28.18000  
H    18.49000   12.35300   28.98000  
H    19.57300   13.71900   29.46700  
O    21.27600   11.86100   27.96200  
C    27.82200   17.69700   20.72600  
H    26.90200   18.21700   20.44700  
H    27.73000   16.61300   20.63000  
H    28.02200   17.88200   21.78500  
S    29.13600   18.37800   19.69000  
C    30.60800   18.00800   20.67200  
H    31.45000   18.28500   20.03200  
H    30.61300   18.62700   21.57200  
H    30.57300   16.95600   20.96700  
O    28.92900   19.84700   19.88800  
C    26.25400   14.10100   33.20100  
H    25.39600   13.42900   33.11700  
H    27.08100   13.70100   32.60700  
H    26.62300   14.13100   34.22900  
S    25.70000   15.71600   32.61100  
C    24.44100   15.88800   33.89600  
H    23.64300   15.15800   33.74000  
H    24.92000   15.90500   34.87900  
H    24.05900   16.88700   33.67300  
O    25.01100   15.40800   31.31800  
C    29.92400   19.67200   24.69200  
H    30.68100   20.40500   24.98100  
H    29.49700   19.07500   25.50200  
H    30.26900   19.00900   23.89400  
S    28.52900   20.63200   24.06200  
C    29.45900   21.53300   22.80200  
H    28.75700   21.87900   22.03900  
H    29.89500   22.49400   23.08600  
H    30.19000   20.82900   22.39500  
O    28.07100   21.63100   25.07800  
C    30.13700   15.62500   24.81900  
H    30.50600   15.44800   23.80500  
H    29.73600   14.65400   25.12200  
H    29.46100   16.48300   24.79000  
S    31.55400   16.04700   25.85800  
C    32.81900   15.02500   25.06900  
H    33.65300   15.05600   25.77500  
H    32.38200   14.02400   25.02700  
H    33.01100   15.47900   24.09300  
O    31.20200   15.25500   27.07800  
C    15.95600   21.80900   31.12900  
H    15.14800   21.70600   30.40000  
H    15.61400   22.52300   31.88200  
H    16.82100   22.14800   30.55300  
S    16.27200   20.21600   31.92000  
C    17.57300   20.96000   32.92900  
H    18.23400   21.59900   32.33700  
H    16.91000   21.55300   33.56400  
H    18.07300   20.11200   33.40300  
O    16.95500   19.52700   30.78000  
C    24.37800   13.13000   29.10900  
H    24.71300   13.57300   28.16800  
H    23.57700   13.67700   29.61300  
H    25.24500   13.20100   29.77100  
S    23.91400   11.38500   29.03400  
C    24.12400   11.26700   30.82500  
H    23.97600   10.22500   31.12100  
H    25.10600   11.62200   31.14800  
H    23.34600   11.82500   31.35100  
O    25.10600   10.75000   28.38800  
C    26.37300   22.25500   20.25300  
H    25.90800   22.50200   21.21100  
H    27.35300   21.82700   20.47600  
H    26.39600   23.16900   19.65400  
S    25.17500   21.13500   19.49400  
C    23.68600   22.14100   19.68200  
H    23.48700   22.17600   20.75600  
H    23.87100   23.06100   19.12200  
H    22.85300   21.70800   19.12300  
O    24.93100   20.16100   20.60400  
C    24.61700   12.69400   22.23000  
H    24.06000   13.60100   22.47800  
H    25.68500   12.77500   22.44800  
H    24.45000   12.58900   21.15500  
S    23.66700   11.47300   23.16300  
C    23.56200   12.45700   24.67500  
H    24.52100   12.97400   24.76300  
H    22.82100   13.23400   24.47200  
H    23.25600   11.89100   25.55800  
O    24.45500   10.21500   23.35500  
C    19.25300   15.21900   23.52100  
H    18.61600   14.79600   22.74100  
H    19.57600   14.39200   24.16000  
H    18.68300   15.83300   24.22300  
S    20.81700   15.83300   22.85700  
C    21.06700   14.50800   21.65300  
H    20.74000   14.69300   20.62600  
H    22.15800   14.43700   21.67200  
H    20.69000   13.57400   22.07500  
O    21.85800   15.64100   23.91500  
$end

$rem
JOBTYPE  SP
METHOD  B3LYP
BASIS  6-31+G(D)
SYMMETRY  FALSE
SYM_IGNORE  TRUE
MEM_TOTAL  12000
MEM_STATIC  4000
BASIS_LIN_DEP_THRESH  6
THRESH  14
SCF_CONVERGENCE  8
FD_MAT_VEC_PROD  FALSE
XC_GRID  000075000302
NL_GRID  1
MAX_SCF_CYCLES  200
SCF_GUESS  READ_DEN
ALMO_EFIELD  TRUE
GEN_SCFMAN  FALSE
SKIP_SCFMAN  TRUE
ESP_GRID  0
ESP_EFIELD  1
$end
