$molecule
0 1
--
0 1
C    25.93800   19.38200   26.41800  
C    24.88000   20.45100   26.73700  
C    25.36900   21.57800   27.66200  
C    26.64900   22.25600   27.14700  
C    27.71000   21.23900   26.69600  
C    27.18600   20.07100   25.84300  
H    24.57500   22.32000   27.81000  
H    24.56100   20.91900   25.79800  
H    26.20700   18.92500   27.37900  
H    25.57900   18.56200   25.78300  
H    26.42700   22.79800   26.22000  
H    27.05300   22.93700   27.90700  
H    28.61600   21.68900   26.27300  
H    28.01800   20.80200   27.65400  
H    26.99500   20.42900   24.82400  
H    27.97000   19.31600   25.71400  
H    25.49700   21.07300   28.62700  
N    23.68000   19.81800   27.28100  
H    23.75500   19.27300   28.13200  
C    22.46300   19.61800   26.66400  
H    21.79900   18.83600   27.07300  
O    22.14300   20.20900   25.64800  
--
0 1
C    21.81700   18.87700   22.66700  
H    22.36300   18.81200   23.61200  
H    22.04900   19.73300   22.02800  
H    20.75200   18.81100   22.90100  
S    22.07100   17.40400   21.65200  
C    23.86400   17.63300   21.67000  
H    24.18700   17.29100   20.68300  
H    24.20200   18.65900   21.83600  
H    24.24500   16.97000   22.45000  
O    21.69900   17.69100   20.23000  
C    32.85600   23.75300   30.04100  
H    33.23800   22.73400   30.13600  
H    32.65800   24.11900   31.05200  
H    31.99500   23.80700   29.37000  
S    34.02000   24.88100   29.24100  
C    34.35500   25.80300   30.75800  
H    35.07600   26.54100   30.39600  
H    33.44900   26.34200   31.04600  
H    34.83700   25.28000   31.58800  
O    33.35800   25.82500   28.28600  
C    34.07600   20.57900   28.38900  
H    33.68100   20.83700   29.37500  
H    34.14100   19.49900   28.23500  
H    35.05900   21.02800   28.22600  
S    33.03500   21.32000   27.11000  
C    31.76400   20.07300   27.41700  
H    32.04100   19.14800   26.90400  
H    31.57100   19.90200   28.48000  
H    30.89700   20.51000   26.91600  
O    33.66300   21.05900   25.77700  
C    21.45400   21.92700   35.90400  
H    20.78400   21.13300   36.24400  
H    22.37100   21.87900   36.49800  
H    20.90800   22.87300   35.94900  
S    21.82300   21.58100   34.17000  
C    22.12900   19.86800   34.65600  
H    22.41200   19.33300   33.74600  
H    22.78200   19.86600   35.53300  
H    21.16800   19.40400   34.89000  
O    23.20400   22.11900   33.95900  
C    28.41500   13.34800   25.71600  
H    29.17200   12.95500   25.03200  
H    29.10800   13.68200   26.49200  
H    27.58400   12.68200   25.96300  
S    27.70600   14.71400   24.76900  
C    27.14300   13.89900   23.25700  
H    26.26500   13.25700   23.36600  
H    26.97800   14.68900   22.52000  
H    27.93500   13.29200   22.81000  
O    29.00200   15.34400   24.36400  
C    25.73400   20.32900   34.53700  
H    25.51500   20.33900   33.46700  
H    25.93500   19.36000   35.00100  
H    24.94300   20.78800   35.13600  
S    27.15700   21.40700   34.81600  
C    26.54100   22.86400   33.94200  
H    27.30100   23.61100   34.18600  
H    26.58400   22.64100   32.87300  
H    25.57400   23.17900   34.34100  
O    28.20100   20.81000   33.92400  
C    21.05600   22.32300   22.69400  
H    20.12400   21.95700   22.25600  
H    21.70900   22.66000   21.88400  
H    21.54600   21.53900   23.27700  
S    20.82700   23.76500   23.75900  
C    22.43700   23.96900   24.55400  
H    22.65200   23.02800   25.06700  
H    23.26400   24.23100   23.89000  
H    22.36500   24.75800   25.30800  
O    19.91800   23.29600   24.85200  
C    28.69500   27.19600   33.76900  
H    28.11700   26.72900   34.57000  
H    29.56400   27.72700   34.16700  
H    28.10300   27.91200   33.19400  
S    29.20400   25.84400   32.68300  
C    29.75400   27.08700   31.49200  
H    29.79300   26.59600   30.51600  
H    29.04300   27.91300   31.41600  
H    30.76800   27.44400   31.69100  
O    27.89300   25.46600   32.06600  
C    22.77700   15.96900   35.57500  
H    22.39600   16.97700   35.75800  
H    22.10300   15.10900   35.58000  
H    23.58800   15.81500   36.29100  
S    23.47200   15.96400   33.90700  
C    24.40700   14.42300   34.02700  
H    25.17800   14.43000   33.25300  
H    24.85500   14.26300   35.01100  
H    23.76700   13.54900   33.88100  
O    24.45600   17.09100   33.85500  
C    16.79300   17.60100   22.63700  
H    17.16700   18.03800   21.70800  
H    15.77500   17.20900   22.57800  
H    16.71500   18.33900   23.43900  
S    17.92100   16.32700   23.24400  
C    16.78500   15.51200   24.38900  
H    15.74500   15.58500   24.06300  
H    17.17000   14.50000   24.53300  
H    16.88600   15.96500   25.37900  
O    18.92300   16.99300   24.13400  
C    21.89200   13.43200   21.51100  
H    21.24200   12.56700   21.35200  
H    21.47900   14.22000   22.14600  
H    22.01400   13.93500   20.54800  
S    23.52800   12.88500   22.04800  
C    22.99600   12.34100   23.68700  
H    22.58100   11.33300   23.60900  
H    23.87100   12.26800   24.33700  
H    22.24700   13.05300   24.04200  
O    24.34600   14.13500   22.15200  
C    28.31900   16.72200   28.06400  
H    27.32200   16.96400   27.68800  
H    28.96200   16.65100   27.18300  
H    28.25300   15.76900   28.59600  
S    28.84700   18.00500   29.22200  
C    30.30500   17.05700   29.71200  
H    30.29200   16.01200   29.39200  
H    31.24800   17.48300   29.36100  
H    30.32200   17.12300   30.80300  
O    27.94500   17.74300   30.38800  
C    24.48900   21.49300   21.98200  
H    25.22500   20.72900   21.72000  
H    24.28600   21.54500   23.05500  
H    23.60800   21.34600   21.35300  
S    25.14600   23.05200   21.34600  
C    26.41800   23.42100   22.57600  
H    27.43300   23.26100   22.20300  
H    26.18000   24.42700   22.93000  
H    26.29000   22.69600   23.38400  
O    24.02200   24.02100   21.54200  
C    28.51200   25.31400   24.83400  
H    27.74800   25.03300   25.56400  
H    28.58400   26.40100   24.92800  
H    28.30000   24.93800   23.83000  
S    30.04100   24.62000   25.50300  
C    29.95900   25.34500   27.15600  
H    31.00200   25.27200   27.47400  
H    29.55800   26.35600   27.04400  
H    29.18100   24.80100   27.69700  
O    31.09800   25.46200   24.86000  
C    26.91200   11.66500   31.68800  
H    26.80500   11.98900   32.72700  
H    26.26400   10.80500   31.50300  
H    27.96000   11.41800   31.50000  
S    26.46900   12.90700   30.45200  
C    27.43500   14.17200   31.30800  
H    28.51800   14.18000   31.16300  
H    27.11000   15.08700   30.80600  
H    27.12400   14.36400   32.33800  
O    25.09900   13.24900   30.94800  
C    16.77800   21.34900   24.98800  
H    17.32700   21.69800   24.11000  
H    16.39500   20.33000   24.88500  
H    15.97900   22.06300   25.20400  
S    17.89700   21.39200   26.40700  
C    18.91300   19.97200   25.94200  
H    18.27300   19.24100   25.44100  
H    19.73900   20.24600   25.28100  
H    19.35600   19.55700   26.85100  
O    17.04500   20.87700   27.52500  
C    19.94800   19.43500   31.63500  
H    19.64000   20.25200   32.29200  
H    20.93500   19.62900   31.20900  
H    19.28000   19.42200   30.77000  
S    19.67900   17.89100   32.53600  
C    19.83000   16.96500   30.99100  
H    20.03900   15.89600   31.07000  
H    18.90100   17.16200   30.44900  
H    20.73300   17.38600   30.54200  
O    18.21600   17.94100   32.85200  
C    25.52400   19.45000   31.04400  
H    26.04600   19.29800   30.09600  
H    25.36100   20.53000   31.09300  
H    26.15600   19.04900   31.84000  
S    23.93700   18.59800   31.18900  
C    24.42100   17.10600   30.29200  
H    23.51800   16.53100   30.07500  
H    24.85800   17.36000   29.32300  
H    25.10600   16.48600   30.87700  
O    23.14600   19.21400   30.07700  
C    19.05800   16.56200   27.38200  
H    19.01900   17.34100   28.14900  
H    19.48300   16.95600   26.45500  
H    18.12600   16.03800   27.15600  
S    20.27500   15.30700   27.84000  
C    19.80300   14.32300   26.39900  
H    18.73100   14.11200   26.39400  
H    19.90000   14.88500   25.46700  
H    20.30500   13.35200   26.41500  
O    19.72800   14.56900   29.02200  
C    31.06400   17.79400   23.69300  
H    30.59500   16.99600   24.27500  
H    30.58300   18.73700   23.96700  
H    30.97900   17.54800   22.63200  
S    32.85000   17.84600   23.96400  
C    33.31000   19.27300   22.95600  
H    34.31800   19.63200   23.18000  
H    33.37000   18.92400   21.92200  
H    32.60700   20.09600   23.10900  
O    33.29800   16.63400   23.20800  
C    21.96800   25.75800   33.31200  
H    21.17500   26.41500   33.67900  
H    21.71700   25.22300   32.39200  
H    22.39800   25.06100   34.03500  
S    23.35700   26.82400   32.86500  
C    24.46900   25.48100   32.38900  
H    25.45900   25.88800   32.16900  
H    24.55300   24.82600   33.26000  
H    24.00700   24.97900   31.53400  
O    23.96500   27.34600   34.12900  
C    27.88400   20.13900   20.42500  
H    27.16100   19.49700   19.91400  
H    27.42100   21.10800   20.63100  
H    28.73500   20.35400   19.77500  
S    28.40600   19.34600   21.96200  
C    28.56800   17.73500   21.16000  
H    27.60700   17.41500   20.74900  
H    29.36100   17.78800   20.41000  
H    28.73200   16.99300   21.94500  
O    27.11000   19.10800   22.67200  
C    24.31200   27.12500   27.25500  
H    23.44500   26.48300   27.43000  
H    24.41000   27.97800   27.93200  
H    24.30700   27.41100   26.20000  
S    25.78500   26.09600   27.44700  
C    25.40000   25.86600   29.19700  
H    24.63300   25.09200   29.28600  
H    26.19700   25.47300   29.83400  
H    25.02700   26.76600   29.69300  
O    26.92900   27.06100   27.43800  
C    20.46900   22.47900   29.63200  
H    20.13000   23.09000   30.47300  
H    19.86700   22.78300   28.77200  
H    20.24000   21.45600   29.94200  
S    22.20300   22.66800   29.16100  
C    22.84700   22.55700   30.84600  
H    22.36100   23.32200   31.45700  
H    22.45200   21.60400   31.21000  
H    23.93600   22.49200   30.90700  
O    22.43400   24.12600   28.91300  
C    29.78500   22.52900   31.86500  
H    30.64100   23.20800   31.82200  
H    29.00800   22.92600   32.52300  
H    30.09700   21.51300   32.12100  
S    29.09600   22.56400   30.19500  
C    27.98100   21.20600   30.62100  
H    27.49200   21.42000   31.57500  
H    27.26500   21.08700   29.80300  
H    28.54400   20.27700   30.73900  
O    30.10300   21.83300   29.36300  
C    23.42800   16.08800   24.99100  
H    24.08000   15.54100   24.30700  
H    22.42700   15.65400   25.06100  
H    23.45900   17.16700   24.82100  
S    24.10800   15.92000   26.65700  
C    23.82300   14.14400   26.82800  
H    24.74000   13.62000   27.10800  
H    23.16800   14.07400   27.70000  
H    23.35300   13.79000   25.90700  
O    23.02300   16.51200   27.50200  
C    31.21900   24.68700   20.25400  
H    32.11500   24.45700   20.83700  
H    30.99400   24.09100   19.36600  
H    31.24900   25.75200   20.01000  
S    29.88700   24.61900   21.47300  
C    30.16400   22.86200   21.79200  
H    31.24800   22.73100   21.84400  
H    29.70300   22.52400   22.72400  
H    29.81800   22.30600   20.91700  
O    28.75800   24.58800   20.49100  
$end

$rem
JOBTYPE  SP
METHOD  B3LYP
BASIS  6-31+G(D)
SYMMETRY  FALSE
SYM_IGNORE  TRUE
MEM_TOTAL  16000
MEM_STATIC  8000
MAX_SUB_FILE_NUM  16000
BASIS_LIN_DEP_THRESH  6
THRESH  14
SCF_CONVERGENCE  8
GEN_SCFMAN  TRUE
SCF_GUESS  FRAGMO
FD_MAT_VEC_PROD  FALSE
XC_GRID  000075000302
NL_GRID  1
MAX_SCF_CYCLES  200
FRGM_METHOD  STOLL
SCFMI_MODE  1
$end

$development
almo_efield  1
$end

$rem_frgm
SCF_CONVERGENCE  4
$end

@@@

$molecule
0 1
@C    25.93800   19.38200   26.41800  
@C    24.88000   20.45100   26.73700  
@C    25.36900   21.57800   27.66200  
@C    26.64900   22.25600   27.14700  
@C    27.71000   21.23900   26.69600  
@C    27.18600   20.07100   25.84300  
@H    24.57500   22.32000   27.81000  
@H    24.56100   20.91900   25.79800  
@H    26.20700   18.92500   27.37900  
@H    25.57900   18.56200   25.78300  
@H    26.42700   22.79800   26.22000  
@H    27.05300   22.93700   27.90700  
@H    28.61600   21.68900   26.27300  
@H    28.01800   20.80200   27.65400  
@H    26.99500   20.42900   24.82400  
@H    27.97000   19.31600   25.71400  
@H    25.49700   21.07300   28.62700  
@N    23.68000   19.81800   27.28100  
@H    23.75500   19.27300   28.13200  
@C    22.46300   19.61800   26.66400  
@H    21.79900   18.83600   27.07300  
@O    22.14300   20.20900   25.64800  
C    21.81700   18.87700   22.66700  
H    22.36300   18.81200   23.61200  
H    22.04900   19.73300   22.02800  
H    20.75200   18.81100   22.90100  
S    22.07100   17.40400   21.65200  
C    23.86400   17.63300   21.67000  
H    24.18700   17.29100   20.68300  
H    24.20200   18.65900   21.83600  
H    24.24500   16.97000   22.45000  
O    21.69900   17.69100   20.23000  
C    32.85600   23.75300   30.04100  
H    33.23800   22.73400   30.13600  
H    32.65800   24.11900   31.05200  
H    31.99500   23.80700   29.37000  
S    34.02000   24.88100   29.24100  
C    34.35500   25.80300   30.75800  
H    35.07600   26.54100   30.39600  
H    33.44900   26.34200   31.04600  
H    34.83700   25.28000   31.58800  
O    33.35800   25.82500   28.28600  
C    34.07600   20.57900   28.38900  
H    33.68100   20.83700   29.37500  
H    34.14100   19.49900   28.23500  
H    35.05900   21.02800   28.22600  
S    33.03500   21.32000   27.11000  
C    31.76400   20.07300   27.41700  
H    32.04100   19.14800   26.90400  
H    31.57100   19.90200   28.48000  
H    30.89700   20.51000   26.91600  
O    33.66300   21.05900   25.77700  
C    21.45400   21.92700   35.90400  
H    20.78400   21.13300   36.24400  
H    22.37100   21.87900   36.49800  
H    20.90800   22.87300   35.94900  
S    21.82300   21.58100   34.17000  
C    22.12900   19.86800   34.65600  
H    22.41200   19.33300   33.74600  
H    22.78200   19.86600   35.53300  
H    21.16800   19.40400   34.89000  
O    23.20400   22.11900   33.95900  
C    28.41500   13.34800   25.71600  
H    29.17200   12.95500   25.03200  
H    29.10800   13.68200   26.49200  
H    27.58400   12.68200   25.96300  
S    27.70600   14.71400   24.76900  
C    27.14300   13.89900   23.25700  
H    26.26500   13.25700   23.36600  
H    26.97800   14.68900   22.52000  
H    27.93500   13.29200   22.81000  
O    29.00200   15.34400   24.36400  
C    25.73400   20.32900   34.53700  
H    25.51500   20.33900   33.46700  
H    25.93500   19.36000   35.00100  
H    24.94300   20.78800   35.13600  
S    27.15700   21.40700   34.81600  
C    26.54100   22.86400   33.94200  
H    27.30100   23.61100   34.18600  
H    26.58400   22.64100   32.87300  
H    25.57400   23.17900   34.34100  
O    28.20100   20.81000   33.92400  
C    21.05600   22.32300   22.69400  
H    20.12400   21.95700   22.25600  
H    21.70900   22.66000   21.88400  
H    21.54600   21.53900   23.27700  
S    20.82700   23.76500   23.75900  
C    22.43700   23.96900   24.55400  
H    22.65200   23.02800   25.06700  
H    23.26400   24.23100   23.89000  
H    22.36500   24.75800   25.30800  
O    19.91800   23.29600   24.85200  
C    28.69500   27.19600   33.76900  
H    28.11700   26.72900   34.57000  
H    29.56400   27.72700   34.16700  
H    28.10300   27.91200   33.19400  
S    29.20400   25.84400   32.68300  
C    29.75400   27.08700   31.49200  
H    29.79300   26.59600   30.51600  
H    29.04300   27.91300   31.41600  
H    30.76800   27.44400   31.69100  
O    27.89300   25.46600   32.06600  
C    22.77700   15.96900   35.57500  
H    22.39600   16.97700   35.75800  
H    22.10300   15.10900   35.58000  
H    23.58800   15.81500   36.29100  
S    23.47200   15.96400   33.90700  
C    24.40700   14.42300   34.02700  
H    25.17800   14.43000   33.25300  
H    24.85500   14.26300   35.01100  
H    23.76700   13.54900   33.88100  
O    24.45600   17.09100   33.85500  
C    16.79300   17.60100   22.63700  
H    17.16700   18.03800   21.70800  
H    15.77500   17.20900   22.57800  
H    16.71500   18.33900   23.43900  
S    17.92100   16.32700   23.24400  
C    16.78500   15.51200   24.38900  
H    15.74500   15.58500   24.06300  
H    17.17000   14.50000   24.53300  
H    16.88600   15.96500   25.37900  
O    18.92300   16.99300   24.13400  
C    21.89200   13.43200   21.51100  
H    21.24200   12.56700   21.35200  
H    21.47900   14.22000   22.14600  
H    22.01400   13.93500   20.54800  
S    23.52800   12.88500   22.04800  
C    22.99600   12.34100   23.68700  
H    22.58100   11.33300   23.60900  
H    23.87100   12.26800   24.33700  
H    22.24700   13.05300   24.04200  
O    24.34600   14.13500   22.15200  
C    28.31900   16.72200   28.06400  
H    27.32200   16.96400   27.68800  
H    28.96200   16.65100   27.18300  
H    28.25300   15.76900   28.59600  
S    28.84700   18.00500   29.22200  
C    30.30500   17.05700   29.71200  
H    30.29200   16.01200   29.39200  
H    31.24800   17.48300   29.36100  
H    30.32200   17.12300   30.80300  
O    27.94500   17.74300   30.38800  
C    24.48900   21.49300   21.98200  
H    25.22500   20.72900   21.72000  
H    24.28600   21.54500   23.05500  
H    23.60800   21.34600   21.35300  
S    25.14600   23.05200   21.34600  
C    26.41800   23.42100   22.57600  
H    27.43300   23.26100   22.20300  
H    26.18000   24.42700   22.93000  
H    26.29000   22.69600   23.38400  
O    24.02200   24.02100   21.54200  
C    28.51200   25.31400   24.83400  
H    27.74800   25.03300   25.56400  
H    28.58400   26.40100   24.92800  
H    28.30000   24.93800   23.83000  
S    30.04100   24.62000   25.50300  
C    29.95900   25.34500   27.15600  
H    31.00200   25.27200   27.47400  
H    29.55800   26.35600   27.04400  
H    29.18100   24.80100   27.69700  
O    31.09800   25.46200   24.86000  
C    26.91200   11.66500   31.68800  
H    26.80500   11.98900   32.72700  
H    26.26400   10.80500   31.50300  
H    27.96000   11.41800   31.50000  
S    26.46900   12.90700   30.45200  
C    27.43500   14.17200   31.30800  
H    28.51800   14.18000   31.16300  
H    27.11000   15.08700   30.80600  
H    27.12400   14.36400   32.33800  
O    25.09900   13.24900   30.94800  
C    16.77800   21.34900   24.98800  
H    17.32700   21.69800   24.11000  
H    16.39500   20.33000   24.88500  
H    15.97900   22.06300   25.20400  
S    17.89700   21.39200   26.40700  
C    18.91300   19.97200   25.94200  
H    18.27300   19.24100   25.44100  
H    19.73900   20.24600   25.28100  
H    19.35600   19.55700   26.85100  
O    17.04500   20.87700   27.52500  
C    19.94800   19.43500   31.63500  
H    19.64000   20.25200   32.29200  
H    20.93500   19.62900   31.20900  
H    19.28000   19.42200   30.77000  
S    19.67900   17.89100   32.53600  
C    19.83000   16.96500   30.99100  
H    20.03900   15.89600   31.07000  
H    18.90100   17.16200   30.44900  
H    20.73300   17.38600   30.54200  
O    18.21600   17.94100   32.85200  
C    25.52400   19.45000   31.04400  
H    26.04600   19.29800   30.09600  
H    25.36100   20.53000   31.09300  
H    26.15600   19.04900   31.84000  
S    23.93700   18.59800   31.18900  
C    24.42100   17.10600   30.29200  
H    23.51800   16.53100   30.07500  
H    24.85800   17.36000   29.32300  
H    25.10600   16.48600   30.87700  
O    23.14600   19.21400   30.07700  
C    19.05800   16.56200   27.38200  
H    19.01900   17.34100   28.14900  
H    19.48300   16.95600   26.45500  
H    18.12600   16.03800   27.15600  
S    20.27500   15.30700   27.84000  
C    19.80300   14.32300   26.39900  
H    18.73100   14.11200   26.39400  
H    19.90000   14.88500   25.46700  
H    20.30500   13.35200   26.41500  
O    19.72800   14.56900   29.02200  
C    31.06400   17.79400   23.69300  
H    30.59500   16.99600   24.27500  
H    30.58300   18.73700   23.96700  
H    30.97900   17.54800   22.63200  
S    32.85000   17.84600   23.96400  
C    33.31000   19.27300   22.95600  
H    34.31800   19.63200   23.18000  
H    33.37000   18.92400   21.92200  
H    32.60700   20.09600   23.10900  
O    33.29800   16.63400   23.20800  
C    21.96800   25.75800   33.31200  
H    21.17500   26.41500   33.67900  
H    21.71700   25.22300   32.39200  
H    22.39800   25.06100   34.03500  
S    23.35700   26.82400   32.86500  
C    24.46900   25.48100   32.38900  
H    25.45900   25.88800   32.16900  
H    24.55300   24.82600   33.26000  
H    24.00700   24.97900   31.53400  
O    23.96500   27.34600   34.12900  
C    27.88400   20.13900   20.42500  
H    27.16100   19.49700   19.91400  
H    27.42100   21.10800   20.63100  
H    28.73500   20.35400   19.77500  
S    28.40600   19.34600   21.96200  
C    28.56800   17.73500   21.16000  
H    27.60700   17.41500   20.74900  
H    29.36100   17.78800   20.41000  
H    28.73200   16.99300   21.94500  
O    27.11000   19.10800   22.67200  
C    24.31200   27.12500   27.25500  
H    23.44500   26.48300   27.43000  
H    24.41000   27.97800   27.93200  
H    24.30700   27.41100   26.20000  
S    25.78500   26.09600   27.44700  
C    25.40000   25.86600   29.19700  
H    24.63300   25.09200   29.28600  
H    26.19700   25.47300   29.83400  
H    25.02700   26.76600   29.69300  
O    26.92900   27.06100   27.43800  
C    20.46900   22.47900   29.63200  
H    20.13000   23.09000   30.47300  
H    19.86700   22.78300   28.77200  
H    20.24000   21.45600   29.94200  
S    22.20300   22.66800   29.16100  
C    22.84700   22.55700   30.84600  
H    22.36100   23.32200   31.45700  
H    22.45200   21.60400   31.21000  
H    23.93600   22.49200   30.90700  
O    22.43400   24.12600   28.91300  
C    29.78500   22.52900   31.86500  
H    30.64100   23.20800   31.82200  
H    29.00800   22.92600   32.52300  
H    30.09700   21.51300   32.12100  
S    29.09600   22.56400   30.19500  
C    27.98100   21.20600   30.62100  
H    27.49200   21.42000   31.57500  
H    27.26500   21.08700   29.80300  
H    28.54400   20.27700   30.73900  
O    30.10300   21.83300   29.36300  
C    23.42800   16.08800   24.99100  
H    24.08000   15.54100   24.30700  
H    22.42700   15.65400   25.06100  
H    23.45900   17.16700   24.82100  
S    24.10800   15.92000   26.65700  
C    23.82300   14.14400   26.82800  
H    24.74000   13.62000   27.10800  
H    23.16800   14.07400   27.70000  
H    23.35300   13.79000   25.90700  
O    23.02300   16.51200   27.50200  
C    31.21900   24.68700   20.25400  
H    32.11500   24.45700   20.83700  
H    30.99400   24.09100   19.36600  
H    31.24900   25.75200   20.01000  
S    29.88700   24.61900   21.47300  
C    30.16400   22.86200   21.79200  
H    31.24800   22.73100   21.84400  
H    29.70300   22.52400   22.72400  
H    29.81800   22.30600   20.91700  
O    28.75800   24.58800   20.49100  
$end

$rem
JOBTYPE  SP
METHOD  B3LYP
BASIS  6-31+G(D)
SYMMETRY  FALSE
SYM_IGNORE  TRUE
MEM_TOTAL  16000
MEM_STATIC  8000
MAX_SUB_FILE_NUM  16000
BASIS_LIN_DEP_THRESH  6
THRESH  14
SCF_CONVERGENCE  8
GEN_SCFMAN  FALSE
SCF_GUESS  READ_DEN
FD_MAT_VEC_PROD  FALSE
XC_GRID  000075000302
NL_GRID  1
MAX_SCF_CYCLES  200
SKIP_SCFMAN  TRUE
ESP_GRID  0
ESP_EFIELD  1
$end

$development
almo_efield  1
$end

