$molecule
0 1
--
0 1
C    23.10500   15.11500   26.76000  
C    22.23500   15.20100   28.02500  
C    22.77700   16.23600   29.02400  
C    22.79800   17.61800   28.35000  
C    23.67200   17.62200   27.08500  
C    23.32800   16.48800   26.10600  
H    22.13800   16.20400   29.91500  
H    21.28500   15.59100   27.63900  
H    24.07700   14.73700   27.10100  
H    22.62700   14.38600   26.09400  
H    21.79600   17.93900   28.04000  
H    23.15900   18.41600   29.01000  
H    23.50300   18.59900   26.61700  
H    24.71400   17.61400   27.42800  
H    22.43500   16.83100   25.56800  
H    24.15800   16.50900   25.38900  
H    23.76800   15.97000   29.41100  
N    22.06800   13.91100   28.69300  
H    22.96600   13.59800   29.04000  
C    20.86800   13.24400   28.82100  
H    20.95200   12.28500   29.36400  
O    19.74600   13.58400   28.49000  
--
0 1
C    22.51200   22.73100   21.28400  
H    23.44800   23.06800   20.83100  
H    21.66200   23.07300   20.68900  
H    22.32100   23.08100   22.30100  
S    22.43500   20.92600   21.22600  
C    22.61800   20.84700   19.43000  
H    21.91300   21.61800   19.11000  
H    23.62900   21.08600   19.08900  
H    22.35200   19.83700   19.10900  
O    20.97800   20.68500   21.47000  
C    18.65400   15.70800   25.54000  
H    18.99300   16.70900   25.81800  
H    17.59400   15.68100   25.80400  
H    19.25900   14.95800   26.05600  
S    18.93500   15.32600   23.79600  
C    18.14200   16.84700   23.22700  
H    17.97300   16.74000   22.15300  
H    17.11300   16.93300   23.58500  
H    18.75900   17.70700   23.50400  
O    18.01700   14.17300   23.53200  
C    22.81900   23.32800   29.05400  
H    22.82000   24.41900   29.12300  
H    22.43800   22.94100   28.10600  
H    22.41000   22.78900   29.91300  
S    24.57400   22.93700   29.22800  
C    24.22600   21.18800   28.93800  
H    24.96800   20.52600   29.39200  
H    23.31200   20.92700   29.47800  
H    24.12400   20.96700   27.87300  
O    24.77300   22.85200   30.71000  
C    27.67200   11.73900   24.44900  
H    27.31000   12.48500   25.16100  
H    28.63300   12.07200   24.05000  
H    27.01600   11.62800   23.58100  
S    28.03100   10.14200   25.21300  
C    29.06900   10.77100   26.55200  
H    29.85000   11.43200   26.16800  
H    28.49000   11.35300   27.27300  
H    29.57100   9.91600    27.01200  
O    29.05800   9.60100    24.26800  
C    29.87600   20.42100   30.89500  
H    28.91900   20.54200   30.38100  
H    29.68400   19.93000   31.85300  
H    30.37000   21.39500   30.85200  
S    30.91800   19.21900   30.03800  
C    29.87900   17.78000   30.37800  
H    28.95400   18.03000   29.85200  
H    30.33200   16.90700   29.90000  
H    29.80500   17.57900   31.44900  
O    32.15000   19.00000   30.86000  
C    25.19200   18.31500   31.50300  
H    25.60900   18.56900   30.52500  
H    25.22400   17.23300   31.65700  
H    24.20400   18.73500   31.70600  
S    26.18900   19.07200   32.80600  
C    26.40700   20.63600   31.92600  
H    25.42600   21.11300   31.99200  
H    27.15600   21.27600   32.40100  
H    26.63900   20.28400   30.91800  
O    27.51000   18.41100   32.56200  
C    14.63800   9.85900    29.37500  
H    15.49600   10.08700   28.73800  
H    14.78000   8.80800    29.64200  
H    13.84200   9.98200    28.63700  
S    14.64000   10.88800   30.86000  
C    14.49700   12.48500   30.02700  
H    13.56000   12.63600   29.48300  
H    14.60400   13.24600   30.80400  
H    15.38100   12.62900   29.40100  
O    16.05500   10.57100   31.23300  
C    29.62400   13.23700   34.37500  
H    29.31300   12.24400   34.71000  
H    30.71100   13.34900   34.41300  
H    29.17800   13.95700   35.06600  
S    29.11000   13.64900   32.69300  
C    29.27100   15.44600   32.77600  
H    30.34100   15.59800   32.61100  
H    28.65400   15.89600   31.99400  
H    29.03800   15.86600   33.75800  
O    27.64600   13.33200   32.69300  
C    22.56100   22.42800   33.46300  
H    23.36200   22.80000   32.81900  
H    21.60800   22.68100   32.99200  
H    22.73600   22.79300   34.47800  
S    22.55400   20.62900   33.63500  
C    21.35000   20.74800   34.97700  
H    20.51000   21.39700   34.71400  
H    20.88800   19.76100   35.06000  
H    21.81500   21.10100   35.90100  
O    23.90700   20.53300   34.26700  
C    15.26200   12.89100   24.75700  
H    15.57700   11.87900   24.48900  
H    14.24300   13.19700   24.50700  
H    15.96600   13.64300   24.39200  
S    15.25900   12.96100   26.56300  
C    16.90600   12.26400   26.81600  
H    17.13000   12.41200   27.87500  
H    16.92400   11.17400   26.73600  
H    17.62200   12.76600   26.16100  
O    14.31000   11.84400   26.86900  
C    22.88100   7.59400    30.58700  
H    22.65400   8.15700    29.67800  
H    23.45800   8.17900    31.30700  
H    23.43300   6.66500    30.42200  
S    21.21900   7.36100    31.25800  
C    21.84100   6.96500    32.90800  
H    22.54400   6.12800    32.88800  
H    22.26700   7.88000    33.32600  
H    21.00000   6.58500    33.49400  
O    20.78900   6.07600    30.62200  
C    20.61600   10.12800   21.59000  
H    21.39800   9.45100    21.94300  
H    19.81300   9.56600    21.10700  
H    21.07400   10.84800   20.90600  
S    19.94700   11.04800   22.99400  
C    21.29700   12.17800   23.40200  
H    21.07600   12.68200   24.34600  
H    22.24000   11.62600   23.41700  
H    21.36800   12.94900   22.63100  
O    19.82500   10.13900   24.17700  
C    27.49600   14.13700   27.52100  
H    28.31000   13.67000   26.96200  
H    26.57100   13.55600   27.50100  
H    27.38000   15.16500   27.16800  
S    27.97300   14.23500   29.26200  
C    26.93000   15.63600   29.72500  
H    27.20500   15.77300   30.77400  
H    27.11400   16.58900   29.22200  
H    25.89200   15.30600   29.63600  
O    29.41900   14.61400   29.19200  
C    25.01900   18.94400   23.33100  
H    25.79500   19.69900   23.48000  
H    24.12700   19.55900   23.18500  
H    24.81200   18.28100   24.17600  
S    25.59500   18.19200   21.79200  
C    25.90300   19.73000   20.89500  
H    26.98200   19.89900   20.92100  
H    25.59100   19.55800   19.86100  
H    25.29800   20.52100   21.34700  
O    24.27500   17.75100   21.24200  
C    17.45100   15.54800   29.79900  
H    17.89900   15.49500   28.80400  
H    17.26000   14.51000   30.08300  
H    16.44500   15.91800   29.58200  
S    18.37300   16.62900   30.91700  
C    17.37900   16.11200   32.33500  
H    17.91900   16.58000   33.16200  
H    16.35800   16.47300   32.18900  
H    17.37500   15.02200   32.41700  
O    17.64400   17.91500   30.68000  
C    23.02400   16.42600   34.40700  
H    23.00400   16.09400   35.44800  
H    23.54100   15.74500   33.72600  
H    23.49600   17.41200   34.39500  
S    21.39600   16.82200   33.73000  
C    20.97500   15.10700   33.34900  
H    21.48200   14.73100   32.45700  
H    21.20600   14.51000   34.23500  
H    19.90000   15.06200   33.15900  
O    21.65700   17.25700   32.32100  
C    28.57500   7.77800    30.63800  
H    28.33700   7.97500    31.68700  
H    28.37500   6.74900    30.33000  
H    29.62200   7.98400    30.40400  
S    27.60100   8.86100    29.56800  
C    28.04300   10.37200   30.45500  
H    27.77900   10.24100   31.50800  
H    29.12900   10.44500   30.35700  
H    27.52900   11.20600   29.97100  
O    26.17200   8.55400    29.89300  
C    20.79200   19.88600   30.13800  
H    21.36900   20.65000   29.61000  
H    21.28700   19.57500   31.06200  
H    20.60400   19.04800   29.46200  
S    19.23700   20.61200   30.70300  
C    18.53800   20.88200   29.05900  
H    18.52100   19.91500   28.55000  
H    17.64300   21.51000   29.07100  
H    19.25200   21.38200   28.40000  
O    19.61500   22.00900   31.08400  
C    23.26400   11.50000   31.49200  
H    23.35400   11.55400   32.58000  
H    22.41100   12.12200   31.20800  
H    23.06000   10.50000   31.10100  
S    24.71100   12.44200   30.95800  
C    24.29900   14.01400   31.74800  
H    23.26000   14.29900   31.56300  
H    24.37200   13.78500   32.81400  
H    25.03800   14.80400   31.58900  
O    24.65300   12.80000   29.50600  
C    27.10300   20.91300   26.37700  
H    26.16100   20.36000   26.42400  
H    26.97300   21.92600   26.76700  
H    27.55700   20.93600   25.38400  
S    28.19100   20.14300   27.59800  
C    28.59000   18.73400   26.54000  
H    28.88500   17.99000   27.28500  
H    27.66700   18.31300   26.13500  
H    29.32900   18.98000   25.77300  
O    27.09200   19.61000   28.46300  
C    19.04900   12.44400   31.59800  
H    19.05600   13.52500   31.43500  
H    19.59200   11.85300   30.85600  
H    18.00400   12.12200   31.57600  
S    19.76900   12.00800   33.19600  
C    18.90400   10.42600   33.32000  
H    17.85200   10.67800   33.16700  
H    19.29600   9.80000    32.51500  
H    19.03800   9.88800    34.26200  
O    19.05700   12.79300   34.25300  
C    29.46200   16.82700   23.30800  
H    29.56800   16.69300   22.22800  
H    28.68800   16.19100   23.74400  
H    29.36300   17.84600   23.68900  
S    31.08500   16.25700   23.86300  
C    30.63900   14.56300   24.30300  
H    30.06700   14.08700   23.50200  
H    31.57600   14.07200   24.58000  
H    29.90200   14.67500   25.10200  
O    30.97500   16.82900   25.24200  
C    26.94300   14.32100   19.89800  
H    27.88900   13.83000   19.65300  
H    26.22600   13.86000   19.21400  
H    27.05600   15.40800   19.88800  
S    26.70700   13.68400   21.57200  
C    25.13600   14.57700   21.59100  
H    24.43300   13.75100   21.45600  
H    24.94400   15.10400   22.52900  
H    25.07700   15.31800   20.79000  
O    27.60800   14.58000   22.36300  
C    25.48900   24.26200   25.53400  
H    26.40900   24.13800   24.95700  
H    25.22900   25.30800   25.35000  
H    25.54400   24.14400   26.61900  
S    24.17200   23.27900   24.78200  
C    22.86200   24.33100   25.44500  
H    22.98800   25.34800   25.06400  
H    21.87100   23.97800   25.15000  
H    22.82600   24.22000   26.53200  
O    24.16700   22.06800   25.66200  
C    18.16800   8.04300    29.64500  
H    18.23800   8.31200    30.70200  
H    17.12700   7.91400    29.33900  
H    18.64500   7.07200    29.48900  
S    18.92000   9.45000    28.79700  
C    19.60600   8.52300    27.40500  
H    18.83000   7.97700    26.86300  
H    20.17700   9.11800    26.68800  
H    20.22500   7.73600    27.84200  
O    20.12500   9.78100    29.62200  
C    25.91800   14.26200   35.47200  
H    25.45000   15.19000   35.81000  
H    26.90100   14.08100   35.91300  
H    25.93200   14.35500   34.38300  
S    24.85200   12.84100   35.80100  
C    25.79600   11.73200   34.73100  
H    26.79400   11.81300   35.16800  
H    25.39200   10.71900   34.64800  
H    25.71900   12.25700   33.77600  
O    23.58800   13.20300   35.08400  
C    21.19500   20.91900   25.90300  
H    21.68800   21.62400   25.22900  
H    20.54000   21.48500   26.57000  
H    21.89800   20.44900   26.59600  
S    20.14300   19.85200   24.89300  
C    19.10000   21.11900   24.13700  
H    18.57500   20.60100   23.33000  
H    18.38200   21.36700   24.92300  
H    19.58800   21.97600   23.66600  
O    19.19500   19.32400   25.92400  
C    24.75300   10.03000   27.52900  
H    24.08700   9.46700    28.18800  
H    25.32500   9.45700    26.79600  
H    25.50200   10.51800   28.15800  
S    24.02200   11.33300   26.51300  
C    22.35500   10.63700   26.50600  
H    22.43600   9.83800    25.76500  
H    22.11100   10.26600   27.50400  
H    21.66600   11.41600   26.16900  
O    24.44400   10.87500   25.15100  
C    20.44700   17.34500   17.97700  
H    19.61600   17.42100   17.27100  
H    21.26000   18.06100   17.83800  
H    20.71400   16.30800   17.75700  
S    19.78300   17.49400   19.65100  
C    21.03000   16.49100   20.48900  
H    21.25000   15.67300   19.79800  
H    21.98100   17.02400   20.57300  
H    20.58700   16.11300   21.41400  
O    18.52400   16.68700   19.58100  
$end

$rem
JOBTYPE  SP
METHOD  B3LYP
BASIS  6-31+G(D)
SYMMETRY  FALSE
SYM_IGNORE  TRUE
MEM_TOTAL  12000
MEM_STATIC  4000
BASIS_LIN_DEP_THRESH  6
THRESH  14
SCF_CONVERGENCE  8
FD_MAT_VEC_PROD  FALSE
XC_GRID  000075000302
NL_GRID  1
MAX_SCF_CYCLES  200
FRGM_METHOD  STOLL
SCFMI_MODE  1
ALMO_EFIELD  TRUE
$end

$rem_frgm
SCF_CONVERGENCE  4
$end


@@@

$molecule
0 1
@C    23.10500   15.11500   26.76000  
@C    22.23500   15.20100   28.02500  
@C    22.77700   16.23600   29.02400  
@C    22.79800   17.61800   28.35000  
@C    23.67200   17.62200   27.08500  
@C    23.32800   16.48800   26.10600  
@H    22.13800   16.20400   29.91500  
@H    21.28500   15.59100   27.63900  
@H    24.07700   14.73700   27.10100  
@H    22.62700   14.38600   26.09400  
@H    21.79600   17.93900   28.04000  
@H    23.15900   18.41600   29.01000  
@H    23.50300   18.59900   26.61700  
@H    24.71400   17.61400   27.42800  
@H    22.43500   16.83100   25.56800  
@H    24.15800   16.50900   25.38900  
@H    23.76800   15.97000   29.41100  
@N    22.06800   13.91100   28.69300  
@H    22.96600   13.59800   29.04000  
@C    20.86800   13.24400   28.82100  
@H    20.95200   12.28500   29.36400  
@O    19.74600   13.58400   28.49000  
C    22.51200   22.73100   21.28400  
H    23.44800   23.06800   20.83100  
H    21.66200   23.07300   20.68900  
H    22.32100   23.08100   22.30100  
S    22.43500   20.92600   21.22600  
C    22.61800   20.84700   19.43000  
H    21.91300   21.61800   19.11000  
H    23.62900   21.08600   19.08900  
H    22.35200   19.83700   19.10900  
O    20.97800   20.68500   21.47000  
C    18.65400   15.70800   25.54000  
H    18.99300   16.70900   25.81800  
H    17.59400   15.68100   25.80400  
H    19.25900   14.95800   26.05600  
S    18.93500   15.32600   23.79600  
C    18.14200   16.84700   23.22700  
H    17.97300   16.74000   22.15300  
H    17.11300   16.93300   23.58500  
H    18.75900   17.70700   23.50400  
O    18.01700   14.17300   23.53200  
C    22.81900   23.32800   29.05400  
H    22.82000   24.41900   29.12300  
H    22.43800   22.94100   28.10600  
H    22.41000   22.78900   29.91300  
S    24.57400   22.93700   29.22800  
C    24.22600   21.18800   28.93800  
H    24.96800   20.52600   29.39200  
H    23.31200   20.92700   29.47800  
H    24.12400   20.96700   27.87300  
O    24.77300   22.85200   30.71000  
C    27.67200   11.73900   24.44900  
H    27.31000   12.48500   25.16100  
H    28.63300   12.07200   24.05000  
H    27.01600   11.62800   23.58100  
S    28.03100   10.14200   25.21300  
C    29.06900   10.77100   26.55200  
H    29.85000   11.43200   26.16800  
H    28.49000   11.35300   27.27300  
H    29.57100   9.91600    27.01200  
O    29.05800   9.60100    24.26800  
C    29.87600   20.42100   30.89500  
H    28.91900   20.54200   30.38100  
H    29.68400   19.93000   31.85300  
H    30.37000   21.39500   30.85200  
S    30.91800   19.21900   30.03800  
C    29.87900   17.78000   30.37800  
H    28.95400   18.03000   29.85200  
H    30.33200   16.90700   29.90000  
H    29.80500   17.57900   31.44900  
O    32.15000   19.00000   30.86000  
C    25.19200   18.31500   31.50300  
H    25.60900   18.56900   30.52500  
H    25.22400   17.23300   31.65700  
H    24.20400   18.73500   31.70600  
S    26.18900   19.07200   32.80600  
C    26.40700   20.63600   31.92600  
H    25.42600   21.11300   31.99200  
H    27.15600   21.27600   32.40100  
H    26.63900   20.28400   30.91800  
O    27.51000   18.41100   32.56200  
C    14.63800   9.85900    29.37500  
H    15.49600   10.08700   28.73800  
H    14.78000   8.80800    29.64200  
H    13.84200   9.98200    28.63700  
S    14.64000   10.88800   30.86000  
C    14.49700   12.48500   30.02700  
H    13.56000   12.63600   29.48300  
H    14.60400   13.24600   30.80400  
H    15.38100   12.62900   29.40100  
O    16.05500   10.57100   31.23300  
C    29.62400   13.23700   34.37500  
H    29.31300   12.24400   34.71000  
H    30.71100   13.34900   34.41300  
H    29.17800   13.95700   35.06600  
S    29.11000   13.64900   32.69300  
C    29.27100   15.44600   32.77600  
H    30.34100   15.59800   32.61100  
H    28.65400   15.89600   31.99400  
H    29.03800   15.86600   33.75800  
O    27.64600   13.33200   32.69300  
C    22.56100   22.42800   33.46300  
H    23.36200   22.80000   32.81900  
H    21.60800   22.68100   32.99200  
H    22.73600   22.79300   34.47800  
S    22.55400   20.62900   33.63500  
C    21.35000   20.74800   34.97700  
H    20.51000   21.39700   34.71400  
H    20.88800   19.76100   35.06000  
H    21.81500   21.10100   35.90100  
O    23.90700   20.53300   34.26700  
C    15.26200   12.89100   24.75700  
H    15.57700   11.87900   24.48900  
H    14.24300   13.19700   24.50700  
H    15.96600   13.64300   24.39200  
S    15.25900   12.96100   26.56300  
C    16.90600   12.26400   26.81600  
H    17.13000   12.41200   27.87500  
H    16.92400   11.17400   26.73600  
H    17.62200   12.76600   26.16100  
O    14.31000   11.84400   26.86900  
C    22.88100   7.59400    30.58700  
H    22.65400   8.15700    29.67800  
H    23.45800   8.17900    31.30700  
H    23.43300   6.66500    30.42200  
S    21.21900   7.36100    31.25800  
C    21.84100   6.96500    32.90800  
H    22.54400   6.12800    32.88800  
H    22.26700   7.88000    33.32600  
H    21.00000   6.58500    33.49400  
O    20.78900   6.07600    30.62200  
C    20.61600   10.12800   21.59000  
H    21.39800   9.45100    21.94300  
H    19.81300   9.56600    21.10700  
H    21.07400   10.84800   20.90600  
S    19.94700   11.04800   22.99400  
C    21.29700   12.17800   23.40200  
H    21.07600   12.68200   24.34600  
H    22.24000   11.62600   23.41700  
H    21.36800   12.94900   22.63100  
O    19.82500   10.13900   24.17700  
C    27.49600   14.13700   27.52100  
H    28.31000   13.67000   26.96200  
H    26.57100   13.55600   27.50100  
H    27.38000   15.16500   27.16800  
S    27.97300   14.23500   29.26200  
C    26.93000   15.63600   29.72500  
H    27.20500   15.77300   30.77400  
H    27.11400   16.58900   29.22200  
H    25.89200   15.30600   29.63600  
O    29.41900   14.61400   29.19200  
C    25.01900   18.94400   23.33100  
H    25.79500   19.69900   23.48000  
H    24.12700   19.55900   23.18500  
H    24.81200   18.28100   24.17600  
S    25.59500   18.19200   21.79200  
C    25.90300   19.73000   20.89500  
H    26.98200   19.89900   20.92100  
H    25.59100   19.55800   19.86100  
H    25.29800   20.52100   21.34700  
O    24.27500   17.75100   21.24200  
C    17.45100   15.54800   29.79900  
H    17.89900   15.49500   28.80400  
H    17.26000   14.51000   30.08300  
H    16.44500   15.91800   29.58200  
S    18.37300   16.62900   30.91700  
C    17.37900   16.11200   32.33500  
H    17.91900   16.58000   33.16200  
H    16.35800   16.47300   32.18900  
H    17.37500   15.02200   32.41700  
O    17.64400   17.91500   30.68000  
C    23.02400   16.42600   34.40700  
H    23.00400   16.09400   35.44800  
H    23.54100   15.74500   33.72600  
H    23.49600   17.41200   34.39500  
S    21.39600   16.82200   33.73000  
C    20.97500   15.10700   33.34900  
H    21.48200   14.73100   32.45700  
H    21.20600   14.51000   34.23500  
H    19.90000   15.06200   33.15900  
O    21.65700   17.25700   32.32100  
C    28.57500   7.77800    30.63800  
H    28.33700   7.97500    31.68700  
H    28.37500   6.74900    30.33000  
H    29.62200   7.98400    30.40400  
S    27.60100   8.86100    29.56800  
C    28.04300   10.37200   30.45500  
H    27.77900   10.24100   31.50800  
H    29.12900   10.44500   30.35700  
H    27.52900   11.20600   29.97100  
O    26.17200   8.55400    29.89300  
C    20.79200   19.88600   30.13800  
H    21.36900   20.65000   29.61000  
H    21.28700   19.57500   31.06200  
H    20.60400   19.04800   29.46200  
S    19.23700   20.61200   30.70300  
C    18.53800   20.88200   29.05900  
H    18.52100   19.91500   28.55000  
H    17.64300   21.51000   29.07100  
H    19.25200   21.38200   28.40000  
O    19.61500   22.00900   31.08400  
C    23.26400   11.50000   31.49200  
H    23.35400   11.55400   32.58000  
H    22.41100   12.12200   31.20800  
H    23.06000   10.50000   31.10100  
S    24.71100   12.44200   30.95800  
C    24.29900   14.01400   31.74800  
H    23.26000   14.29900   31.56300  
H    24.37200   13.78500   32.81400  
H    25.03800   14.80400   31.58900  
O    24.65300   12.80000   29.50600  
C    27.10300   20.91300   26.37700  
H    26.16100   20.36000   26.42400  
H    26.97300   21.92600   26.76700  
H    27.55700   20.93600   25.38400  
S    28.19100   20.14300   27.59800  
C    28.59000   18.73400   26.54000  
H    28.88500   17.99000   27.28500  
H    27.66700   18.31300   26.13500  
H    29.32900   18.98000   25.77300  
O    27.09200   19.61000   28.46300  
C    19.04900   12.44400   31.59800  
H    19.05600   13.52500   31.43500  
H    19.59200   11.85300   30.85600  
H    18.00400   12.12200   31.57600  
S    19.76900   12.00800   33.19600  
C    18.90400   10.42600   33.32000  
H    17.85200   10.67800   33.16700  
H    19.29600   9.80000    32.51500  
H    19.03800   9.88800    34.26200  
O    19.05700   12.79300   34.25300  
C    29.46200   16.82700   23.30800  
H    29.56800   16.69300   22.22800  
H    28.68800   16.19100   23.74400  
H    29.36300   17.84600   23.68900  
S    31.08500   16.25700   23.86300  
C    30.63900   14.56300   24.30300  
H    30.06700   14.08700   23.50200  
H    31.57600   14.07200   24.58000  
H    29.90200   14.67500   25.10200  
O    30.97500   16.82900   25.24200  
C    26.94300   14.32100   19.89800  
H    27.88900   13.83000   19.65300  
H    26.22600   13.86000   19.21400  
H    27.05600   15.40800   19.88800  
S    26.70700   13.68400   21.57200  
C    25.13600   14.57700   21.59100  
H    24.43300   13.75100   21.45600  
H    24.94400   15.10400   22.52900  
H    25.07700   15.31800   20.79000  
O    27.60800   14.58000   22.36300  
C    25.48900   24.26200   25.53400  
H    26.40900   24.13800   24.95700  
H    25.22900   25.30800   25.35000  
H    25.54400   24.14400   26.61900  
S    24.17200   23.27900   24.78200  
C    22.86200   24.33100   25.44500  
H    22.98800   25.34800   25.06400  
H    21.87100   23.97800   25.15000  
H    22.82600   24.22000   26.53200  
O    24.16700   22.06800   25.66200  
C    18.16800   8.04300    29.64500  
H    18.23800   8.31200    30.70200  
H    17.12700   7.91400    29.33900  
H    18.64500   7.07200    29.48900  
S    18.92000   9.45000    28.79700  
C    19.60600   8.52300    27.40500  
H    18.83000   7.97700    26.86300  
H    20.17700   9.11800    26.68800  
H    20.22500   7.73600    27.84200  
O    20.12500   9.78100    29.62200  
C    25.91800   14.26200   35.47200  
H    25.45000   15.19000   35.81000  
H    26.90100   14.08100   35.91300  
H    25.93200   14.35500   34.38300  
S    24.85200   12.84100   35.80100  
C    25.79600   11.73200   34.73100  
H    26.79400   11.81300   35.16800  
H    25.39200   10.71900   34.64800  
H    25.71900   12.25700   33.77600  
O    23.58800   13.20300   35.08400  
C    21.19500   20.91900   25.90300  
H    21.68800   21.62400   25.22900  
H    20.54000   21.48500   26.57000  
H    21.89800   20.44900   26.59600  
S    20.14300   19.85200   24.89300  
C    19.10000   21.11900   24.13700  
H    18.57500   20.60100   23.33000  
H    18.38200   21.36700   24.92300  
H    19.58800   21.97600   23.66600  
O    19.19500   19.32400   25.92400  
C    24.75300   10.03000   27.52900  
H    24.08700   9.46700    28.18800  
H    25.32500   9.45700    26.79600  
H    25.50200   10.51800   28.15800  
S    24.02200   11.33300   26.51300  
C    22.35500   10.63700   26.50600  
H    22.43600   9.83800    25.76500  
H    22.11100   10.26600   27.50400  
H    21.66600   11.41600   26.16900  
O    24.44400   10.87500   25.15100  
C    20.44700   17.34500   17.97700  
H    19.61600   17.42100   17.27100  
H    21.26000   18.06100   17.83800  
H    20.71400   16.30800   17.75700  
S    19.78300   17.49400   19.65100  
C    21.03000   16.49100   20.48900  
H    21.25000   15.67300   19.79800  
H    21.98100   17.02400   20.57300  
H    20.58700   16.11300   21.41400  
O    18.52400   16.68700   19.58100  
$end

$rem
JOBTYPE  SP
METHOD  B3LYP
BASIS  6-31+G(D)
SYMMETRY  FALSE
SYM_IGNORE  TRUE
MEM_TOTAL  12000
MEM_STATIC  4000
BASIS_LIN_DEP_THRESH  6
THRESH  14
SCF_CONVERGENCE  8
FD_MAT_VEC_PROD  FALSE
XC_GRID  000075000302
NL_GRID  1
MAX_SCF_CYCLES  200
SCF_GUESS  READ_DEN
ALMO_EFIELD  TRUE
GEN_SCFMAN  FALSE
SKIP_SCFMAN  TRUE
ESP_GRID  0
ESP_EFIELD  1
$end
