$molecule
0 1
--
0 1
C    20.71500   15.86700   28.63500  
C    21.87100   15.44300   27.71500  
C    22.31100   16.57900   26.77600  
C    22.77800   17.81100   27.56800  
C    21.64100   18.24800   28.50700  
C    21.04900   17.15200   29.40900  
H    23.20500   16.23500   26.24200  
H    22.73000   15.10300   28.30600  
H    19.83100   16.07100   28.01800  
H    20.48700   15.06900   29.35200  
H    23.61500   17.50400   28.20700  
H    22.98400   18.72400   26.99600  
H    22.01200   19.03100   29.17900  
H    20.87700   18.59500   27.80100  
H    21.79800   16.98900   30.19400  
H    20.16200   17.51500   29.94300  
H    21.54200   16.77000   26.01800  
N    21.41300   14.28100   26.95600  
H    21.01300   14.52500   26.05700  
C    21.42200   12.96700   27.37300  
H    21.10700   12.20600   26.63700  
O    21.92800   12.60800   28.42200  
--
0 1
C    22.98700   22.18700   24.70200  
H    23.60100   23.07000   24.89800  
H    23.67200   21.39700   24.38600  
H    22.33500   22.36400   23.84300  
S    22.00100   21.76900   26.15800  
C    21.13100   20.47700   25.24200  
H    21.78000   19.79300   24.69000  
H    20.54500   19.94100   25.99200  
H    20.59600   21.03300   24.46700  
O    20.91500   22.79300   26.27100  
C    22.07600   24.02300   29.58100  
H    21.21400   24.37400   29.00800  
H    22.43600   24.84000   30.21100  
H    22.87200   23.64600   28.93300  
S    21.58200   22.67100   30.67300  
C    20.10400   22.26900   29.71300  
H    19.33900   23.01800   29.93200  
H    20.37600   22.28600   28.65500  
H    19.78500   21.31900   30.15000  
O    21.02300   23.27400   31.92300  
C    19.53500   19.68300   20.39500  
H    19.67900   20.51200   19.69700  
H    20.24400   18.86700   20.23400  
H    18.51200   19.41300   20.66800  
S    20.22700   20.36800   21.91800  
C    19.20300   21.81700   22.26300  
H    19.13900   22.37400   21.32500  
H    18.27300   21.41200   22.67100  
H    19.70100   22.48400   22.97200  
O    21.53100   21.03800   21.61400  
C    25.41400   23.73500   31.75900  
H    26.11700   22.90900   31.89400  
H    24.91100   23.61200   30.79600  
H    25.81400   24.75100   31.81700  
S    24.09500   23.36500   32.93800  
C    25.03900   23.36400   34.47900  
H    25.43200   22.34400   34.46900  
H    25.72200   24.21600   34.53000  
H    24.37200   23.47700   35.33700  
O    23.93000   21.89900   32.68600  
C    24.83700   9.58800    32.30300  
H    24.52800   9.63400    33.35000  
H    25.34100   8.64300    32.08800  
H    25.54400   10.38500   32.05700  
S    23.38400   9.76800    31.24400  
C    22.55400   11.02900   32.23900  
H    23.23800   11.77400   32.65400  
H    21.88700   11.50300   31.51500  
H    21.86200   10.61800   32.97800  
O    22.38900   8.67500    31.48000  
C    15.64500   17.18600   24.11800  
H    14.72600   17.18500   24.71000  
H    15.54800   16.55800   23.22900  
H    16.37600   16.78200   24.82300  
S    15.93400   18.90800   23.65200  
C    14.85800   18.82200   22.20400  
H    15.22500   17.98100   21.61000  
H    13.86100   18.65000   22.61900  
H    14.92100   19.67100   21.51700  
O    17.26900   18.89600   22.97400  
C    21.57800   9.16800    27.99100  
H    20.92700   9.96300    27.61800  
H    21.46400   8.97600    29.06100  
H    22.65000   9.22900    27.78600  
S    20.98600   7.69800    27.12200  
C    19.55300   7.50400    28.20500  
H    19.02200   8.45400    28.10800  
H    18.92400   6.69800    27.81700  
H    19.85000   7.48800    29.25700  
O    21.80700   6.49700    27.47700  
C    28.84700   20.79800   30.43400  
H    29.75500   20.97700   31.01500  
H    29.00600   21.02900   29.37800  
H    28.01000   21.40400   30.79200  
S    28.53900   19.01900   30.51000  
C    30.22800   18.49700   30.13700  
H    30.47500   17.43400   30.08200  
H    30.51600   19.05700   29.24300  
H    30.78600   18.84200   31.01100  
O    27.63600   18.71700   29.35500  
C    13.93200   11.82800   30.48700  
H    14.07300   12.22700   31.49500  
H    12.92700   11.47100   30.24900  
H    14.55200   10.94100   30.33300  
S    14.61100   12.91800   29.21600  
C    13.61600   14.40600   29.46100  
H    13.96300   14.95000   30.34400  
H    13.72300   14.94400   28.51600  
H    12.54700   14.21100   29.57500  
O    14.08900   12.27000   27.97100  
C    21.66000   14.77800   32.47600  
H    22.71000   14.89200   32.75900  
H    21.51900   14.17000   31.57900  
H    21.38800   15.81200   32.24700  
S    20.69400   14.02800   33.80600  
C    21.21200   15.39700   34.86600  
H    20.98400   16.39300   34.47600  
H    20.49500   15.24600   35.67700  
H    22.23600   15.33600   35.24300  
O    21.58500   12.94600   34.33100  
C    21.14600   14.25300   18.19200  
H    21.71800   13.37300   17.88800  
H    20.48700   14.06800   19.04500  
H    20.64600   14.80100   17.38900  
S    22.32300   15.32600   19.04500  
C    23.03200   13.97900   20.01900  
H    23.50100   13.29100   19.31100  
H    23.69400   14.44600   20.75200  
H    22.23000   13.48100   20.57000  
O    21.50900   16.13500   20.00700  
C    16.69400   23.52600   27.38000  
H    17.72400   23.37400   27.71100  
H    16.53900   24.60000   27.24500  
H    15.87900   23.19200   28.02600  
S    16.44500   22.67600   25.80500  
C    17.74200   23.51900   24.87100  
H    17.66200   23.15700   23.84300  
H    17.48200   24.56900   24.71200  
H    18.74400   23.35400   25.27600  
O    15.22600   23.34000   25.24400  
C    17.09000   20.25900   33.64300  
H    17.28800   20.51400   34.68700  
H    16.41000   19.40400   33.67800  
H    17.94600   19.86500   33.08900  
S    16.28100   21.58900   32.72600  
C    17.29600   22.84300   33.54100  
H    17.27800   22.53700   34.59000  
H    18.33500   22.90300   33.20500  
H    16.83600   23.81600   33.35300  
O    15.02500   21.87000   33.49000  
C    25.09700   19.26300   31.53200  
H    24.20500   19.67000   31.05100  
H    25.74300   20.05000   31.93000  
H    25.61500   18.61900   30.81600  
S    24.57000   18.11700   32.82600  
C    26.16800   17.47000   33.36900  
H    25.93600   16.63200   34.03100  
H    26.64600   17.03300   32.48800  
H    26.79200   18.20900   33.87900  
O    23.87300   17.09300   31.98500  
C    17.48300   16.03200   31.93500  
H    18.46400   15.55400   31.99600  
H    17.24600   16.26700   30.89400  
H    17.48200   16.93500   32.55100  
S    16.22600   14.89700   32.56600  
C    17.07300   14.35800   34.06800  
H    16.42900   13.60200   34.52500  
H    17.98500   13.89900   33.68000  
H    17.28800   15.23300   34.68700  
O    16.22200   13.70400   31.66200  
C    27.89900   17.25500   26.27700  
H    26.92400   17.19700   25.78600  
H    28.03800   16.25400   26.69300  
H    27.84500   17.97100   27.10100  
S    29.22300   17.72200   25.13900  
C    30.34700   18.42100   26.36800  
H    30.33900   17.67400   27.16500  
H    31.30500   18.59800   25.87100  
H    29.92200   19.35000   26.75600  
O    28.64900   18.86500   24.36000  
C    25.64600   17.82000   22.85000  
H    26.20100   18.13800   21.96400  
H    25.63000   18.63600   23.57700  
H    26.08800   16.88600   23.20700  
S    23.90500   17.43200   22.55700  
C    23.64300   18.84600   21.46300  
H    22.58400   19.02500   21.26000  
H    24.08800   19.75800   21.86800  
H    24.20900   18.71600   20.53700  
O    23.19300   17.76200   23.83200  
C    16.14300   10.36600   25.34600  
H    15.98900   10.94800   24.43400  
H    16.37600   9.32200    25.12000  
H    15.31300   10.43800   26.05500  
S    17.68400   10.98200   26.06100  
C    17.29000   12.72400   25.79100  
H    16.53100   12.97900   26.53500  
H    18.21800   13.30100   25.75900  
H    16.87500   12.86600   24.79000  
O    18.67000   10.83600   24.94400  
C    21.75400   9.48500    23.97800  
H    22.62500   8.83900    23.83900  
H    21.88500   9.98700    24.94000  
H    20.82600   8.93300    23.80800  
S    21.81800   10.84600   22.79100  
C    22.33800   9.93600    21.31900  
H    23.14700   9.21000    21.43700  
H    21.46400   9.43700    20.89200  
H    22.76000   10.70700   20.67000  
O    23.08200   11.52800   23.21300  
C    18.50300   12.51300   29.46100  
H    17.75800   12.90100   28.76100  
H    18.58100   13.31600   30.19800  
H    19.42300   12.37100   28.88900  
S    17.82700   11.00000   30.18300  
C    19.32600   10.51100   31.06500  
H    20.10300   10.60000   30.30200  
H    19.54300   11.12600   31.94200  
H    19.16600   9.46200    31.33000  
O    17.69400   10.01300   29.06600  
C    17.83200   19.00300   27.71200  
H    17.39300   19.28800   26.75300  
H    18.48500   19.82800   28.00700  
H    18.36300   18.08600   27.44500  
S    16.66300   18.62400   29.03700  
C    15.78000   20.19800   28.95400  
H    15.14300   20.31300   29.83400  
H    16.44300   21.06100   29.05500  
H    15.23700   20.30500   28.01100  
O    17.58900   18.64700   30.21400  
C    27.24200   20.61600   26.70700  
H    27.49200   20.67800   25.64500  
H    28.06500   20.45500   27.40700  
H    26.40100   19.92800   26.83000  
S    26.73200   22.32700   26.98300  
C    25.79100   22.04300   28.49900  
H    24.97000   21.35800   28.27100  
H    26.39500   21.59400   29.29200  
H    25.38000   22.95900   28.93200  
O    25.70100   22.70200   25.96400  
C    16.83900   14.39800   22.61600  
H    15.92800   14.12600   23.15600  
H    17.56200   13.58000   22.57000  
H    17.32000   15.29600   23.01200  
S    16.38000   14.75500   20.90500  
C    17.61500   16.03600   20.59100  
H    17.59100   16.87000   21.29700  
H    18.64200   15.66300   20.56900  
H    17.42400   16.46500   19.60400  
O    15.08000   15.49400   20.97700  
C    20.92500   20.91100   34.49800  
H    21.38100   21.46600   33.67400  
H    19.95300   21.28800   34.82700  
H    21.61800   20.98800   35.34000  
S    20.80500   19.16500   34.04700  
C    20.26300   19.46700   32.35000  
H    21.18600   19.47500   31.76500  
H    19.66400   18.59100   32.08600  
H    19.67100   20.37600   32.21600  
O    19.61700   18.59400   34.75800  
C    26.70700   15.68200   29.73600  
H    26.15900   16.38900   30.36300  
H    27.69800   15.56500   30.18100  
H    26.85100   16.16000   28.76300  
S    25.65600   14.23000   29.50100  
C    25.52100   13.89300   31.27100  
H    24.95600   12.97200   31.43600  
H    26.44400   13.86300   31.85700  
H    24.91700   14.70900   31.67600  
O    26.54800   13.10900   29.06900  
C    28.24600   9.32900    28.90200  
H    27.75100   8.37700    29.11000  
H    29.33600   9.25700    28.88800  
H    28.01500   10.03200   29.70600  
S    27.67100   10.11500   27.38000  
C    25.91500   9.76500    27.62200  
H    25.41700   10.46500   28.29800  
H    25.37600   9.93600    26.68700  
H    25.70700   8.75900    27.99500  
O    28.02900   9.07000    26.37000  
C    25.36900   12.87900   25.53300  
H    25.64500   13.09700   26.56800  
H    24.30300   12.69300   25.37500  
H    25.96800   12.00000   25.28300  
S    25.78700   14.28800   24.48200  
C    25.70600   13.55400   22.83200  
H    24.73100   13.28400   22.42000  
H    26.07000   14.39000   22.22900  
H    26.43800   12.74300   22.84700  
O    27.25800   14.29700   24.76100  
C    22.01000   14.62800   23.50600  
H    22.41500   15.49900   24.02700  
H    22.00200   13.76100   24.17200  
H    22.39800   14.39200   22.51200  
S    20.24200   14.96000   23.33500  
C    20.40800   16.73600   23.04300  
H    21.05300   16.96100   22.19000  
H    19.41600   17.16100   22.86900  
H    20.78700   17.28400   23.90900  
O    19.82000   14.86000   24.76800  
$end

$rem
JOBTYPE  SP
METHOD  B3LYP
BASIS  6-31+G(D)
SYMMETRY  FALSE
SYM_IGNORE  TRUE
MEM_TOTAL  12000
MEM_STATIC  4000
BASIS_LIN_DEP_THRESH  6
THRESH  14
SCF_CONVERGENCE  8
FD_MAT_VEC_PROD  FALSE
XC_GRID  000075000302
NL_GRID  1
MAX_SCF_CYCLES  200
FRGM_METHOD  STOLL
SCFMI_MODE  1
ALMO_EFIELD  TRUE
$end

$rem_frgm
SCF_CONVERGENCE  4
$end


@@@

$molecule
0 1
@C    20.71500   15.86700   28.63500  
@C    21.87100   15.44300   27.71500  
@C    22.31100   16.57900   26.77600  
@C    22.77800   17.81100   27.56800  
@C    21.64100   18.24800   28.50700  
@C    21.04900   17.15200   29.40900  
@H    23.20500   16.23500   26.24200  
@H    22.73000   15.10300   28.30600  
@H    19.83100   16.07100   28.01800  
@H    20.48700   15.06900   29.35200  
@H    23.61500   17.50400   28.20700  
@H    22.98400   18.72400   26.99600  
@H    22.01200   19.03100   29.17900  
@H    20.87700   18.59500   27.80100  
@H    21.79800   16.98900   30.19400  
@H    20.16200   17.51500   29.94300  
@H    21.54200   16.77000   26.01800  
@N    21.41300   14.28100   26.95600  
@H    21.01300   14.52500   26.05700  
@C    21.42200   12.96700   27.37300  
@H    21.10700   12.20600   26.63700  
@O    21.92800   12.60800   28.42200  
C    22.98700   22.18700   24.70200  
H    23.60100   23.07000   24.89800  
H    23.67200   21.39700   24.38600  
H    22.33500   22.36400   23.84300  
S    22.00100   21.76900   26.15800  
C    21.13100   20.47700   25.24200  
H    21.78000   19.79300   24.69000  
H    20.54500   19.94100   25.99200  
H    20.59600   21.03300   24.46700  
O    20.91500   22.79300   26.27100  
C    22.07600   24.02300   29.58100  
H    21.21400   24.37400   29.00800  
H    22.43600   24.84000   30.21100  
H    22.87200   23.64600   28.93300  
S    21.58200   22.67100   30.67300  
C    20.10400   22.26900   29.71300  
H    19.33900   23.01800   29.93200  
H    20.37600   22.28600   28.65500  
H    19.78500   21.31900   30.15000  
O    21.02300   23.27400   31.92300  
C    19.53500   19.68300   20.39500  
H    19.67900   20.51200   19.69700  
H    20.24400   18.86700   20.23400  
H    18.51200   19.41300   20.66800  
S    20.22700   20.36800   21.91800  
C    19.20300   21.81700   22.26300  
H    19.13900   22.37400   21.32500  
H    18.27300   21.41200   22.67100  
H    19.70100   22.48400   22.97200  
O    21.53100   21.03800   21.61400  
C    25.41400   23.73500   31.75900  
H    26.11700   22.90900   31.89400  
H    24.91100   23.61200   30.79600  
H    25.81400   24.75100   31.81700  
S    24.09500   23.36500   32.93800  
C    25.03900   23.36400   34.47900  
H    25.43200   22.34400   34.46900  
H    25.72200   24.21600   34.53000  
H    24.37200   23.47700   35.33700  
O    23.93000   21.89900   32.68600  
C    24.83700   9.58800    32.30300  
H    24.52800   9.63400    33.35000  
H    25.34100   8.64300    32.08800  
H    25.54400   10.38500   32.05700  
S    23.38400   9.76800    31.24400  
C    22.55400   11.02900   32.23900  
H    23.23800   11.77400   32.65400  
H    21.88700   11.50300   31.51500  
H    21.86200   10.61800   32.97800  
O    22.38900   8.67500    31.48000  
C    15.64500   17.18600   24.11800  
H    14.72600   17.18500   24.71000  
H    15.54800   16.55800   23.22900  
H    16.37600   16.78200   24.82300  
S    15.93400   18.90800   23.65200  
C    14.85800   18.82200   22.20400  
H    15.22500   17.98100   21.61000  
H    13.86100   18.65000   22.61900  
H    14.92100   19.67100   21.51700  
O    17.26900   18.89600   22.97400  
C    21.57800   9.16800    27.99100  
H    20.92700   9.96300    27.61800  
H    21.46400   8.97600    29.06100  
H    22.65000   9.22900    27.78600  
S    20.98600   7.69800    27.12200  
C    19.55300   7.50400    28.20500  
H    19.02200   8.45400    28.10800  
H    18.92400   6.69800    27.81700  
H    19.85000   7.48800    29.25700  
O    21.80700   6.49700    27.47700  
C    28.84700   20.79800   30.43400  
H    29.75500   20.97700   31.01500  
H    29.00600   21.02900   29.37800  
H    28.01000   21.40400   30.79200  
S    28.53900   19.01900   30.51000  
C    30.22800   18.49700   30.13700  
H    30.47500   17.43400   30.08200  
H    30.51600   19.05700   29.24300  
H    30.78600   18.84200   31.01100  
O    27.63600   18.71700   29.35500  
C    13.93200   11.82800   30.48700  
H    14.07300   12.22700   31.49500  
H    12.92700   11.47100   30.24900  
H    14.55200   10.94100   30.33300  
S    14.61100   12.91800   29.21600  
C    13.61600   14.40600   29.46100  
H    13.96300   14.95000   30.34400  
H    13.72300   14.94400   28.51600  
H    12.54700   14.21100   29.57500  
O    14.08900   12.27000   27.97100  
C    21.66000   14.77800   32.47600  
H    22.71000   14.89200   32.75900  
H    21.51900   14.17000   31.57900  
H    21.38800   15.81200   32.24700  
S    20.69400   14.02800   33.80600  
C    21.21200   15.39700   34.86600  
H    20.98400   16.39300   34.47600  
H    20.49500   15.24600   35.67700  
H    22.23600   15.33600   35.24300  
O    21.58500   12.94600   34.33100  
C    21.14600   14.25300   18.19200  
H    21.71800   13.37300   17.88800  
H    20.48700   14.06800   19.04500  
H    20.64600   14.80100   17.38900  
S    22.32300   15.32600   19.04500  
C    23.03200   13.97900   20.01900  
H    23.50100   13.29100   19.31100  
H    23.69400   14.44600   20.75200  
H    22.23000   13.48100   20.57000  
O    21.50900   16.13500   20.00700  
C    16.69400   23.52600   27.38000  
H    17.72400   23.37400   27.71100  
H    16.53900   24.60000   27.24500  
H    15.87900   23.19200   28.02600  
S    16.44500   22.67600   25.80500  
C    17.74200   23.51900   24.87100  
H    17.66200   23.15700   23.84300  
H    17.48200   24.56900   24.71200  
H    18.74400   23.35400   25.27600  
O    15.22600   23.34000   25.24400  
C    17.09000   20.25900   33.64300  
H    17.28800   20.51400   34.68700  
H    16.41000   19.40400   33.67800  
H    17.94600   19.86500   33.08900  
S    16.28100   21.58900   32.72600  
C    17.29600   22.84300   33.54100  
H    17.27800   22.53700   34.59000  
H    18.33500   22.90300   33.20500  
H    16.83600   23.81600   33.35300  
O    15.02500   21.87000   33.49000  
C    25.09700   19.26300   31.53200  
H    24.20500   19.67000   31.05100  
H    25.74300   20.05000   31.93000  
H    25.61500   18.61900   30.81600  
S    24.57000   18.11700   32.82600  
C    26.16800   17.47000   33.36900  
H    25.93600   16.63200   34.03100  
H    26.64600   17.03300   32.48800  
H    26.79200   18.20900   33.87900  
O    23.87300   17.09300   31.98500  
C    17.48300   16.03200   31.93500  
H    18.46400   15.55400   31.99600  
H    17.24600   16.26700   30.89400  
H    17.48200   16.93500   32.55100  
S    16.22600   14.89700   32.56600  
C    17.07300   14.35800   34.06800  
H    16.42900   13.60200   34.52500  
H    17.98500   13.89900   33.68000  
H    17.28800   15.23300   34.68700  
O    16.22200   13.70400   31.66200  
C    27.89900   17.25500   26.27700  
H    26.92400   17.19700   25.78600  
H    28.03800   16.25400   26.69300  
H    27.84500   17.97100   27.10100  
S    29.22300   17.72200   25.13900  
C    30.34700   18.42100   26.36800  
H    30.33900   17.67400   27.16500  
H    31.30500   18.59800   25.87100  
H    29.92200   19.35000   26.75600  
O    28.64900   18.86500   24.36000  
C    25.64600   17.82000   22.85000  
H    26.20100   18.13800   21.96400  
H    25.63000   18.63600   23.57700  
H    26.08800   16.88600   23.20700  
S    23.90500   17.43200   22.55700  
C    23.64300   18.84600   21.46300  
H    22.58400   19.02500   21.26000  
H    24.08800   19.75800   21.86800  
H    24.20900   18.71600   20.53700  
O    23.19300   17.76200   23.83200  
C    16.14300   10.36600   25.34600  
H    15.98900   10.94800   24.43400  
H    16.37600   9.32200    25.12000  
H    15.31300   10.43800   26.05500  
S    17.68400   10.98200   26.06100  
C    17.29000   12.72400   25.79100  
H    16.53100   12.97900   26.53500  
H    18.21800   13.30100   25.75900  
H    16.87500   12.86600   24.79000  
O    18.67000   10.83600   24.94400  
C    21.75400   9.48500    23.97800  
H    22.62500   8.83900    23.83900  
H    21.88500   9.98700    24.94000  
H    20.82600   8.93300    23.80800  
S    21.81800   10.84600   22.79100  
C    22.33800   9.93600    21.31900  
H    23.14700   9.21000    21.43700  
H    21.46400   9.43700    20.89200  
H    22.76000   10.70700   20.67000  
O    23.08200   11.52800   23.21300  
C    18.50300   12.51300   29.46100  
H    17.75800   12.90100   28.76100  
H    18.58100   13.31600   30.19800  
H    19.42300   12.37100   28.88900  
S    17.82700   11.00000   30.18300  
C    19.32600   10.51100   31.06500  
H    20.10300   10.60000   30.30200  
H    19.54300   11.12600   31.94200  
H    19.16600   9.46200    31.33000  
O    17.69400   10.01300   29.06600  
C    17.83200   19.00300   27.71200  
H    17.39300   19.28800   26.75300  
H    18.48500   19.82800   28.00700  
H    18.36300   18.08600   27.44500  
S    16.66300   18.62400   29.03700  
C    15.78000   20.19800   28.95400  
H    15.14300   20.31300   29.83400  
H    16.44300   21.06100   29.05500  
H    15.23700   20.30500   28.01100  
O    17.58900   18.64700   30.21400  
C    27.24200   20.61600   26.70700  
H    27.49200   20.67800   25.64500  
H    28.06500   20.45500   27.40700  
H    26.40100   19.92800   26.83000  
S    26.73200   22.32700   26.98300  
C    25.79100   22.04300   28.49900  
H    24.97000   21.35800   28.27100  
H    26.39500   21.59400   29.29200  
H    25.38000   22.95900   28.93200  
O    25.70100   22.70200   25.96400  
C    16.83900   14.39800   22.61600  
H    15.92800   14.12600   23.15600  
H    17.56200   13.58000   22.57000  
H    17.32000   15.29600   23.01200  
S    16.38000   14.75500   20.90500  
C    17.61500   16.03600   20.59100  
H    17.59100   16.87000   21.29700  
H    18.64200   15.66300   20.56900  
H    17.42400   16.46500   19.60400  
O    15.08000   15.49400   20.97700  
C    20.92500   20.91100   34.49800  
H    21.38100   21.46600   33.67400  
H    19.95300   21.28800   34.82700  
H    21.61800   20.98800   35.34000  
S    20.80500   19.16500   34.04700  
C    20.26300   19.46700   32.35000  
H    21.18600   19.47500   31.76500  
H    19.66400   18.59100   32.08600  
H    19.67100   20.37600   32.21600  
O    19.61700   18.59400   34.75800  
C    26.70700   15.68200   29.73600  
H    26.15900   16.38900   30.36300  
H    27.69800   15.56500   30.18100  
H    26.85100   16.16000   28.76300  
S    25.65600   14.23000   29.50100  
C    25.52100   13.89300   31.27100  
H    24.95600   12.97200   31.43600  
H    26.44400   13.86300   31.85700  
H    24.91700   14.70900   31.67600  
O    26.54800   13.10900   29.06900  
C    28.24600   9.32900    28.90200  
H    27.75100   8.37700    29.11000  
H    29.33600   9.25700    28.88800  
H    28.01500   10.03200   29.70600  
S    27.67100   10.11500   27.38000  
C    25.91500   9.76500    27.62200  
H    25.41700   10.46500   28.29800  
H    25.37600   9.93600    26.68700  
H    25.70700   8.75900    27.99500  
O    28.02900   9.07000    26.37000  
C    25.36900   12.87900   25.53300  
H    25.64500   13.09700   26.56800  
H    24.30300   12.69300   25.37500  
H    25.96800   12.00000   25.28300  
S    25.78700   14.28800   24.48200  
C    25.70600   13.55400   22.83200  
H    24.73100   13.28400   22.42000  
H    26.07000   14.39000   22.22900  
H    26.43800   12.74300   22.84700  
O    27.25800   14.29700   24.76100  
C    22.01000   14.62800   23.50600  
H    22.41500   15.49900   24.02700  
H    22.00200   13.76100   24.17200  
H    22.39800   14.39200   22.51200  
S    20.24200   14.96000   23.33500  
C    20.40800   16.73600   23.04300  
H    21.05300   16.96100   22.19000  
H    19.41600   17.16100   22.86900  
H    20.78700   17.28400   23.90900  
O    19.82000   14.86000   24.76800  
$end

$rem
JOBTYPE  SP
METHOD  B3LYP
BASIS  6-31+G(D)
SYMMETRY  FALSE
SYM_IGNORE  TRUE
MEM_TOTAL  12000
MEM_STATIC  4000
BASIS_LIN_DEP_THRESH  6
THRESH  14
SCF_CONVERGENCE  8
FD_MAT_VEC_PROD  FALSE
XC_GRID  000075000302
NL_GRID  1
MAX_SCF_CYCLES  200
SCF_GUESS  READ_DEN
ALMO_EFIELD  TRUE
GEN_SCFMAN  FALSE
SKIP_SCFMAN  TRUE
ESP_GRID  0
ESP_EFIELD  1
$end
