$molecule
0 1
--
0 1
C    17.82000   19.20000   27.55000  
C    18.68000   17.95000   27.82000  
C    19.23000   17.42000   26.48000  
C    20.03000   18.41000   25.63000  
C    19.14000   19.64000   25.38000  
C    18.57000   20.22000   26.68000  
H    19.76000   16.53000   26.84000  
H    19.57000   18.21000   28.39000  
H    16.90000   18.90000   27.03000  
H    17.51000   19.71000   28.47000  
H    20.89000   18.68000   26.25000  
H    20.34000   17.83000   24.75000  
H    19.78000   20.34000   24.83000  
H    18.29000   19.34000   24.76000  
H    19.41000   20.67000   27.22000  
H    17.85000   21.04000   26.51000  
H    18.42000   17.01000   25.86000  
N    17.97000   16.89000   28.54000  
H    17.62000   16.11000   28.00000  
C    17.76000   16.87000   29.90000  
H    17.07000   16.10000   30.30000  
O    18.35000   17.65000   30.63000  
--
0 1
C    17.36000   23.08000   19.91000  
H    18.15000   22.33000   19.93000  
H    17.42000   23.77000   19.06000  
H    17.48000   23.65000   20.83000  
S    15.69000   22.40000   19.85000  
C    15.45000   22.56000   18.07000  
H    15.69000   23.57000   17.74000  
H    15.99000   21.73000   17.59000  
H    14.39000   22.37000   17.85000  
O    14.93000   23.56000   20.41000  
C    23.94000   19.50000   22.89000  
H    24.13000   18.44000   23.09000  
H    22.91000   19.67000   23.20000  
H    24.11000   19.67000   21.82000  
S    25.06000   20.57000   23.81000  
C    24.36000   20.26000   25.44000  
H    24.72000   19.24000   25.60000  
H    24.75000   20.96000   26.19000  
H    23.27000   20.31000   25.51000  
O    24.46000   21.92000   23.56000  
C    11.39000   17.18000   32.73000  
H    11.15000   18.10000   33.27000  
H    12.40000   17.16000   32.31000  
H    10.58000   16.99000   32.02000  
S    11.47000   15.87000   33.97000  
C    11.09000   14.54000   32.82000  
H    11.83000   14.39000   32.03000  
H    11.02000   13.64000   33.43000  
H    10.09000   14.83000   32.48000  
O    10.25000   16.16000   34.79000  
C    19.68000   13.64000   32.10000  
H    20.20000   13.69000   33.06000  
H    20.21000   14.16000   31.29000  
H    18.70000   14.08000   32.26000  
S    19.47000   11.91000   31.61000  
C    19.47000   11.24000   33.29000  
H    19.61000   10.16000   33.19000  
H    20.31000   11.57000   33.91000  
H    18.53000   11.52000   33.77000  
O    20.72000   11.40000   30.96000  
C    15.15000   18.29000   33.60000  
H    16.11000   18.52000   33.14000  
H    15.29000   17.92000   34.62000  
H    14.70000   17.51000   32.98000  
S    14.33000   19.89000   33.47000  
C    13.16000   19.41000   34.76000  
H    12.80000   18.40000   34.56000  
H    13.69000   19.52000   35.71000  
H    12.32000   20.11000   34.68000  
O    13.58000   19.76000   32.18000  
C    13.10000   12.33000   29.13000  
H    13.87000   12.76000   29.77000  
H    12.39000   11.80000   29.78000  
H    13.55000   11.65000   28.39000  
S    12.19000   13.59000   28.22000  
C    13.56000   14.26000   27.25000  
H    13.28000   15.25000   26.87000  
H    14.49000   14.20000   27.81000  
H    13.59000   13.65000   26.34000  
O    11.96000   14.57000   29.33000  
C    14.22000   17.48000   29.75000  
H    15.15000   17.44000   29.16000  
H    14.38000   17.50000   30.83000  
H    13.58000   16.65000   29.43000  
S    13.42000   19.04000   29.29000  
C    11.73000   18.44000   29.49000  
H    11.66000   17.37000   29.26000  
H    11.53000   18.54000   30.56000  
H    11.09000   18.97000   28.78000  
O    13.55000   19.16000   27.80000  
C    18.81000   12.23000   24.64000  
H    17.86000   12.74000   24.83000  
H    18.98000   12.01000   23.58000  
H    18.86000   11.29000   25.19000  
S    20.15000   13.27000   25.24000  
C    20.09000   14.33000   23.77000  
H    19.99000   13.63000   22.94000  
H    19.30000   15.09000   23.73000  
H    21.06000   14.82000   23.70000  
O    21.43000   12.49000   25.27000  
C    22.44000   16.48000   29.82000  
H    22.11000   16.19000   28.82000  
H    23.53000   16.35000   29.85000  
H    21.94000   15.91000   30.61000  
S    21.98000   18.20000   30.11000  
C    23.06000   18.79000   28.79000  
H    23.99000   18.21000   28.79000  
H    22.54000   18.71000   27.84000  
H    23.34000   19.85000   28.82000  
O    22.62000   18.34000   31.46000  
C    13.51000   11.66000   23.58000  
H    12.83000   12.08000   24.32000  
H    13.28000   11.94000   22.55000  
H    13.43000   10.57000   23.64000  
S    15.21000   12.11000   23.98000  
C    15.91000   10.96000   22.77000  
H    16.74000   11.54000   22.36000  
H    16.19000   10.09000   23.37000  
H    15.12000   10.86000   22.02000  
O    15.49000   11.54000   25.34000  
C    13.70000   15.76000   21.64000  
H    14.05000   16.48000   22.38000  
H    12.66000   15.42000   21.70000  
H    14.45000   14.98000   21.51000  
S    13.69000   16.38000   19.95000  
C    15.23000   17.28000   20.20000  
H    15.57000   17.72000   19.25000  
H    14.97000   18.10000   20.87000  
H    16.01000   16.65000   20.63000  
O    12.63000   17.45000   19.86000  
C    26.26000   20.68000   29.27000  
H    26.61000   20.95000   28.27000  
H    25.23000   20.93000   29.54000  
H    26.76000   21.23000   30.07000  
S    26.59000   18.97000   29.75000  
C    28.39000   19.17000   29.71000  
H    28.61000   19.99000   30.40000  
H    28.90000   18.28000   30.08000  
H    28.69000   19.48000   28.71000  
O    26.27000   18.18000   28.51000  
C    17.63000   20.30000   31.67000  
H    18.25000   19.57000   32.20000  
H    16.65000   19.84000   31.54000  
H    18.13000   20.36000   30.70000  
S    17.79000   21.93000   32.44000  
C    19.54000   21.67000   32.82000  
H    19.64000   20.73000   33.38000  
H    20.13000   21.82000   31.92000  
H    19.78000   22.58000   33.38000  
O    16.97000   21.93000   33.70000  
C    18.78000   25.92000   28.45000  
H    19.57000   25.62000   27.75000  
H    17.96000   25.21000   28.39000  
H    18.47000   26.87000   28.02000  
S    19.17000   26.06000   30.21000  
C    20.92000   26.38000   29.85000  
H    21.07000   27.39000   29.46000  
H    21.44000   26.27000   30.80000  
H    21.22000   25.65000   29.10000  
O    19.29000   24.65000   30.69000  
C    10.48000   21.35000   31.62000  
H    10.08000   22.24000   32.12000  
H    9.63000    20.81000   31.21000  
H    11.03000   20.77000   32.37000  
S    11.59000   21.76000   30.25000  
C    12.71000   22.85000   31.16000  
H    13.28000   23.34000   30.37000  
H    12.15000   23.63000   31.70000  
H    13.31000   22.33000   31.91000  
O    10.77000   22.61000   29.34000  
C    16.20000   13.70000   34.83000  
H    16.73000   14.57000   35.24000  
H    15.66000   13.21000   35.65000  
H    16.98000   13.06000   34.41000  
S    15.14000   14.29000   33.49000  
C    14.58000   12.63000   33.03000  
H    13.71000   12.38000   33.64000  
H    14.23000   12.77000   32.01000  
H    15.35000   11.88000   33.20000  
O    16.02000   14.70000   32.36000  
C    14.56000   17.74000   25.40000  
H    14.11000   17.99000   24.43000  
H    13.74000   17.55000   26.10000  
H    15.23000   18.48000   25.83000  
S    15.56000   16.24000   25.25000  
C    16.41000   16.71000   23.72000  
H    16.92000   15.86000   23.25000  
H    15.64000   17.11000   23.06000  
H    17.09000   17.56000   23.84000  
O    14.63000   15.22000   24.68000  
C    18.68000   16.33000   33.58000  
H    19.07000   16.12000   32.58000  
H    19.06000   15.58000   34.28000  
H    17.59000   16.25000   33.58000  
S    19.52000   17.85000   34.09000  
C    21.13000   17.05000   34.15000  
H    21.58000   17.04000   33.15000  
H    21.88000   17.56000   34.76000  
H    21.12000   16.04000   34.57000  
O    19.11000   17.95000   35.53000  
C    23.04000   15.63000   21.13000  
H    23.67000   16.46000   20.79000  
H    22.17000   15.65000   20.47000  
H    22.67000   15.77000   22.15000  
S    23.85000   14.02000   21.12000  
C    24.78000   14.26000   19.59000  
H    24.08000   14.81000   18.95000  
H    25.70000   14.79000   19.82000  
H    25.15000   13.32000   19.18000  
O    22.65000   13.20000   20.77000  
C    19.45000   17.83000   21.82000  
H    20.04000   17.30000   22.57000  
H    18.66000   18.31000   22.40000  
H    19.01000   17.21000   21.04000  
S    20.33000   19.12000   20.91000  
C    18.81000   19.47000   20.01000  
H    18.57000   18.58000   19.43000  
H    17.97000   19.67000   20.68000  
H    18.95000   20.39000   19.43000  
O    21.20000   18.25000   20.06000  
C    16.28000   27.83000   25.81000  
H    15.45000   27.26000   25.39000  
H    16.59000   27.35000   26.75000  
H    16.02000   28.87000   25.99000  
S    17.78000   27.57000   24.84000  
C    17.86000   25.80000   25.20000  
H    17.22000   25.47000   26.02000  
H    17.74000   25.11000   24.36000  
H    18.89000   25.72000   25.54000  
O    18.81000   28.15000   25.75000  
C    22.37000   24.23000   26.71000  
H    23.12000   24.35000   25.92000  
H    21.48000   24.72000   26.30000  
H    22.66000   24.79000   27.60000  
S    21.95000   22.57000   27.27000  
C    20.62000   22.82000   28.47000  
H    19.68000   23.13000   28.01000  
H    20.51000   21.88000   29.01000  
H    20.86000   23.57000   29.24000  
O    23.20000   22.23000   28.03000  
C    23.88000   15.29000   26.64000  
H    23.90000   16.22000   27.20000  
H    22.88000   14.87000   26.78000  
H    24.59000   14.55000   27.02000  
S    24.06000   15.60000   24.87000  
C    25.69000   16.39000   24.83000  
H    25.63000   17.17000   25.59000  
H    26.52000   15.75000   25.12000  
H    25.90000   16.87000   23.87000  
O    23.20000   16.79000   24.55000  
C    14.27000   21.26000   23.63000  
H    13.69000   20.33000   23.57000  
H    14.07000   21.74000   24.59000  
H    14.11000   21.84000   22.72000  
S    15.98000   20.66000   23.66000  
C    16.83000   22.23000   23.39000  
H    16.58000   22.80000   24.29000  
H    17.90000   22.02000   23.34000  
H    16.46000   22.68000   22.47000  
O    16.06000   20.17000   22.24000  
C    20.43000   24.98000   22.66000  
H    19.80000   24.59000   21.85000  
H    19.79000   25.70000   23.17000  
H    21.31000   25.41000   22.19000  
S    21.04000   23.82000   23.90000  
C    21.61000   22.55000   22.74000  
H    22.39000   22.95000   22.08000  
H    22.02000   21.79000   23.41000  
H    20.81000   22.04000   22.20000  
O    19.84000   23.30000   24.63000  
C    16.76000   13.16000   29.48000  
H    17.74000   13.45000   29.87000  
H    16.06000   13.97000   29.68000  
H    16.39000   12.22000   29.91000  
S    17.03000   12.92000   27.71000  
C    18.12000   11.51000   28.00000  
H    18.87000   11.35000   27.22000  
H    18.71000   11.58000   28.92000  
H    17.49000   10.63000   28.14000  
O    17.97000   14.03000   27.37000  
C    14.11000   22.44000   27.70000  
H    13.68000   22.79000   26.76000  
H    14.10000   21.36000   27.57000  
H    13.65000   23.01000   28.51000  
S    15.79000   23.09000   27.55000  
C    16.24000   22.48000   29.19000  
H    15.83000   23.02000   30.04000  
H    15.99000   21.41000   29.22000  
H    17.31000   22.68000   29.20000  
O    15.58000   24.54000   27.83000  
C    19.58000   14.05000   19.68000  
H    19.91000   15.09000   19.72000  
H    20.18000   13.54000   20.44000  
H    19.90000   13.62000   18.73000  
S    17.82000   13.72000   19.91000  
C    17.08000   14.95000   18.82000  
H    17.01000   14.51000   17.83000  
H    16.02000   14.97000   19.08000  
H    17.55000   15.94000   18.86000  
O    17.53000   14.29000   21.26000  
C    23.13000   12.11000   28.50000  
H    23.27000   12.47000   27.47000  
H    22.42000   11.28000   28.50000  
H    22.62000   12.91000   29.04000  
S    24.69000   11.70000   29.32000  
C    24.31000   12.54000   30.88000  
H    24.15000   13.61000   30.77000  
H    23.46000   12.08000   31.39000  
H    25.28000   12.50000   31.38000  
O    25.65000   12.68000   28.73000  
C    9.75000    19.33000   26.29000  
H    8.94000    19.41000   25.56000  
H    10.03000   18.29000   26.46000  
H    9.54000    19.75000   27.28000  
S    11.24000   20.20000   25.73000  
C    10.49000   21.83000   25.47000  
H    9.56000    21.72000   24.91000  
H    10.35000   22.33000   26.43000  
H    11.21000   22.53000   25.04000  
O    11.57000   19.77000   24.33000  
$end

$rem
JOBTYPE  SP
METHOD  B3LYP
BASIS  6-31+G(D)
SYMMETRY  FALSE
SYM_IGNORE  TRUE
MEM_TOTAL  12000
MEM_STATIC  4000
BASIS_LIN_DEP_THRESH  6
THRESH  14
SCF_CONVERGENCE  8
FD_MAT_VEC_PROD  FALSE
XC_GRID  000075000302
NL_GRID  1
MAX_SCF_CYCLES  200
FRGM_METHOD  STOLL
SCFMI_MODE  1
ALMO_EFIELD  TRUE
$end

$rem_frgm
SCF_CONVERGENCE  4
$end


@@@

$molecule
0 1
@C    17.82000   19.20000   27.55000  
@C    18.68000   17.95000   27.82000  
@C    19.23000   17.42000   26.48000  
@C    20.03000   18.41000   25.63000  
@C    19.14000   19.64000   25.38000  
@C    18.57000   20.22000   26.68000  
@H    19.76000   16.53000   26.84000  
@H    19.57000   18.21000   28.39000  
@H    16.90000   18.90000   27.03000  
@H    17.51000   19.71000   28.47000  
@H    20.89000   18.68000   26.25000  
@H    20.34000   17.83000   24.75000  
@H    19.78000   20.34000   24.83000  
@H    18.29000   19.34000   24.76000  
@H    19.41000   20.67000   27.22000  
@H    17.85000   21.04000   26.51000  
@H    18.42000   17.01000   25.86000  
@N    17.97000   16.89000   28.54000  
@H    17.62000   16.11000   28.00000  
@C    17.76000   16.87000   29.90000  
@H    17.07000   16.10000   30.30000  
@O    18.35000   17.65000   30.63000  
C    17.36000   23.08000   19.91000  
H    18.15000   22.33000   19.93000  
H    17.42000   23.77000   19.06000  
H    17.48000   23.65000   20.83000  
S    15.69000   22.40000   19.85000  
C    15.45000   22.56000   18.07000  
H    15.69000   23.57000   17.74000  
H    15.99000   21.73000   17.59000  
H    14.39000   22.37000   17.85000  
O    14.93000   23.56000   20.41000  
C    23.94000   19.50000   22.89000  
H    24.13000   18.44000   23.09000  
H    22.91000   19.67000   23.20000  
H    24.11000   19.67000   21.82000  
S    25.06000   20.57000   23.81000  
C    24.36000   20.26000   25.44000  
H    24.72000   19.24000   25.60000  
H    24.75000   20.96000   26.19000  
H    23.27000   20.31000   25.51000  
O    24.46000   21.92000   23.56000  
C    11.39000   17.18000   32.73000  
H    11.15000   18.10000   33.27000  
H    12.40000   17.16000   32.31000  
H    10.58000   16.99000   32.02000  
S    11.47000   15.87000   33.97000  
C    11.09000   14.54000   32.82000  
H    11.83000   14.39000   32.03000  
H    11.02000   13.64000   33.43000  
H    10.09000   14.83000   32.48000  
O    10.25000   16.16000   34.79000  
C    19.68000   13.64000   32.10000  
H    20.20000   13.69000   33.06000  
H    20.21000   14.16000   31.29000  
H    18.70000   14.08000   32.26000  
S    19.47000   11.91000   31.61000  
C    19.47000   11.24000   33.29000  
H    19.61000   10.16000   33.19000  
H    20.31000   11.57000   33.91000  
H    18.53000   11.52000   33.77000  
O    20.72000   11.40000   30.96000  
C    15.15000   18.29000   33.60000  
H    16.11000   18.52000   33.14000  
H    15.29000   17.92000   34.62000  
H    14.70000   17.51000   32.98000  
S    14.33000   19.89000   33.47000  
C    13.16000   19.41000   34.76000  
H    12.80000   18.40000   34.56000  
H    13.69000   19.52000   35.71000  
H    12.32000   20.11000   34.68000  
O    13.58000   19.76000   32.18000  
C    13.10000   12.33000   29.13000  
H    13.87000   12.76000   29.77000  
H    12.39000   11.80000   29.78000  
H    13.55000   11.65000   28.39000  
S    12.19000   13.59000   28.22000  
C    13.56000   14.26000   27.25000  
H    13.28000   15.25000   26.87000  
H    14.49000   14.20000   27.81000  
H    13.59000   13.65000   26.34000  
O    11.96000   14.57000   29.33000  
C    14.22000   17.48000   29.75000  
H    15.15000   17.44000   29.16000  
H    14.38000   17.50000   30.83000  
H    13.58000   16.65000   29.43000  
S    13.42000   19.04000   29.29000  
C    11.73000   18.44000   29.49000  
H    11.66000   17.37000   29.26000  
H    11.53000   18.54000   30.56000  
H    11.09000   18.97000   28.78000  
O    13.55000   19.16000   27.80000  
C    18.81000   12.23000   24.64000  
H    17.86000   12.74000   24.83000  
H    18.98000   12.01000   23.58000  
H    18.86000   11.29000   25.19000  
S    20.15000   13.27000   25.24000  
C    20.09000   14.33000   23.77000  
H    19.99000   13.63000   22.94000  
H    19.30000   15.09000   23.73000  
H    21.06000   14.82000   23.70000  
O    21.43000   12.49000   25.27000  
C    22.44000   16.48000   29.82000  
H    22.11000   16.19000   28.82000  
H    23.53000   16.35000   29.85000  
H    21.94000   15.91000   30.61000  
S    21.98000   18.20000   30.11000  
C    23.06000   18.79000   28.79000  
H    23.99000   18.21000   28.79000  
H    22.54000   18.71000   27.84000  
H    23.34000   19.85000   28.82000  
O    22.62000   18.34000   31.46000  
C    13.51000   11.66000   23.58000  
H    12.83000   12.08000   24.32000  
H    13.28000   11.94000   22.55000  
H    13.43000   10.57000   23.64000  
S    15.21000   12.11000   23.98000  
C    15.91000   10.96000   22.77000  
H    16.74000   11.54000   22.36000  
H    16.19000   10.09000   23.37000  
H    15.12000   10.86000   22.02000  
O    15.49000   11.54000   25.34000  
C    13.70000   15.76000   21.64000  
H    14.05000   16.48000   22.38000  
H    12.66000   15.42000   21.70000  
H    14.45000   14.98000   21.51000  
S    13.69000   16.38000   19.95000  
C    15.23000   17.28000   20.20000  
H    15.57000   17.72000   19.25000  
H    14.97000   18.10000   20.87000  
H    16.01000   16.65000   20.63000  
O    12.63000   17.45000   19.86000  
C    26.26000   20.68000   29.27000  
H    26.61000   20.95000   28.27000  
H    25.23000   20.93000   29.54000  
H    26.76000   21.23000   30.07000  
S    26.59000   18.97000   29.75000  
C    28.39000   19.17000   29.71000  
H    28.61000   19.99000   30.40000  
H    28.90000   18.28000   30.08000  
H    28.69000   19.48000   28.71000  
O    26.27000   18.18000   28.51000  
C    17.63000   20.30000   31.67000  
H    18.25000   19.57000   32.20000  
H    16.65000   19.84000   31.54000  
H    18.13000   20.36000   30.70000  
S    17.79000   21.93000   32.44000  
C    19.54000   21.67000   32.82000  
H    19.64000   20.73000   33.38000  
H    20.13000   21.82000   31.92000  
H    19.78000   22.58000   33.38000  
O    16.97000   21.93000   33.70000  
C    18.78000   25.92000   28.45000  
H    19.57000   25.62000   27.75000  
H    17.96000   25.21000   28.39000  
H    18.47000   26.87000   28.02000  
S    19.17000   26.06000   30.21000  
C    20.92000   26.38000   29.85000  
H    21.07000   27.39000   29.46000  
H    21.44000   26.27000   30.80000  
H    21.22000   25.65000   29.10000  
O    19.29000   24.65000   30.69000  
C    10.48000   21.35000   31.62000  
H    10.08000   22.24000   32.12000  
H    9.63000    20.81000   31.21000  
H    11.03000   20.77000   32.37000  
S    11.59000   21.76000   30.25000  
C    12.71000   22.85000   31.16000  
H    13.28000   23.34000   30.37000  
H    12.15000   23.63000   31.70000  
H    13.31000   22.33000   31.91000  
O    10.77000   22.61000   29.34000  
C    16.20000   13.70000   34.83000  
H    16.73000   14.57000   35.24000  
H    15.66000   13.21000   35.65000  
H    16.98000   13.06000   34.41000  
S    15.14000   14.29000   33.49000  
C    14.58000   12.63000   33.03000  
H    13.71000   12.38000   33.64000  
H    14.23000   12.77000   32.01000  
H    15.35000   11.88000   33.20000  
O    16.02000   14.70000   32.36000  
C    14.56000   17.74000   25.40000  
H    14.11000   17.99000   24.43000  
H    13.74000   17.55000   26.10000  
H    15.23000   18.48000   25.83000  
S    15.56000   16.24000   25.25000  
C    16.41000   16.71000   23.72000  
H    16.92000   15.86000   23.25000  
H    15.64000   17.11000   23.06000  
H    17.09000   17.56000   23.84000  
O    14.63000   15.22000   24.68000  
C    18.68000   16.33000   33.58000  
H    19.07000   16.12000   32.58000  
H    19.06000   15.58000   34.28000  
H    17.59000   16.25000   33.58000  
S    19.52000   17.85000   34.09000  
C    21.13000   17.05000   34.15000  
H    21.58000   17.04000   33.15000  
H    21.88000   17.56000   34.76000  
H    21.12000   16.04000   34.57000  
O    19.11000   17.95000   35.53000  
C    23.04000   15.63000   21.13000  
H    23.67000   16.46000   20.79000  
H    22.17000   15.65000   20.47000  
H    22.67000   15.77000   22.15000  
S    23.85000   14.02000   21.12000  
C    24.78000   14.26000   19.59000  
H    24.08000   14.81000   18.95000  
H    25.70000   14.79000   19.82000  
H    25.15000   13.32000   19.18000  
O    22.65000   13.20000   20.77000  
C    19.45000   17.83000   21.82000  
H    20.04000   17.30000   22.57000  
H    18.66000   18.31000   22.40000  
H    19.01000   17.21000   21.04000  
S    20.33000   19.12000   20.91000  
C    18.81000   19.47000   20.01000  
H    18.57000   18.58000   19.43000  
H    17.97000   19.67000   20.68000  
H    18.95000   20.39000   19.43000  
O    21.20000   18.25000   20.06000  
C    16.28000   27.83000   25.81000  
H    15.45000   27.26000   25.39000  
H    16.59000   27.35000   26.75000  
H    16.02000   28.87000   25.99000  
S    17.78000   27.57000   24.84000  
C    17.86000   25.80000   25.20000  
H    17.22000   25.47000   26.02000  
H    17.74000   25.11000   24.36000  
H    18.89000   25.72000   25.54000  
O    18.81000   28.15000   25.75000  
C    22.37000   24.23000   26.71000  
H    23.12000   24.35000   25.92000  
H    21.48000   24.72000   26.30000  
H    22.66000   24.79000   27.60000  
S    21.95000   22.57000   27.27000  
C    20.62000   22.82000   28.47000  
H    19.68000   23.13000   28.01000  
H    20.51000   21.88000   29.01000  
H    20.86000   23.57000   29.24000  
O    23.20000   22.23000   28.03000  
C    23.88000   15.29000   26.64000  
H    23.90000   16.22000   27.20000  
H    22.88000   14.87000   26.78000  
H    24.59000   14.55000   27.02000  
S    24.06000   15.60000   24.87000  
C    25.69000   16.39000   24.83000  
H    25.63000   17.17000   25.59000  
H    26.52000   15.75000   25.12000  
H    25.90000   16.87000   23.87000  
O    23.20000   16.79000   24.55000  
C    14.27000   21.26000   23.63000  
H    13.69000   20.33000   23.57000  
H    14.07000   21.74000   24.59000  
H    14.11000   21.84000   22.72000  
S    15.98000   20.66000   23.66000  
C    16.83000   22.23000   23.39000  
H    16.58000   22.80000   24.29000  
H    17.90000   22.02000   23.34000  
H    16.46000   22.68000   22.47000  
O    16.06000   20.17000   22.24000  
C    20.43000   24.98000   22.66000  
H    19.80000   24.59000   21.85000  
H    19.79000   25.70000   23.17000  
H    21.31000   25.41000   22.19000  
S    21.04000   23.82000   23.90000  
C    21.61000   22.55000   22.74000  
H    22.39000   22.95000   22.08000  
H    22.02000   21.79000   23.41000  
H    20.81000   22.04000   22.20000  
O    19.84000   23.30000   24.63000  
C    16.76000   13.16000   29.48000  
H    17.74000   13.45000   29.87000  
H    16.06000   13.97000   29.68000  
H    16.39000   12.22000   29.91000  
S    17.03000   12.92000   27.71000  
C    18.12000   11.51000   28.00000  
H    18.87000   11.35000   27.22000  
H    18.71000   11.58000   28.92000  
H    17.49000   10.63000   28.14000  
O    17.97000   14.03000   27.37000  
C    14.11000   22.44000   27.70000  
H    13.68000   22.79000   26.76000  
H    14.10000   21.36000   27.57000  
H    13.65000   23.01000   28.51000  
S    15.79000   23.09000   27.55000  
C    16.24000   22.48000   29.19000  
H    15.83000   23.02000   30.04000  
H    15.99000   21.41000   29.22000  
H    17.31000   22.68000   29.20000  
O    15.58000   24.54000   27.83000  
C    19.58000   14.05000   19.68000  
H    19.91000   15.09000   19.72000  
H    20.18000   13.54000   20.44000  
H    19.90000   13.62000   18.73000  
S    17.82000   13.72000   19.91000  
C    17.08000   14.95000   18.82000  
H    17.01000   14.51000   17.83000  
H    16.02000   14.97000   19.08000  
H    17.55000   15.94000   18.86000  
O    17.53000   14.29000   21.26000  
C    23.13000   12.11000   28.50000  
H    23.27000   12.47000   27.47000  
H    22.42000   11.28000   28.50000  
H    22.62000   12.91000   29.04000  
S    24.69000   11.70000   29.32000  
C    24.31000   12.54000   30.88000  
H    24.15000   13.61000   30.77000  
H    23.46000   12.08000   31.39000  
H    25.28000   12.50000   31.38000  
O    25.65000   12.68000   28.73000  
C    9.75000    19.33000   26.29000  
H    8.94000    19.41000   25.56000  
H    10.03000   18.29000   26.46000  
H    9.54000    19.75000   27.28000  
S    11.24000   20.20000   25.73000  
C    10.49000   21.83000   25.47000  
H    9.56000    21.72000   24.91000  
H    10.35000   22.33000   26.43000  
H    11.21000   22.53000   25.04000  
O    11.57000   19.77000   24.33000  
$end

$rem
JOBTYPE  SP
METHOD  B3LYP
BASIS  6-31+G(D)
SYMMETRY  FALSE
SYM_IGNORE  TRUE
MEM_TOTAL  12000
MEM_STATIC  4000
BASIS_LIN_DEP_THRESH  6
THRESH  14
SCF_CONVERGENCE  8
FD_MAT_VEC_PROD  FALSE
XC_GRID  000075000302
NL_GRID  1
MAX_SCF_CYCLES  200
SCF_GUESS  READ_DEN
ALMO_EFIELD  TRUE
GEN_SCFMAN  FALSE
SKIP_SCFMAN  TRUE
ESP_GRID  0
ESP_EFIELD  1
$end
