$molecule
0 1
--
0 1
C    26.31600   22.83200   25.07500  
C    26.84700   23.81400   26.13200  
C    28.24200   24.31700   25.72600  
C    28.22600   24.89400   24.30100  
C    27.65300   23.91900   23.25800  
C    26.24200   23.48500   23.68500  
H    28.64000   25.09700   26.38500  
H    26.17300   24.67500   26.21400  
H    27.00800   21.99600   24.91400  
H    25.40100   22.43600   25.53100  
H    27.59400   25.79000   24.29700  
H    29.21800   25.15800   23.91500  
H    27.54900   24.32400   22.24500  
H    28.27700   23.03300   23.09000  
H    25.46100   24.24600   23.56000  
H    25.93100   22.70500   22.97900  
H    28.96100   23.48900   25.70800  
N    26.86500   23.17400   27.44600  
H    27.50700   22.40800   27.61000  
C    26.00800   23.46300   28.48700  
H    25.99500   22.67000   29.25600  
O    25.27900   24.43900   28.51900  
--
0 1
C    26.39000   28.05500   29.43400  
H    25.74700   27.71300   30.25000  
H    27.44100   27.92100   29.70200  
H    26.14800   29.10300   29.23900  
S    26.22900   27.38600   27.76300  
C    27.62800   28.26600   27.03400  
H    27.69200   27.91000   26.00200  
H    27.31700   29.31400   27.03100  
H    28.57800   28.22300   27.57300  
O    25.01800   28.00300   27.13300  
C    29.00700   23.14100   29.91100  
H    27.93900   22.96100   30.05900  
H    29.42200   22.53800   29.10000  
H    29.52000   23.10500   30.87600  
S    29.15000   24.78700   29.17900  
C    30.95100   24.80300   29.03200  
H    31.36000   24.74700   30.04400  
H    31.34600   23.96800   28.44800  
H    31.24400   25.78400   28.65000  
O    29.11600   25.82500   30.25700  
C    31.42500   21.22400   26.84800  
H    30.89800   22.17400   26.96000  
H    30.71200   20.39600   26.82600  
H    32.19800   21.03400   27.59700  
S    32.26600   21.31700   25.25200  
C    33.34900   22.70200   25.66900  
H    33.84700   23.06100   24.76500  
H    32.75400   23.46300   26.18100  
H    34.16600   22.27400   26.25600  
O    31.33300   22.05400   24.34200  
C    24.89400   18.68200   31.19800  
H    25.56900   17.87500   31.49400  
H    24.84500   18.84400   30.11900  
H    25.33000   19.61300   31.56700  
S    23.23300   18.19500   31.72100  
C    22.39300   19.61400   30.98100  
H    22.72400   20.52500   31.48500  
H    22.52900   19.63200   29.89600  
H    21.31300   19.54500   31.13200  
O    23.30300   18.44000   33.19600  
C    27.16600   18.36900   27.38900  
H    26.80900   18.85900   26.47900  
H    27.46800   17.37000   27.06300  
H    26.30300   18.29800   28.05500  
S    28.52200   19.23000   28.21600  
C    28.34100   18.40100   29.81200  
H    28.23200   17.31900   29.71100  
H    29.21300   18.64200   30.42500  
H    27.48800   18.86400   30.31400  
O    28.05100   20.61000   28.55600  
C    24.28500   21.17400   18.01000  
H    25.30100   20.77900   17.93100  
H    23.74600   21.17600   17.05900  
H    24.29400   22.13000   18.54000  
S    23.38800   19.89700   18.92000  
C    24.38900   20.17400   20.39800  
H    24.10900   19.45800   21.17500  
H    25.41800   19.89400   20.15900  
H    24.24100   21.18800   20.77700  
O    23.86900   18.62700   18.29000  
C    29.00800   32.59900   30.18100  
H    29.09100   33.27600   29.32700  
H    28.23600   32.87700   30.90300  
H    29.97900   32.62000   30.68200  
S    28.75000   30.90900   29.59500  
C    29.49100   30.05300   31.00300  
H    29.16200   29.01300   31.06300  
H    30.56000   29.98200   30.78900  
H    29.19700   30.53700   31.93800  
O    29.68400   30.76900   28.43300  
C    28.52500   20.67500   32.37700  
H    28.17200   21.60100   32.83800  
H    29.50000   20.89700   31.93600  
H    27.92100   20.21200   31.59300  
S    28.79200   19.48200   33.70800  
C    27.06400   19.43500   34.23400  
H    26.76900   20.44000   34.54700  
H    26.35700   19.15500   33.44900  
H    26.90200   18.72000   35.04500  
O    29.41400   20.31500   34.78500  
C    20.20700   20.24000   23.83700  
H    19.86600   21.26700   23.98800  
H    19.47200   19.89200   23.10600  
H    20.16900   19.65600   24.76000  
S    21.88100   20.20100   23.15900  
C    22.57100   21.58300   24.09700  
H    23.43300   22.01700   23.58500  
H    21.78300   22.33900   24.05200  
H    22.72900   21.27200   25.13300  
O    21.63200   20.72500   21.77900  
C    25.39300   16.08600   20.39000  
H    25.66200   15.29600   21.09600  
H    25.36300   15.77200   19.34400  
H    26.03400   16.96200   20.51900  
S    23.70100   16.64500   20.69400  
C    24.01300   17.01500   22.43500  
H    23.02200   17.32400   22.77500  
H    24.32700   16.08800   22.92300  
H    24.81200   17.75900   22.48100  
O    22.87600   15.40800   20.86600  
C    20.96600   26.48500   25.01100  
H    21.28700   26.07500   24.05000  
H    19.88100   26.41300   24.90800  
H    21.22200   27.54400   25.10500  
S    21.40200   25.40700   26.39400  
C    23.06100   25.10700   25.74400  
H    23.48700   24.40300   26.46300  
H    22.86400   24.56300   24.81700  
H    23.71100   25.96900   25.56900  
O    20.69300   24.17500   25.92600  
C    30.36300   27.26700   16.70800  
H    30.79900   27.60600   15.76500  
H    29.79500   26.34900   16.53700  
H    29.77200   28.01000   17.25000  
S    31.71600   26.81600   17.81700  
C    32.04200   25.32300   16.85400  
H    31.84600   25.53500   15.79900  
H    33.11100   25.19300   17.04000  
H    31.47900   24.49900   17.30100  
O    31.16800   26.38000   19.14000  
C    22.79000   30.60600   23.74500  
H    23.38000   31.33400   23.18200  
H    21.80300   30.55100   23.27800  
H    22.64700   31.04500   24.73500  
S    23.57000   28.98400   23.90000  
C    25.22100   29.65800   24.18900  
H    25.45400   30.29900   23.33600  
H    25.18500   30.22300   25.12400  
H    25.81500   28.74500   24.28000  
O    23.70300   28.64300   22.44900  
C    32.59700   28.76400   25.26300  
H    32.43100   29.84200   25.31800  
H    33.47400   28.49600   25.85800  
H    32.86600   28.57400   24.22100  
S    31.17300   27.85700   25.90700  
C    32.21400   26.38400   26.01500  
H    32.62500   26.12400   25.03600  
H    33.03000   26.53500   26.72600  
H    31.42300   25.70000   26.33400  
O    30.25900   27.56400   24.75800  
C    32.10200   19.44300   18.86100  
H    32.46100   19.10700   19.83700  
H    31.01300   19.49300   18.93300  
H    32.44900   18.75000   18.08900  
S    32.94500   21.04000   18.81400  
C    32.51000   21.35500   17.08900  
H    31.59000   20.87400   16.74700  
H    32.31400   22.42100   16.95000  
H    33.44700   21.04800   16.61700  
O    34.38700   20.63700   18.79100  
C    28.42100   27.18700   20.88500  
H    28.33900   26.12900   20.62200  
H    28.60800   27.79200   19.99500  
H    29.19700   27.27700   21.65000  
S    26.77600   27.62000   21.49400  
C    25.89100   27.77600   19.92600  
H    24.91900   28.23200   20.12700  
H    26.40100   28.51600   19.30400  
H    25.81400   26.77100   19.50400  
O    26.89000   29.06500   21.87000  
C    28.72700   30.59300   23.74600  
H    28.35300   30.47600   22.72600  
H    29.07600   29.64400   24.16200  
H    27.93900   31.06600   24.33900  
S    30.12400   31.72200   23.54900  
C    30.33400   31.93400   25.33100  
H    29.46200   32.23000   25.91900  
H    30.58600   30.91500   25.63300  
H    31.14600   32.65300   25.47500  
O    29.33200   32.92900   23.15500  
C    24.87600   30.44200   34.00400  
H    25.04600   31.52200   33.98200  
H    23.83300   30.13000   34.10700  
H    25.51000   30.03600   34.79600  
S    25.56700   29.59100   32.56800  
C    24.23700   30.09700   31.45300  
H    24.27000   29.44900   30.57400  
H    23.27700   29.94700   31.95400  
H    24.30900   31.13000   31.10400  
O    25.10000   28.22000   32.94500  
C    28.01600   22.41900   19.72100  
H    27.11500   22.13000   19.17300  
H    28.47500   21.48500   20.05300  
H    27.61500   23.09700   20.47900  
S    29.05600   23.53100   18.74700  
C    27.64800   24.28000   17.89700  
H    27.13700   23.44400   17.41100  
H    27.01600   24.83200   18.59700  
H    28.05600   24.99300   17.17600  
O    29.51100   22.59900   17.66700  
C    23.04500   26.39200   30.35600  
H    22.86300   25.48400   30.93700  
H    23.58200   26.14700   29.43600  
H    23.50500   27.22900   30.88700  
S    21.36300   26.87600   29.90800  
C    21.77400   28.47000   29.16200  
H    22.45400   28.40800   28.30800  
H    20.82400   28.73100   28.68700  
H    22.05800   29.21400   29.91000  
O    20.73300   27.19900   31.22600  
C    30.28900   19.04600   22.71300  
H    30.80700   19.40800   21.82100  
H    30.71100   19.55900   23.58100  
H    30.33600   17.95600   22.77900  
S    28.56200   19.57000   22.62400  
C    27.91200   18.57200   23.98300  
H    28.42600   18.91100   24.88700  
H    26.83500   18.75700   24.00300  
H    28.02500   17.49400   23.84800  
O    28.00600   18.80800   21.46300  
C    19.92100   20.61200   27.67200  
H    20.43800   20.06200   28.46100  
H    19.28400   19.98700   27.04200  
H    20.65100   21.12000   27.03600  
S    18.94200   21.94900   28.39400  
C    20.38300   22.66200   29.22000  
H    21.11000   22.97400   28.46600  
H    20.04000   23.45500   29.88900  
H    20.83400   21.84300   29.78600  
O    18.28900   21.34200   29.59700  
C    23.39200   25.51700   21.96200  
H    24.17800   26.20000   22.29400  
H    22.42500   26.02500   21.98600  
H    23.39400   24.60100   22.55800  
S    23.75200   25.03600   20.25800  
C    22.48300   23.75000   20.23200  
H    21.50300   24.21000   20.38700  
H    22.61500   23.30100   19.24400  
H    22.74600   22.94300   20.92100  
O    25.04300   24.28300   20.34500  
C    31.72500   25.45400   22.65300  
H    31.79500   24.91200   23.59900  
H    31.72600   26.52800   22.85500  
H    30.86900   25.18400   22.02900  
S    33.14100   25.04500   21.60800  
C    32.94000   23.25500   21.74800  
H    32.02800   22.96100   21.22200  
H    33.81900   22.74800   21.34000  
H    32.79000   23.02000   22.80500  
O    34.26500   25.37400   22.54000  
C    24.32600   24.63400   32.77500  
H    24.36400   24.28700   31.73900  
H    23.51400   24.04400   33.20800  
H    24.12300   25.70800   32.80900  
S    25.88000   24.34600   33.65000  
C    26.87100   25.05500   32.31600  
H    26.55300   26.09200   32.18200  
H    27.94500   24.95600   32.49400  
H    26.62700   24.53300   31.38800  
O    26.08800   22.86800   33.53100  
C    22.73700   17.13200   28.24400  
H    21.80200   17.18000   28.80800  
H    22.98200   16.13600   27.86500  
H    23.49800   17.38000   28.98800  
S    22.53500   18.35000   26.92500  
C    23.61800   17.64100   25.66300  
H    23.82900   18.19700   24.74600  
H    24.58600   17.62900   26.17100  
H    23.33000   16.60500   25.46900  
O    23.27800   19.54400   27.43700  
C    21.19300   27.09500   18.69400  
H    20.29000   27.58500   18.32200  
H    21.83800   26.79000   17.86500  
H    20.82900   26.21000   19.22300  
S    22.13400   28.38800   19.53500  
C    20.99300   28.48300   20.93200  
H    21.45000   29.16900   21.65000  
H    20.11700   29.05100   20.60700  
H    20.64500   27.50600   21.27600  
O    21.75600   29.63600   18.80000  
C    36.38000   23.36400   27.77700  
H    36.74200   22.99300   28.74000  
H    35.97400   22.54900   27.17200  
H    37.17200   23.85100   27.20300  
S    35.00200   24.44400   28.22000  
C    35.80000   25.39300   29.53400  
H    34.96100   25.86400   30.05300  
H    36.49200   24.73200   30.06200  
H    36.37400   26.18500   29.04700  
O    34.04500   23.53200   28.92200  
$end

$rem
JOBTYPE  SP
METHOD  B3LYP
BASIS  6-31+G(D)
SYMMETRY  FALSE
SYM_IGNORE  TRUE
MEM_TOTAL  16000
MEM_STATIC  8000
MAX_SUB_FILE_NUM  16000
BASIS_LIN_DEP_THRESH  6
THRESH  14
SCF_CONVERGENCE  8
GEN_SCFMAN  TRUE
SCF_GUESS  FRAGMO
FD_MAT_VEC_PROD  FALSE
XC_GRID  000075000302
NL_GRID  1
MAX_SCF_CYCLES  200
FRGM_METHOD  STOLL
SCFMI_MODE  1
$end

$development
almo_efield  1
$end

$rem_frgm
SCF_CONVERGENCE  4
$end

@@@

$molecule
0 1
@C    26.31600   22.83200   25.07500  
@C    26.84700   23.81400   26.13200  
@C    28.24200   24.31700   25.72600  
@C    28.22600   24.89400   24.30100  
@C    27.65300   23.91900   23.25800  
@C    26.24200   23.48500   23.68500  
@H    28.64000   25.09700   26.38500  
@H    26.17300   24.67500   26.21400  
@H    27.00800   21.99600   24.91400  
@H    25.40100   22.43600   25.53100  
@H    27.59400   25.79000   24.29700  
@H    29.21800   25.15800   23.91500  
@H    27.54900   24.32400   22.24500  
@H    28.27700   23.03300   23.09000  
@H    25.46100   24.24600   23.56000  
@H    25.93100   22.70500   22.97900  
@H    28.96100   23.48900   25.70800  
@N    26.86500   23.17400   27.44600  
@H    27.50700   22.40800   27.61000  
@C    26.00800   23.46300   28.48700  
@H    25.99500   22.67000   29.25600  
@O    25.27900   24.43900   28.51900  
C    26.39000   28.05500   29.43400  
H    25.74700   27.71300   30.25000  
H    27.44100   27.92100   29.70200  
H    26.14800   29.10300   29.23900  
S    26.22900   27.38600   27.76300  
C    27.62800   28.26600   27.03400  
H    27.69200   27.91000   26.00200  
H    27.31700   29.31400   27.03100  
H    28.57800   28.22300   27.57300  
O    25.01800   28.00300   27.13300  
C    29.00700   23.14100   29.91100  
H    27.93900   22.96100   30.05900  
H    29.42200   22.53800   29.10000  
H    29.52000   23.10500   30.87600  
S    29.15000   24.78700   29.17900  
C    30.95100   24.80300   29.03200  
H    31.36000   24.74700   30.04400  
H    31.34600   23.96800   28.44800  
H    31.24400   25.78400   28.65000  
O    29.11600   25.82500   30.25700  
C    31.42500   21.22400   26.84800  
H    30.89800   22.17400   26.96000  
H    30.71200   20.39600   26.82600  
H    32.19800   21.03400   27.59700  
S    32.26600   21.31700   25.25200  
C    33.34900   22.70200   25.66900  
H    33.84700   23.06100   24.76500  
H    32.75400   23.46300   26.18100  
H    34.16600   22.27400   26.25600  
O    31.33300   22.05400   24.34200  
C    24.89400   18.68200   31.19800  
H    25.56900   17.87500   31.49400  
H    24.84500   18.84400   30.11900  
H    25.33000   19.61300   31.56700  
S    23.23300   18.19500   31.72100  
C    22.39300   19.61400   30.98100  
H    22.72400   20.52500   31.48500  
H    22.52900   19.63200   29.89600  
H    21.31300   19.54500   31.13200  
O    23.30300   18.44000   33.19600  
C    27.16600   18.36900   27.38900  
H    26.80900   18.85900   26.47900  
H    27.46800   17.37000   27.06300  
H    26.30300   18.29800   28.05500  
S    28.52200   19.23000   28.21600  
C    28.34100   18.40100   29.81200  
H    28.23200   17.31900   29.71100  
H    29.21300   18.64200   30.42500  
H    27.48800   18.86400   30.31400  
O    28.05100   20.61000   28.55600  
C    24.28500   21.17400   18.01000  
H    25.30100   20.77900   17.93100  
H    23.74600   21.17600   17.05900  
H    24.29400   22.13000   18.54000  
S    23.38800   19.89700   18.92000  
C    24.38900   20.17400   20.39800  
H    24.10900   19.45800   21.17500  
H    25.41800   19.89400   20.15900  
H    24.24100   21.18800   20.77700  
O    23.86900   18.62700   18.29000  
C    29.00800   32.59900   30.18100  
H    29.09100   33.27600   29.32700  
H    28.23600   32.87700   30.90300  
H    29.97900   32.62000   30.68200  
S    28.75000   30.90900   29.59500  
C    29.49100   30.05300   31.00300  
H    29.16200   29.01300   31.06300  
H    30.56000   29.98200   30.78900  
H    29.19700   30.53700   31.93800  
O    29.68400   30.76900   28.43300  
C    28.52500   20.67500   32.37700  
H    28.17200   21.60100   32.83800  
H    29.50000   20.89700   31.93600  
H    27.92100   20.21200   31.59300  
S    28.79200   19.48200   33.70800  
C    27.06400   19.43500   34.23400  
H    26.76900   20.44000   34.54700  
H    26.35700   19.15500   33.44900  
H    26.90200   18.72000   35.04500  
O    29.41400   20.31500   34.78500  
C    20.20700   20.24000   23.83700  
H    19.86600   21.26700   23.98800  
H    19.47200   19.89200   23.10600  
H    20.16900   19.65600   24.76000  
S    21.88100   20.20100   23.15900  
C    22.57100   21.58300   24.09700  
H    23.43300   22.01700   23.58500  
H    21.78300   22.33900   24.05200  
H    22.72900   21.27200   25.13300  
O    21.63200   20.72500   21.77900  
C    25.39300   16.08600   20.39000  
H    25.66200   15.29600   21.09600  
H    25.36300   15.77200   19.34400  
H    26.03400   16.96200   20.51900  
S    23.70100   16.64500   20.69400  
C    24.01300   17.01500   22.43500  
H    23.02200   17.32400   22.77500  
H    24.32700   16.08800   22.92300  
H    24.81200   17.75900   22.48100  
O    22.87600   15.40800   20.86600  
C    20.96600   26.48500   25.01100  
H    21.28700   26.07500   24.05000  
H    19.88100   26.41300   24.90800  
H    21.22200   27.54400   25.10500  
S    21.40200   25.40700   26.39400  
C    23.06100   25.10700   25.74400  
H    23.48700   24.40300   26.46300  
H    22.86400   24.56300   24.81700  
H    23.71100   25.96900   25.56900  
O    20.69300   24.17500   25.92600  
C    30.36300   27.26700   16.70800  
H    30.79900   27.60600   15.76500  
H    29.79500   26.34900   16.53700  
H    29.77200   28.01000   17.25000  
S    31.71600   26.81600   17.81700  
C    32.04200   25.32300   16.85400  
H    31.84600   25.53500   15.79900  
H    33.11100   25.19300   17.04000  
H    31.47900   24.49900   17.30100  
O    31.16800   26.38000   19.14000  
C    22.79000   30.60600   23.74500  
H    23.38000   31.33400   23.18200  
H    21.80300   30.55100   23.27800  
H    22.64700   31.04500   24.73500  
S    23.57000   28.98400   23.90000  
C    25.22100   29.65800   24.18900  
H    25.45400   30.29900   23.33600  
H    25.18500   30.22300   25.12400  
H    25.81500   28.74500   24.28000  
O    23.70300   28.64300   22.44900  
C    32.59700   28.76400   25.26300  
H    32.43100   29.84200   25.31800  
H    33.47400   28.49600   25.85800  
H    32.86600   28.57400   24.22100  
S    31.17300   27.85700   25.90700  
C    32.21400   26.38400   26.01500  
H    32.62500   26.12400   25.03600  
H    33.03000   26.53500   26.72600  
H    31.42300   25.70000   26.33400  
O    30.25900   27.56400   24.75800  
C    32.10200   19.44300   18.86100  
H    32.46100   19.10700   19.83700  
H    31.01300   19.49300   18.93300  
H    32.44900   18.75000   18.08900  
S    32.94500   21.04000   18.81400  
C    32.51000   21.35500   17.08900  
H    31.59000   20.87400   16.74700  
H    32.31400   22.42100   16.95000  
H    33.44700   21.04800   16.61700  
O    34.38700   20.63700   18.79100  
C    28.42100   27.18700   20.88500  
H    28.33900   26.12900   20.62200  
H    28.60800   27.79200   19.99500  
H    29.19700   27.27700   21.65000  
S    26.77600   27.62000   21.49400  
C    25.89100   27.77600   19.92600  
H    24.91900   28.23200   20.12700  
H    26.40100   28.51600   19.30400  
H    25.81400   26.77100   19.50400  
O    26.89000   29.06500   21.87000  
C    28.72700   30.59300   23.74600  
H    28.35300   30.47600   22.72600  
H    29.07600   29.64400   24.16200  
H    27.93900   31.06600   24.33900  
S    30.12400   31.72200   23.54900  
C    30.33400   31.93400   25.33100  
H    29.46200   32.23000   25.91900  
H    30.58600   30.91500   25.63300  
H    31.14600   32.65300   25.47500  
O    29.33200   32.92900   23.15500  
C    24.87600   30.44200   34.00400  
H    25.04600   31.52200   33.98200  
H    23.83300   30.13000   34.10700  
H    25.51000   30.03600   34.79600  
S    25.56700   29.59100   32.56800  
C    24.23700   30.09700   31.45300  
H    24.27000   29.44900   30.57400  
H    23.27700   29.94700   31.95400  
H    24.30900   31.13000   31.10400  
O    25.10000   28.22000   32.94500  
C    28.01600   22.41900   19.72100  
H    27.11500   22.13000   19.17300  
H    28.47500   21.48500   20.05300  
H    27.61500   23.09700   20.47900  
S    29.05600   23.53100   18.74700  
C    27.64800   24.28000   17.89700  
H    27.13700   23.44400   17.41100  
H    27.01600   24.83200   18.59700  
H    28.05600   24.99300   17.17600  
O    29.51100   22.59900   17.66700  
C    23.04500   26.39200   30.35600  
H    22.86300   25.48400   30.93700  
H    23.58200   26.14700   29.43600  
H    23.50500   27.22900   30.88700  
S    21.36300   26.87600   29.90800  
C    21.77400   28.47000   29.16200  
H    22.45400   28.40800   28.30800  
H    20.82400   28.73100   28.68700  
H    22.05800   29.21400   29.91000  
O    20.73300   27.19900   31.22600  
C    30.28900   19.04600   22.71300  
H    30.80700   19.40800   21.82100  
H    30.71100   19.55900   23.58100  
H    30.33600   17.95600   22.77900  
S    28.56200   19.57000   22.62400  
C    27.91200   18.57200   23.98300  
H    28.42600   18.91100   24.88700  
H    26.83500   18.75700   24.00300  
H    28.02500   17.49400   23.84800  
O    28.00600   18.80800   21.46300  
C    19.92100   20.61200   27.67200  
H    20.43800   20.06200   28.46100  
H    19.28400   19.98700   27.04200  
H    20.65100   21.12000   27.03600  
S    18.94200   21.94900   28.39400  
C    20.38300   22.66200   29.22000  
H    21.11000   22.97400   28.46600  
H    20.04000   23.45500   29.88900  
H    20.83400   21.84300   29.78600  
O    18.28900   21.34200   29.59700  
C    23.39200   25.51700   21.96200  
H    24.17800   26.20000   22.29400  
H    22.42500   26.02500   21.98600  
H    23.39400   24.60100   22.55800  
S    23.75200   25.03600   20.25800  
C    22.48300   23.75000   20.23200  
H    21.50300   24.21000   20.38700  
H    22.61500   23.30100   19.24400  
H    22.74600   22.94300   20.92100  
O    25.04300   24.28300   20.34500  
C    31.72500   25.45400   22.65300  
H    31.79500   24.91200   23.59900  
H    31.72600   26.52800   22.85500  
H    30.86900   25.18400   22.02900  
S    33.14100   25.04500   21.60800  
C    32.94000   23.25500   21.74800  
H    32.02800   22.96100   21.22200  
H    33.81900   22.74800   21.34000  
H    32.79000   23.02000   22.80500  
O    34.26500   25.37400   22.54000  
C    24.32600   24.63400   32.77500  
H    24.36400   24.28700   31.73900  
H    23.51400   24.04400   33.20800  
H    24.12300   25.70800   32.80900  
S    25.88000   24.34600   33.65000  
C    26.87100   25.05500   32.31600  
H    26.55300   26.09200   32.18200  
H    27.94500   24.95600   32.49400  
H    26.62700   24.53300   31.38800  
O    26.08800   22.86800   33.53100  
C    22.73700   17.13200   28.24400  
H    21.80200   17.18000   28.80800  
H    22.98200   16.13600   27.86500  
H    23.49800   17.38000   28.98800  
S    22.53500   18.35000   26.92500  
C    23.61800   17.64100   25.66300  
H    23.82900   18.19700   24.74600  
H    24.58600   17.62900   26.17100  
H    23.33000   16.60500   25.46900  
O    23.27800   19.54400   27.43700  
C    21.19300   27.09500   18.69400  
H    20.29000   27.58500   18.32200  
H    21.83800   26.79000   17.86500  
H    20.82900   26.21000   19.22300  
S    22.13400   28.38800   19.53500  
C    20.99300   28.48300   20.93200  
H    21.45000   29.16900   21.65000  
H    20.11700   29.05100   20.60700  
H    20.64500   27.50600   21.27600  
O    21.75600   29.63600   18.80000  
C    36.38000   23.36400   27.77700  
H    36.74200   22.99300   28.74000  
H    35.97400   22.54900   27.17200  
H    37.17200   23.85100   27.20300  
S    35.00200   24.44400   28.22000  
C    35.80000   25.39300   29.53400  
H    34.96100   25.86400   30.05300  
H    36.49200   24.73200   30.06200  
H    36.37400   26.18500   29.04700  
O    34.04500   23.53200   28.92200  
$end

$rem
JOBTYPE  SP
METHOD  B3LYP
BASIS  6-31+G(D)
SYMMETRY  FALSE
SYM_IGNORE  TRUE
MEM_TOTAL  16000
MEM_STATIC  8000
MAX_SUB_FILE_NUM  16000
BASIS_LIN_DEP_THRESH  6
THRESH  14
SCF_CONVERGENCE  8
GEN_SCFMAN  FALSE
SCF_GUESS  READ_DEN
FD_MAT_VEC_PROD  FALSE
XC_GRID  000075000302
NL_GRID  1
MAX_SCF_CYCLES  200
SKIP_SCFMAN  TRUE
ESP_GRID  0
ESP_EFIELD  1
$end

$development
almo_efield  1
$end

