$molecule
0 1
--
0 1
C    24.45700   17.95700   28.43800  
C    25.26600   18.17600   27.14900  
C    24.88700   19.54200   26.55400  
C    25.09700   20.62800   27.62200  
C    24.22800   20.42600   28.87400  
C    24.54700   19.06000   29.50500  
H    25.43300   19.73400   25.62300  
H    26.33200   18.27100   27.38800  
H    23.43500   17.58400   28.29800  
H    24.93100   17.11100   28.95100  
H    26.14500   20.52200   27.92700  
H    24.93900   21.63900   27.22500  
H    24.45300   21.20200   29.61600  
H    23.18500   20.45100   28.53400  
H    25.57100   19.16000   29.88400  
H    23.87900   18.82800   30.34300  
H    23.86300   19.49300   26.16200  
N    25.03200   17.06900   26.22400  
H    24.12700   16.85300   25.82400  
C    26.05500   16.16700   26.01600  
H    25.69500   15.43800   25.26800  
O    27.15600   16.20400   26.53700  
--
0 1
C    20.95200   19.27500   28.07500  
H    21.61500   19.28400   27.20600  
H    21.51600   19.39900   29.00300  
H    20.43700   18.31200   28.04100  
S    19.79300   20.63000   27.78300  
C    21.03400   21.94300   27.73600  
H    21.41500   22.13500   28.74200  
H    21.77900   21.59600   27.01700  
H    20.53800   22.82200   27.31600  
O    19.17600   20.93100   29.11400  
C    17.44700   26.48900   27.19500  
H    18.35700   27.08300   27.07800  
H    17.03400   26.39100   26.18800  
H    16.74400   26.91700   27.91400  
S    17.76900   24.81700   27.80100  
C    18.38900   25.21800   29.45000  
H    19.09100   24.41700   29.69800  
H    18.92200   26.15200   29.25700  
H    17.50800   25.38600   30.07500  
O    19.06100   24.57400   27.08500  
C    19.16100   19.93700   23.97900  
H    19.79100   19.09600   23.67600  
H    18.65000   19.83800   24.94000  
H    18.45900   20.08700   23.15500  
S    20.34700   21.29200   24.12900  
C    20.80700   21.27100   22.38200  
H    21.44400   22.06200   21.97800  
H    21.27200   20.31700   22.12000  
H    19.85000   21.29900   21.85400  
O    21.53200   20.62700   24.75700  
C    29.19500   17.41700   28.98300  
H    30.14400   17.11200   29.43300  
H    28.56400   17.78900   29.79400  
H    28.77500   16.61800   28.36700  
S    29.38900   18.77500   27.80800  
C    30.41600   17.73200   26.74800  
H    31.10500   17.09400   27.30700  
H    29.78000   17.16100   26.06700  
H    30.98700   18.51200   26.23800  
O    30.34200   19.62700   28.58700  
C    22.81800   24.62200   33.53900  
H    23.01900   23.58000   33.80200  
H    23.71800   25.16300   33.23700  
H    22.16400   25.08400   34.28300  
S    21.88900   24.45500   31.99900  
C    20.54400   23.42700   32.63000  
H    19.89900   24.03500   33.26900  
H    20.03100   23.11600   31.71600  
H    21.03700   22.60300   33.15200  
O    22.71700   23.60700   31.08500  
C    28.87500   8.96100    27.88600  
H    29.54900   8.34000    27.29000  
H    29.22100   9.07700    28.91600  
H    27.88100   8.51200    27.94500  
S    28.63600   10.48300   26.94100  
C    27.60500   9.77500    25.63700  
H    26.63300   9.63300    26.11700  
H    27.59600   10.47800   24.79900  
H    28.09500   8.85900    25.29700  
O    29.91400   11.00500   26.36100  
C    29.33500   22.54800   28.77000  
H    30.21900   22.49500   28.13000  
H    29.52800   23.08600   29.70200  
H    29.04400   21.52100   29.00400  
S    28.00200   23.15500   27.71200  
C    28.60700   24.85700   27.76700  
H    27.80600   25.44300   27.30700  
H    28.73100   25.11400   28.82200  
H    29.56400   24.95600   27.24700  
O    26.84600   23.30100   28.65200  
C    23.65000   19.62400   35.43000  
H    24.05800   20.45300   34.84600  
H    23.88000   18.72200   34.85700  
H    22.57100   19.70600   35.57800  
S    24.56400   19.57700   36.98800  
C    26.14100   19.23900   36.17200  
H    26.91900   18.96400   36.88900  
H    25.90400   18.40600   35.50600  
H    26.44100   20.14200   35.63500  
O    24.13100   18.18600   37.33400  
C    24.41000   14.86100   35.71600  
H    24.56600   15.94000   35.79300  
H    24.22400   14.39700   36.68800  
H    25.20900   14.41300   35.11900  
S    22.89400   14.62400   34.76100  
C    21.81800   15.37400   36.00300  
H    22.21800   15.12900   36.99000  
H    21.91900   16.46200   35.96300  
H    20.77200   15.09500   35.84800  
O    22.59500   13.16800   34.93500  
C    20.94200   17.30400   32.95700  
H    21.84300   17.59300   33.50400  
H    20.76900   16.34900   33.45800  
H    21.03800   17.10500   31.88600  
S    19.53500   18.26400   33.55900  
C    19.85500   19.60900   32.39700  
H    19.60100   19.38700   31.35700  
H    19.29000   20.47100   32.76000  
H    20.93000   19.80200   32.45100  
O    20.19000   18.73300   34.82100  
C    17.93100   17.67600   29.84500  
H    18.35400   16.93500   30.53000  
H    18.53000   18.58000   29.70800  
H    16.99700   18.04900   30.27100  
S    17.48200   16.79500   28.33300  
C    16.62200   15.43700   29.15800  
H    17.36200   14.89000   29.74800  
H    15.85800   15.72700   29.88400  
H    16.20300   14.73900   28.42800  
O    18.82200   16.28900   27.89800  
C    25.17000   20.64000   32.39400  
H    24.12000   20.34200   32.44300  
H    25.72700   20.40800   31.48200  
H    25.74600   20.12800   33.16900  
S    25.50300   22.37300   32.78300  
C    27.13600   22.57200   32.03500  
H    27.38100   23.63200   31.92900  
H    27.94300   22.08500   32.58800  
H    27.16100   22.11400   31.04300  
O    25.83300   22.30100   34.24200  
C    28.00200   14.32600   22.07300  
H    27.27100   13.57600   22.38600  
H    27.63200   15.28100   22.45300  
H    28.06900   14.33800   20.98200  
S    29.63400   13.92500   22.73800  
C    29.19400   14.13100   24.47800  
H    29.97000   13.69900   25.11500  
H    29.14600   15.16400   24.83000  
H    28.18000   13.76500   24.66000  
O    30.43700   15.17400   22.54500  
C    31.19800   12.49000   29.09800  
H    31.87600   13.25200   28.70600  
H    31.55400   12.05700   30.03600  
H    31.07500   11.68800   28.36600  
S    29.55700   13.13300   29.49700  
C    29.20400   13.98600   27.94400  
H    29.35700   13.21600   27.18300  
H    28.22400   14.46900   27.97600  
H    29.99200   14.70800   27.71400  
O    29.81200   14.25100   30.45900  
C    25.33100   16.79700   18.13300  
H    25.86600   17.30500   18.94000  
H    25.48900   17.38900   17.22700  
H    24.32700   16.67400   18.54800  
S    26.18900   15.22700   17.88400  
C    25.42700   14.34000   19.26100  
H    25.69300   13.29800   19.06600  
H    25.82300   14.81100   20.16400  
H    24.35500   14.55400   19.24400  
O    27.54500   15.36400   18.50400  
C    26.49700   27.74300   24.46200  
H    25.80300   27.25300   23.77400  
H    26.31300   27.52600   25.51700  
H    26.33500   28.80400   24.25400  
S    28.17900   27.13500   24.20400  
C    27.61300   25.42200   24.10700  
H    27.12400   25.13100   23.17400  
H    28.51400   24.86100   24.36900  
H    27.03300   25.29300   25.02500  
O    28.85700   27.27400   25.53200  
C    30.83600   18.11300   33.21800  
H    30.29900   17.20300   33.49600  
H    30.63300   18.34500   32.16900  
H    31.90400   17.90400   33.31200  
S    30.23900   19.29400   34.44900  
C    30.87600   18.54200   35.96300  
H    30.49600   17.52500   36.08600  
H    31.94800   18.36700   35.84000  
H    30.76600   19.17700   36.84600  
O    28.79000   19.00600   34.68600  
C    23.89700   24.08200   27.99700  
H    24.41600   23.21100   28.40500  
H    22.98500   24.23200   28.58000  
H    23.61700   23.91500   26.95400  
S    24.89300   25.57900   27.81400  
C    24.06000   26.47700   29.14200  
H    24.12200   27.55900   29.00000  
H    23.00900   26.18000   29.18600  
H    24.53000   26.07000   30.04100  
O    24.33300   26.22500   26.58500  
C    20.23800   18.40100   20.27700  
H    21.10600   18.70000   20.87100  
H    20.50100   18.20500   19.23400  
H    19.44300   19.15000   20.25000  
S    19.64200   16.85800   21.00600  
C    18.26400   16.82900   19.83700  
H    17.56400   16.03600   20.11200  
H    17.77200   17.80400   19.89000  
H    18.67700   16.68500   18.83600  
O    18.98100   17.24400   22.29300  
C    23.57800   18.72700   23.06600  
H    24.30400   19.45500   23.43800  
H    22.85600   19.22800   22.41700  
H    23.05900   18.27900   23.91700  
S    24.49800   17.54700   22.05200  
C    23.16000   16.53300   21.38400  
H    22.31300   16.60400   22.07200  
H    22.87100   16.90400   20.39800  
H    23.49500   15.50200   21.24400  
O    25.02200   16.64400   23.12400  
C    22.98800   25.41300   23.65400  
H    23.93200   25.96100   23.59100  
H    22.30600   25.97000   23.00700  
H    22.51800   25.39100   24.64100  
S    23.24100   23.75400   22.98600  
C    23.76300   23.05100   24.56700  
H    24.55600   23.66100   25.00800  
H    22.92700   22.88100   25.25100  
H    24.32200   22.14300   24.32700  
O    24.54900   23.84600   22.26400  
C    21.07400   14.83000   29.96100  
H    21.85300   14.89900   30.72400  
H    20.72200   15.85100   29.79400  
H    20.17200   14.34400   30.34200  
S    21.95500   14.05000   28.58900  
C    20.42600   13.40700   27.87000  
H    19.80700   14.20200   27.44900  
H    20.66000   12.81500   26.98200  
H    19.87200   12.79300   28.58500  
O    22.66900   12.87300   29.17700  
C    28.75700   17.70400   21.08800  
H    29.58400   18.16300   21.63500  
H    27.87300   17.79400   21.72400  
H    28.97100   16.63700   20.98600  
S    28.48200   18.38400   19.43600  
C    30.24100   18.49400   19.03800  
H    30.79100   18.92500   19.87900  
H    30.51800   17.45400   18.85000  
H    30.32100   19.10000   18.13200  
O    28.13600   19.83700   19.52600  
C    27.91500   16.16700   31.98300  
H    28.71200   16.91400   31.94900  
H    28.33400   15.15700   32.00600  
H    27.23900   16.32100   31.13800  
S    27.05100   16.63900   33.49800  
C    28.09500   15.80400   34.71400  
H    28.42700   14.85400   34.28600  
H    29.03100   16.35600   34.82600  
H    27.59000   15.55700   35.65200  
O    25.81800   15.80700   33.33400  
C    28.47400   19.80500   24.00000  
H    28.81000   19.49700   24.99300  
H    27.74500   19.08800   23.61200  
H    29.28600   20.00300   23.29500  
S    27.63600   21.40500   24.03100  
C    27.20100   21.46900   22.27800  
H    26.89100   22.49600   22.07300  
H    28.05700   21.15900   21.67400  
H    26.41500   20.72400   22.12700  
O    28.74500   22.40300   24.16100  
C    33.01500   14.77900   24.34900  
H    33.47800   14.34100   23.46100  
H    32.04900   14.29100   24.50200  
H    32.89400   15.84900   24.16000  
S    33.92300   14.47500   25.88100  
C    33.45900   12.74800   26.13700  
H    33.83700   12.41000   27.10500  
H    32.37500   12.61700   26.09400  
H    33.92700   12.19200   25.32000  
O    33.09100   15.11300   26.95000  
C    25.47500   13.87300   30.18700  
H    26.47200   14.30100   30.32000  
H    25.08900   13.93200   29.16600  
H    24.75200   14.36800   30.84000  
S    25.59300   12.16300   30.76200  
C    26.16800   12.45800   32.44900  
H    26.36800   11.49700   32.92900  
H    27.11700   12.99700   32.39000  
H    25.30700   12.96000   32.89800  
O    26.79600   11.60200   30.07000  
C    25.07400   20.60500   17.72100  
H    25.82400   20.10800   18.34100  
H    24.93300   20.09800   16.76300  
H    25.43600   21.63300   17.64600  
S    23.53100   20.69500   18.65700  
C    24.25400   21.37800   20.16500  
H    23.91500   20.96700   21.12000  
H    25.34100   21.41800   20.06200  
H    23.95900   22.42400   20.27900  
O    23.33400   19.26900   19.06800  
C    25.35300   12.69800   26.49300  
H    25.34900   11.87600   27.21400  
H    26.31800   12.94800   26.04500  
H    24.81600   13.54200   26.93300  
S    24.42600   12.33300   24.98600  
C    23.04800   11.48700   25.79300  
H    23.32000   10.44100   25.95500  
H    22.89200   11.95700   26.76700  
H    22.14100   11.58600   25.19000  
O    25.21900   11.25000   24.32300  
C    20.52700   16.89400   25.35500  
H    19.78000   17.20900   24.62100  
H    20.11700   16.23700   26.12600  
H    21.02600   17.71900   25.86900  
S    21.79800   15.82300   24.64600  
C    20.64600   14.48100   24.27600  
H    19.85500   14.81100   23.59800  
H    21.33800   13.72500   23.89500  
H    20.20900   14.07000   25.19000  
O    22.59900   15.30700   25.80100  
$end

$rem
JOBTYPE  SP
METHOD  B3LYP
BASIS  6-31+G(D)
SYMMETRY  FALSE
SYM_IGNORE  TRUE
MEM_TOTAL  12000
MEM_STATIC  4000
BASIS_LIN_DEP_THRESH  6
THRESH  14
SCF_CONVERGENCE  8
FD_MAT_VEC_PROD  FALSE
XC_GRID  000075000302
NL_GRID  1
MAX_SCF_CYCLES  200
FRGM_METHOD  STOLL
SCFMI_MODE  1
ALMO_EFIELD  TRUE
$end

$rem_frgm
SCF_CONVERGENCE  4
$end


@@@

$molecule
0 1
@C    24.45700   17.95700   28.43800  
@C    25.26600   18.17600   27.14900  
@C    24.88700   19.54200   26.55400  
@C    25.09700   20.62800   27.62200  
@C    24.22800   20.42600   28.87400  
@C    24.54700   19.06000   29.50500  
@H    25.43300   19.73400   25.62300  
@H    26.33200   18.27100   27.38800  
@H    23.43500   17.58400   28.29800  
@H    24.93100   17.11100   28.95100  
@H    26.14500   20.52200   27.92700  
@H    24.93900   21.63900   27.22500  
@H    24.45300   21.20200   29.61600  
@H    23.18500   20.45100   28.53400  
@H    25.57100   19.16000   29.88400  
@H    23.87900   18.82800   30.34300  
@H    23.86300   19.49300   26.16200  
@N    25.03200   17.06900   26.22400  
@H    24.12700   16.85300   25.82400  
@C    26.05500   16.16700   26.01600  
@H    25.69500   15.43800   25.26800  
@O    27.15600   16.20400   26.53700  
C    20.95200   19.27500   28.07500  
H    21.61500   19.28400   27.20600  
H    21.51600   19.39900   29.00300  
H    20.43700   18.31200   28.04100  
S    19.79300   20.63000   27.78300  
C    21.03400   21.94300   27.73600  
H    21.41500   22.13500   28.74200  
H    21.77900   21.59600   27.01700  
H    20.53800   22.82200   27.31600  
O    19.17600   20.93100   29.11400  
C    17.44700   26.48900   27.19500  
H    18.35700   27.08300   27.07800  
H    17.03400   26.39100   26.18800  
H    16.74400   26.91700   27.91400  
S    17.76900   24.81700   27.80100  
C    18.38900   25.21800   29.45000  
H    19.09100   24.41700   29.69800  
H    18.92200   26.15200   29.25700  
H    17.50800   25.38600   30.07500  
O    19.06100   24.57400   27.08500  
C    19.16100   19.93700   23.97900  
H    19.79100   19.09600   23.67600  
H    18.65000   19.83800   24.94000  
H    18.45900   20.08700   23.15500  
S    20.34700   21.29200   24.12900  
C    20.80700   21.27100   22.38200  
H    21.44400   22.06200   21.97800  
H    21.27200   20.31700   22.12000  
H    19.85000   21.29900   21.85400  
O    21.53200   20.62700   24.75700  
C    29.19500   17.41700   28.98300  
H    30.14400   17.11200   29.43300  
H    28.56400   17.78900   29.79400  
H    28.77500   16.61800   28.36700  
S    29.38900   18.77500   27.80800  
C    30.41600   17.73200   26.74800  
H    31.10500   17.09400   27.30700  
H    29.78000   17.16100   26.06700  
H    30.98700   18.51200   26.23800  
O    30.34200   19.62700   28.58700  
C    22.81800   24.62200   33.53900  
H    23.01900   23.58000   33.80200  
H    23.71800   25.16300   33.23700  
H    22.16400   25.08400   34.28300  
S    21.88900   24.45500   31.99900  
C    20.54400   23.42700   32.63000  
H    19.89900   24.03500   33.26900  
H    20.03100   23.11600   31.71600  
H    21.03700   22.60300   33.15200  
O    22.71700   23.60700   31.08500  
C    28.87500   8.96100    27.88600  
H    29.54900   8.34000    27.29000  
H    29.22100   9.07700    28.91600  
H    27.88100   8.51200    27.94500  
S    28.63600   10.48300   26.94100  
C    27.60500   9.77500    25.63700  
H    26.63300   9.63300    26.11700  
H    27.59600   10.47800   24.79900  
H    28.09500   8.85900    25.29700  
O    29.91400   11.00500   26.36100  
C    29.33500   22.54800   28.77000  
H    30.21900   22.49500   28.13000  
H    29.52800   23.08600   29.70200  
H    29.04400   21.52100   29.00400  
S    28.00200   23.15500   27.71200  
C    28.60700   24.85700   27.76700  
H    27.80600   25.44300   27.30700  
H    28.73100   25.11400   28.82200  
H    29.56400   24.95600   27.24700  
O    26.84600   23.30100   28.65200  
C    23.65000   19.62400   35.43000  
H    24.05800   20.45300   34.84600  
H    23.88000   18.72200   34.85700  
H    22.57100   19.70600   35.57800  
S    24.56400   19.57700   36.98800  
C    26.14100   19.23900   36.17200  
H    26.91900   18.96400   36.88900  
H    25.90400   18.40600   35.50600  
H    26.44100   20.14200   35.63500  
O    24.13100   18.18600   37.33400  
C    24.41000   14.86100   35.71600  
H    24.56600   15.94000   35.79300  
H    24.22400   14.39700   36.68800  
H    25.20900   14.41300   35.11900  
S    22.89400   14.62400   34.76100  
C    21.81800   15.37400   36.00300  
H    22.21800   15.12900   36.99000  
H    21.91900   16.46200   35.96300  
H    20.77200   15.09500   35.84800  
O    22.59500   13.16800   34.93500  
C    20.94200   17.30400   32.95700  
H    21.84300   17.59300   33.50400  
H    20.76900   16.34900   33.45800  
H    21.03800   17.10500   31.88600  
S    19.53500   18.26400   33.55900  
C    19.85500   19.60900   32.39700  
H    19.60100   19.38700   31.35700  
H    19.29000   20.47100   32.76000  
H    20.93000   19.80200   32.45100  
O    20.19000   18.73300   34.82100  
C    17.93100   17.67600   29.84500  
H    18.35400   16.93500   30.53000  
H    18.53000   18.58000   29.70800  
H    16.99700   18.04900   30.27100  
S    17.48200   16.79500   28.33300  
C    16.62200   15.43700   29.15800  
H    17.36200   14.89000   29.74800  
H    15.85800   15.72700   29.88400  
H    16.20300   14.73900   28.42800  
O    18.82200   16.28900   27.89800  
C    25.17000   20.64000   32.39400  
H    24.12000   20.34200   32.44300  
H    25.72700   20.40800   31.48200  
H    25.74600   20.12800   33.16900  
S    25.50300   22.37300   32.78300  
C    27.13600   22.57200   32.03500  
H    27.38100   23.63200   31.92900  
H    27.94300   22.08500   32.58800  
H    27.16100   22.11400   31.04300  
O    25.83300   22.30100   34.24200  
C    28.00200   14.32600   22.07300  
H    27.27100   13.57600   22.38600  
H    27.63200   15.28100   22.45300  
H    28.06900   14.33800   20.98200  
S    29.63400   13.92500   22.73800  
C    29.19400   14.13100   24.47800  
H    29.97000   13.69900   25.11500  
H    29.14600   15.16400   24.83000  
H    28.18000   13.76500   24.66000  
O    30.43700   15.17400   22.54500  
C    31.19800   12.49000   29.09800  
H    31.87600   13.25200   28.70600  
H    31.55400   12.05700   30.03600  
H    31.07500   11.68800   28.36600  
S    29.55700   13.13300   29.49700  
C    29.20400   13.98600   27.94400  
H    29.35700   13.21600   27.18300  
H    28.22400   14.46900   27.97600  
H    29.99200   14.70800   27.71400  
O    29.81200   14.25100   30.45900  
C    25.33100   16.79700   18.13300  
H    25.86600   17.30500   18.94000  
H    25.48900   17.38900   17.22700  
H    24.32700   16.67400   18.54800  
S    26.18900   15.22700   17.88400  
C    25.42700   14.34000   19.26100  
H    25.69300   13.29800   19.06600  
H    25.82300   14.81100   20.16400  
H    24.35500   14.55400   19.24400  
O    27.54500   15.36400   18.50400  
C    26.49700   27.74300   24.46200  
H    25.80300   27.25300   23.77400  
H    26.31300   27.52600   25.51700  
H    26.33500   28.80400   24.25400  
S    28.17900   27.13500   24.20400  
C    27.61300   25.42200   24.10700  
H    27.12400   25.13100   23.17400  
H    28.51400   24.86100   24.36900  
H    27.03300   25.29300   25.02500  
O    28.85700   27.27400   25.53200  
C    30.83600   18.11300   33.21800  
H    30.29900   17.20300   33.49600  
H    30.63300   18.34500   32.16900  
H    31.90400   17.90400   33.31200  
S    30.23900   19.29400   34.44900  
C    30.87600   18.54200   35.96300  
H    30.49600   17.52500   36.08600  
H    31.94800   18.36700   35.84000  
H    30.76600   19.17700   36.84600  
O    28.79000   19.00600   34.68600  
C    23.89700   24.08200   27.99700  
H    24.41600   23.21100   28.40500  
H    22.98500   24.23200   28.58000  
H    23.61700   23.91500   26.95400  
S    24.89300   25.57900   27.81400  
C    24.06000   26.47700   29.14200  
H    24.12200   27.55900   29.00000  
H    23.00900   26.18000   29.18600  
H    24.53000   26.07000   30.04100  
O    24.33300   26.22500   26.58500  
C    20.23800   18.40100   20.27700  
H    21.10600   18.70000   20.87100  
H    20.50100   18.20500   19.23400  
H    19.44300   19.15000   20.25000  
S    19.64200   16.85800   21.00600  
C    18.26400   16.82900   19.83700  
H    17.56400   16.03600   20.11200  
H    17.77200   17.80400   19.89000  
H    18.67700   16.68500   18.83600  
O    18.98100   17.24400   22.29300  
C    23.57800   18.72700   23.06600  
H    24.30400   19.45500   23.43800  
H    22.85600   19.22800   22.41700  
H    23.05900   18.27900   23.91700  
S    24.49800   17.54700   22.05200  
C    23.16000   16.53300   21.38400  
H    22.31300   16.60400   22.07200  
H    22.87100   16.90400   20.39800  
H    23.49500   15.50200   21.24400  
O    25.02200   16.64400   23.12400  
C    22.98800   25.41300   23.65400  
H    23.93200   25.96100   23.59100  
H    22.30600   25.97000   23.00700  
H    22.51800   25.39100   24.64100  
S    23.24100   23.75400   22.98600  
C    23.76300   23.05100   24.56700  
H    24.55600   23.66100   25.00800  
H    22.92700   22.88100   25.25100  
H    24.32200   22.14300   24.32700  
O    24.54900   23.84600   22.26400  
C    21.07400   14.83000   29.96100  
H    21.85300   14.89900   30.72400  
H    20.72200   15.85100   29.79400  
H    20.17200   14.34400   30.34200  
S    21.95500   14.05000   28.58900  
C    20.42600   13.40700   27.87000  
H    19.80700   14.20200   27.44900  
H    20.66000   12.81500   26.98200  
H    19.87200   12.79300   28.58500  
O    22.66900   12.87300   29.17700  
C    28.75700   17.70400   21.08800  
H    29.58400   18.16300   21.63500  
H    27.87300   17.79400   21.72400  
H    28.97100   16.63700   20.98600  
S    28.48200   18.38400   19.43600  
C    30.24100   18.49400   19.03800  
H    30.79100   18.92500   19.87900  
H    30.51800   17.45400   18.85000  
H    30.32100   19.10000   18.13200  
O    28.13600   19.83700   19.52600  
C    27.91500   16.16700   31.98300  
H    28.71200   16.91400   31.94900  
H    28.33400   15.15700   32.00600  
H    27.23900   16.32100   31.13800  
S    27.05100   16.63900   33.49800  
C    28.09500   15.80400   34.71400  
H    28.42700   14.85400   34.28600  
H    29.03100   16.35600   34.82600  
H    27.59000   15.55700   35.65200  
O    25.81800   15.80700   33.33400  
C    28.47400   19.80500   24.00000  
H    28.81000   19.49700   24.99300  
H    27.74500   19.08800   23.61200  
H    29.28600   20.00300   23.29500  
S    27.63600   21.40500   24.03100  
C    27.20100   21.46900   22.27800  
H    26.89100   22.49600   22.07300  
H    28.05700   21.15900   21.67400  
H    26.41500   20.72400   22.12700  
O    28.74500   22.40300   24.16100  
C    33.01500   14.77900   24.34900  
H    33.47800   14.34100   23.46100  
H    32.04900   14.29100   24.50200  
H    32.89400   15.84900   24.16000  
S    33.92300   14.47500   25.88100  
C    33.45900   12.74800   26.13700  
H    33.83700   12.41000   27.10500  
H    32.37500   12.61700   26.09400  
H    33.92700   12.19200   25.32000  
O    33.09100   15.11300   26.95000  
C    25.47500   13.87300   30.18700  
H    26.47200   14.30100   30.32000  
H    25.08900   13.93200   29.16600  
H    24.75200   14.36800   30.84000  
S    25.59300   12.16300   30.76200  
C    26.16800   12.45800   32.44900  
H    26.36800   11.49700   32.92900  
H    27.11700   12.99700   32.39000  
H    25.30700   12.96000   32.89800  
O    26.79600   11.60200   30.07000  
C    25.07400   20.60500   17.72100  
H    25.82400   20.10800   18.34100  
H    24.93300   20.09800   16.76300  
H    25.43600   21.63300   17.64600  
S    23.53100   20.69500   18.65700  
C    24.25400   21.37800   20.16500  
H    23.91500   20.96700   21.12000  
H    25.34100   21.41800   20.06200  
H    23.95900   22.42400   20.27900  
O    23.33400   19.26900   19.06800  
C    25.35300   12.69800   26.49300  
H    25.34900   11.87600   27.21400  
H    26.31800   12.94800   26.04500  
H    24.81600   13.54200   26.93300  
S    24.42600   12.33300   24.98600  
C    23.04800   11.48700   25.79300  
H    23.32000   10.44100   25.95500  
H    22.89200   11.95700   26.76700  
H    22.14100   11.58600   25.19000  
O    25.21900   11.25000   24.32300  
C    20.52700   16.89400   25.35500  
H    19.78000   17.20900   24.62100  
H    20.11700   16.23700   26.12600  
H    21.02600   17.71900   25.86900  
S    21.79800   15.82300   24.64600  
C    20.64600   14.48100   24.27600  
H    19.85500   14.81100   23.59800  
H    21.33800   13.72500   23.89500  
H    20.20900   14.07000   25.19000  
O    22.59900   15.30700   25.80100  
$end

$rem
JOBTYPE  SP
METHOD  B3LYP
BASIS  6-31+G(D)
SYMMETRY  FALSE
SYM_IGNORE  TRUE
MEM_TOTAL  12000
MEM_STATIC  4000
BASIS_LIN_DEP_THRESH  6
THRESH  14
SCF_CONVERGENCE  8
FD_MAT_VEC_PROD  FALSE
XC_GRID  000075000302
NL_GRID  1
MAX_SCF_CYCLES  200
SCF_GUESS  READ_DEN
ALMO_EFIELD  TRUE
GEN_SCFMAN  FALSE
SKIP_SCFMAN  TRUE
ESP_GRID  0
ESP_EFIELD  1
$end
