$molecule
0 1
--
0 1
C    23.65800   15.70100   27.60500  
C    23.70600   14.50200   26.64400  
C    24.41200   14.93900   25.35000  
C    25.81700   15.51700   25.59000  
C    25.68000   16.73600   26.51600  
C    24.97900   16.44700   27.85400  
H    24.51700   14.09700   24.65500  
H    24.29600   13.67500   27.05900  
H    23.05400   16.47500   27.11700  
H    23.19700   15.34400   28.53400  
H    26.49600   14.76100   26.00400  
H    26.21800   15.83200   24.61900  
H    26.72300   17.03800   26.67100  
H    25.23400   17.58300   25.98100  
H    25.76500   16.03100   28.49600  
H    24.65400   17.40500   28.27800  
H    23.75200   15.68400   24.88900  
N    22.38400   14.06700   26.19600  
H    21.62200   14.71800   26.34100  
C    22.05200   12.80300   25.75700  
H    20.96500   12.61000   25.71200  
O    22.95900   11.99300   25.68700  
--
0 1
C    23.29000   20.58600   26.83700  
H    24.04200   20.08000   26.22600  
H    23.64600   21.60500   27.00700  
H    23.04300   20.10200   27.78500  
S    21.69700   20.76400   26.00300  
C    22.13500   22.25500   25.08000  
H    22.86100   21.84200   24.37500  
H    21.19500   22.50300   24.58000  
H    22.50900   23.04600   25.73600  
O    20.99600   21.37700   27.17600  
C    29.30000   13.06200   28.07200  
H    28.31700   13.49200   28.28000  
H    29.89000   13.10600   28.99100  
H    29.78700   13.58400   27.24400  
S    29.25500   11.35600   27.47800  
C    27.82300   11.59600   26.40300  
H    27.10300   12.25100   26.90100  
H    28.19300   12.05000   25.48000  
H    27.40400   10.59300   26.28800  
O    28.77600   10.65500   28.71200  
C    17.73600   9.66100    21.10100  
H    16.94900   9.07200    20.62300  
H    18.49300   9.83100    20.33000  
H    18.24100   9.14100    21.91900  
S    17.16300   11.30000   21.60300  
C    15.61500   10.63500   22.25400  
H    15.04600   10.00100   21.56900  
H    15.83600   10.07300   23.16600  
H    14.96200   11.44700   22.58600  
O    16.85700   11.89100   20.26200  
C    14.93900   15.76400   26.27200  
H    15.57500   15.39100   27.07800  
H    13.93000   15.58500   26.65400  
H    15.18700   15.17900   25.38300  
S    15.37300   17.51600   26.18600  
C    14.30900   17.88500   24.77300  
H    14.72600   17.36200   23.90900  
H    13.25300   17.64900   24.92900  
H    14.35000   18.95700   24.56300  
O    16.71000   17.55700   25.51400  
C    20.97900   8.40300    31.03200  
H    21.08000   7.51500    31.66100  
H    21.80300   8.39800    30.31300  
H    21.05400   9.24500    31.72400  
S    19.36400   8.48000    30.22600  
C    19.56800   6.72000    29.87200  
H    19.22800   6.13500    30.73100  
H    18.92800   6.56400    29.00000  
H    20.58000   6.45100    29.55800  
O    19.57100   9.20300    28.93100  
C    28.60200   15.72100   22.36800  
H    28.42700   16.40500   21.53300  
H    27.80800   15.09800   22.78700  
H    29.07900   16.33200   23.13800  
S    29.93700   14.58800   21.92100  
C    30.49400   14.10100   23.57000  
H    30.54700   14.91800   24.29400  
H    29.70600   13.42700   23.91400  
H    31.45800   13.58900   23.51300  
O    31.04400   15.52700   21.55700  
C    30.83700   20.30400   30.12500  
H    31.56200   19.64200   30.60600  
H    31.13100   20.50800   29.09200  
H    30.74700   21.19000   30.75700  
S    29.31300   19.33800   30.22700  
C    29.73300   18.26700   28.83400  
H    28.87400   17.64200   28.57400  
H    30.19700   18.81000   28.00700  
H    30.49800   17.55100   29.14500  
O    28.29000   20.21500   29.57500  
C    21.56500   15.06600   34.53300  
H    21.45800   14.56800   33.56600  
H    21.78600   14.33800   35.31800  
H    20.64700   15.63500   34.69600  
S    22.85400   16.32900   34.61900  
C    22.31800   17.41200   33.27500  
H    21.30800   17.79400   33.44400  
H    22.99200   18.27200   33.31100  
H    22.36700   16.87500   32.32400  
O    24.07000   15.64500   34.07700  
C    30.59400   13.15400   31.87800  
H    30.28200   12.49800   31.06200  
H    31.38700   12.60800   32.39600  
H    29.82900   13.42400   32.61100  
S    31.23000   14.59600   30.99500  
C    31.89300   15.42000   32.46000  
H    32.01700   14.63800   33.21400  
H    32.86500   15.80600   32.14100  
H    31.09900   16.14600   32.65300  
O    30.03500   15.32600   30.46700  
C    22.81000   14.90100   18.50100  
H    23.75600   15.44100   18.40600  
H    22.89500   13.90500   18.94300  
H    22.42900   14.72100   17.49200  
S    21.79700   15.98100   19.53700  
C    22.25200   17.40500   18.52300  
H    23.33600   17.52700   18.59300  
H    21.96900   17.37300   17.46700  
H    21.73400   18.18800   19.08300  
O    22.42100   16.22900   20.87400  
C    25.11300   21.16900   29.97000  
H    24.20700   21.70300   29.67200  
H    25.90100   21.87500   30.24800  
H    25.48000   20.48000   29.20600  
S    24.57900   20.11800   31.33900  
C    25.98100   18.98900   31.49900  
H    25.71300   18.20000   32.20600  
H    26.32400   18.61100   30.53200  
H    26.79600   19.66400   31.77100  
O    23.67800   19.25600   30.51100  
C    27.78000   19.19300   24.00300  
H    26.75900   18.86400   24.21300  
H    27.86000   20.26700   23.81300  
H    28.17300   18.52500   23.23300  
S    28.85500   18.94200   25.43300  
C    30.07100   19.90800   24.50900  
H    31.02800   19.83600   25.03100  
H    30.11100   19.52800   23.48500  
H    29.83100   20.97500   24.51600  
O    29.36700   17.53700   25.36400  
C    25.51900   18.08200   21.76100  
H    25.34200   17.92800   20.69400  
H    26.38300   18.73900   21.88800  
H    25.59500   17.03700   22.07400  
S    24.04700   18.78300   22.54100  
C    24.00200   20.10600   21.31100  
H    23.16800   20.78500   21.50400  
H    24.89000   20.73000   21.43200  
H    23.85100   19.70400   20.30600  
O    24.57600   19.49800   23.74500  
C    17.59500   13.53500   26.16500  
H    18.56700   13.60600   26.66000  
H    17.47800   14.32400   25.41800  
H    16.84500   13.62500   26.95500  
S    17.35600   11.93400   25.36100  
C    17.81000   10.88200   26.75800  
H    17.92000   9.90700    26.27700  
H    18.77600   11.24000   27.12100  
H    17.04800   10.74800   27.53000  
O    18.43400   11.93200   24.32300  
C    21.86900   12.63500   22.21000  
H    22.67500   12.59000   22.94600  
H    22.01400   13.46100   21.50900  
H    20.96800   12.81200   22.80400  
S    21.72400   10.99700   21.46100  
C    21.56100   10.06000   22.99700  
H    22.42700   10.40400   23.57000  
H    20.60000   10.21500   23.49400  
H    21.65500   9.00500    22.72800  
O    23.09100   10.67400   20.94200  
C    20.20300   13.77100   29.66900  
H    20.66800   13.86600   28.68400  
H    19.30400   13.15200   29.72500  
H    20.05500   14.72300   30.18500  
S    21.41900   13.23600   30.89400  
C    21.78400   11.58100   30.26700  
H    20.87100   10.98900   30.16500  
H    22.33500   11.76400   29.34000  
H    22.54800   11.21000   30.95500  
O    20.62200   12.97300   32.13300  
C    20.69700   18.32300   29.22500  
H    21.23400   17.55300   28.66500  
H    20.25400   19.09200   28.58600  
H    21.46400   18.84000   29.80800  
S    19.49700   17.59200   30.36100  
C    18.25600   17.34300   29.07200  
H    17.25900   17.24700   29.51100  
H    18.28300   18.15000   28.33400  
H    18.43800   16.42300   28.51000  
O    19.04000   18.83600   31.05800  
C    28.55900   15.82900   17.47200  
H    29.40400   15.34700   17.97100  
H    27.96700   15.02900   17.02000  
H    29.03900   16.40200   16.67500  
S    27.35200   16.62700   18.55500  
C    28.48500   17.88400   19.18900  
H    29.18400   17.44600   19.90600  
H    29.11300   18.36400   18.43400  
H    27.78700   18.59200   19.64300  
O    27.24700   15.59000   19.63000  
C    29.83400   22.34800   27.05100  
H    30.85100   22.56400   26.71400  
H    29.85900   22.59400   28.11500  
H    29.69400   21.26600   26.98100  
S    28.45000   23.23400   26.30000  
C    27.15700   22.68000   27.43400  
H    27.22100   21.59400   27.53200  
H    27.43100   23.04100   28.42900  
H    26.16200   23.01500   27.13100  
O    28.25200   22.50600   25.00600  
C    26.94200   12.36400   30.97400  
H    26.75400   11.41800   30.45900  
H    27.98900   12.60700   30.77800  
H    26.67900   12.30000   32.03300  
S    25.91000   13.61600   30.17800  
C    26.00000   14.74500   31.58500  
H    25.73600   14.11500   32.43900  
H    27.01300   15.10100   31.79000  
H    25.25300   15.53600   31.47800  
O    24.53100   13.06000   30.35000  
C    25.14700   9.80200    28.01300  
H    24.95900   8.98800    28.71700  
H    26.21400   10.02500   27.93000  
H    24.60400   10.68700   28.35800  
S    24.61800   9.08900    26.43900  
C    22.91400   8.70900    26.90300  
H    22.42600   9.68300    26.81700  
H    22.55500   7.96800    26.18300  
H    22.88700   8.35200    27.93500  
O    25.18800   7.71400    26.59200  
C    25.34600   11.19400   23.61400  
H    25.37600   10.50900   22.76300  
H    25.73400   10.73100   24.52500  
H    24.31100   11.53600   23.69500  
S    26.37100   12.59400   23.10700  
C    25.61900   12.71500   21.46900  
H    24.60200   13.11500   21.49700  
H    26.27200   13.40900   20.93400  
H    25.64400   11.73900   20.97800  
O    27.61600   11.80800   22.83700  
C    20.57800   16.18000   23.58600  
H    20.32600   16.89100   22.79600  
H    21.60700   16.27800   23.94300  
H    20.51500   15.23900   23.03200  
S    19.48000   16.37600   25.00700  
C    20.27900   17.92500   25.48500  
H    21.33000   17.76900   25.73900  
H    20.24900   18.64900   24.66700  
H    19.72400   18.22600   26.37700  
O    19.91900   15.42400   26.07600  
$end

$rem
JOBTYPE  SP
METHOD  B3LYP
BASIS  6-31+G(D)
SYMMETRY  FALSE
SYM_IGNORE  TRUE
MEM_TOTAL  12000
MEM_STATIC  4000
BASIS_LIN_DEP_THRESH  6
THRESH  14
SCF_CONVERGENCE  8
FD_MAT_VEC_PROD  FALSE
XC_GRID  000075000302
NL_GRID  1
MAX_SCF_CYCLES  200
FRGM_METHOD  STOLL
SCFMI_MODE  1
ALMO_EFIELD  TRUE
$end

$rem_frgm
SCF_CONVERGENCE  4
$end


@@@

$molecule
0 1
@C    23.65800   15.70100   27.60500  
@C    23.70600   14.50200   26.64400  
@C    24.41200   14.93900   25.35000  
@C    25.81700   15.51700   25.59000  
@C    25.68000   16.73600   26.51600  
@C    24.97900   16.44700   27.85400  
@H    24.51700   14.09700   24.65500  
@H    24.29600   13.67500   27.05900  
@H    23.05400   16.47500   27.11700  
@H    23.19700   15.34400   28.53400  
@H    26.49600   14.76100   26.00400  
@H    26.21800   15.83200   24.61900  
@H    26.72300   17.03800   26.67100  
@H    25.23400   17.58300   25.98100  
@H    25.76500   16.03100   28.49600  
@H    24.65400   17.40500   28.27800  
@H    23.75200   15.68400   24.88900  
@N    22.38400   14.06700   26.19600  
@H    21.62200   14.71800   26.34100  
@C    22.05200   12.80300   25.75700  
@H    20.96500   12.61000   25.71200  
@O    22.95900   11.99300   25.68700  
C    23.29000   20.58600   26.83700  
H    24.04200   20.08000   26.22600  
H    23.64600   21.60500   27.00700  
H    23.04300   20.10200   27.78500  
S    21.69700   20.76400   26.00300  
C    22.13500   22.25500   25.08000  
H    22.86100   21.84200   24.37500  
H    21.19500   22.50300   24.58000  
H    22.50900   23.04600   25.73600  
O    20.99600   21.37700   27.17600  
C    29.30000   13.06200   28.07200  
H    28.31700   13.49200   28.28000  
H    29.89000   13.10600   28.99100  
H    29.78700   13.58400   27.24400  
S    29.25500   11.35600   27.47800  
C    27.82300   11.59600   26.40300  
H    27.10300   12.25100   26.90100  
H    28.19300   12.05000   25.48000  
H    27.40400   10.59300   26.28800  
O    28.77600   10.65500   28.71200  
C    17.73600   9.66100    21.10100  
H    16.94900   9.07200    20.62300  
H    18.49300   9.83100    20.33000  
H    18.24100   9.14100    21.91900  
S    17.16300   11.30000   21.60300  
C    15.61500   10.63500   22.25400  
H    15.04600   10.00100   21.56900  
H    15.83600   10.07300   23.16600  
H    14.96200   11.44700   22.58600  
O    16.85700   11.89100   20.26200  
C    14.93900   15.76400   26.27200  
H    15.57500   15.39100   27.07800  
H    13.93000   15.58500   26.65400  
H    15.18700   15.17900   25.38300  
S    15.37300   17.51600   26.18600  
C    14.30900   17.88500   24.77300  
H    14.72600   17.36200   23.90900  
H    13.25300   17.64900   24.92900  
H    14.35000   18.95700   24.56300  
O    16.71000   17.55700   25.51400  
C    20.97900   8.40300    31.03200  
H    21.08000   7.51500    31.66100  
H    21.80300   8.39800    30.31300  
H    21.05400   9.24500    31.72400  
S    19.36400   8.48000    30.22600  
C    19.56800   6.72000    29.87200  
H    19.22800   6.13500    30.73100  
H    18.92800   6.56400    29.00000  
H    20.58000   6.45100    29.55800  
O    19.57100   9.20300    28.93100  
C    28.60200   15.72100   22.36800  
H    28.42700   16.40500   21.53300  
H    27.80800   15.09800   22.78700  
H    29.07900   16.33200   23.13800  
S    29.93700   14.58800   21.92100  
C    30.49400   14.10100   23.57000  
H    30.54700   14.91800   24.29400  
H    29.70600   13.42700   23.91400  
H    31.45800   13.58900   23.51300  
O    31.04400   15.52700   21.55700  
C    30.83700   20.30400   30.12500  
H    31.56200   19.64200   30.60600  
H    31.13100   20.50800   29.09200  
H    30.74700   21.19000   30.75700  
S    29.31300   19.33800   30.22700  
C    29.73300   18.26700   28.83400  
H    28.87400   17.64200   28.57400  
H    30.19700   18.81000   28.00700  
H    30.49800   17.55100   29.14500  
O    28.29000   20.21500   29.57500  
C    21.56500   15.06600   34.53300  
H    21.45800   14.56800   33.56600  
H    21.78600   14.33800   35.31800  
H    20.64700   15.63500   34.69600  
S    22.85400   16.32900   34.61900  
C    22.31800   17.41200   33.27500  
H    21.30800   17.79400   33.44400  
H    22.99200   18.27200   33.31100  
H    22.36700   16.87500   32.32400  
O    24.07000   15.64500   34.07700  
C    30.59400   13.15400   31.87800  
H    30.28200   12.49800   31.06200  
H    31.38700   12.60800   32.39600  
H    29.82900   13.42400   32.61100  
S    31.23000   14.59600   30.99500  
C    31.89300   15.42000   32.46000  
H    32.01700   14.63800   33.21400  
H    32.86500   15.80600   32.14100  
H    31.09900   16.14600   32.65300  
O    30.03500   15.32600   30.46700  
C    22.81000   14.90100   18.50100  
H    23.75600   15.44100   18.40600  
H    22.89500   13.90500   18.94300  
H    22.42900   14.72100   17.49200  
S    21.79700   15.98100   19.53700  
C    22.25200   17.40500   18.52300  
H    23.33600   17.52700   18.59300  
H    21.96900   17.37300   17.46700  
H    21.73400   18.18800   19.08300  
O    22.42100   16.22900   20.87400  
C    25.11300   21.16900   29.97000  
H    24.20700   21.70300   29.67200  
H    25.90100   21.87500   30.24800  
H    25.48000   20.48000   29.20600  
S    24.57900   20.11800   31.33900  
C    25.98100   18.98900   31.49900  
H    25.71300   18.20000   32.20600  
H    26.32400   18.61100   30.53200  
H    26.79600   19.66400   31.77100  
O    23.67800   19.25600   30.51100  
C    27.78000   19.19300   24.00300  
H    26.75900   18.86400   24.21300  
H    27.86000   20.26700   23.81300  
H    28.17300   18.52500   23.23300  
S    28.85500   18.94200   25.43300  
C    30.07100   19.90800   24.50900  
H    31.02800   19.83600   25.03100  
H    30.11100   19.52800   23.48500  
H    29.83100   20.97500   24.51600  
O    29.36700   17.53700   25.36400  
C    25.51900   18.08200   21.76100  
H    25.34200   17.92800   20.69400  
H    26.38300   18.73900   21.88800  
H    25.59500   17.03700   22.07400  
S    24.04700   18.78300   22.54100  
C    24.00200   20.10600   21.31100  
H    23.16800   20.78500   21.50400  
H    24.89000   20.73000   21.43200  
H    23.85100   19.70400   20.30600  
O    24.57600   19.49800   23.74500  
C    17.59500   13.53500   26.16500  
H    18.56700   13.60600   26.66000  
H    17.47800   14.32400   25.41800  
H    16.84500   13.62500   26.95500  
S    17.35600   11.93400   25.36100  
C    17.81000   10.88200   26.75800  
H    17.92000   9.90700    26.27700  
H    18.77600   11.24000   27.12100  
H    17.04800   10.74800   27.53000  
O    18.43400   11.93200   24.32300  
C    21.86900   12.63500   22.21000  
H    22.67500   12.59000   22.94600  
H    22.01400   13.46100   21.50900  
H    20.96800   12.81200   22.80400  
S    21.72400   10.99700   21.46100  
C    21.56100   10.06000   22.99700  
H    22.42700   10.40400   23.57000  
H    20.60000   10.21500   23.49400  
H    21.65500   9.00500    22.72800  
O    23.09100   10.67400   20.94200  
C    20.20300   13.77100   29.66900  
H    20.66800   13.86600   28.68400  
H    19.30400   13.15200   29.72500  
H    20.05500   14.72300   30.18500  
S    21.41900   13.23600   30.89400  
C    21.78400   11.58100   30.26700  
H    20.87100   10.98900   30.16500  
H    22.33500   11.76400   29.34000  
H    22.54800   11.21000   30.95500  
O    20.62200   12.97300   32.13300  
C    20.69700   18.32300   29.22500  
H    21.23400   17.55300   28.66500  
H    20.25400   19.09200   28.58600  
H    21.46400   18.84000   29.80800  
S    19.49700   17.59200   30.36100  
C    18.25600   17.34300   29.07200  
H    17.25900   17.24700   29.51100  
H    18.28300   18.15000   28.33400  
H    18.43800   16.42300   28.51000  
O    19.04000   18.83600   31.05800  
C    28.55900   15.82900   17.47200  
H    29.40400   15.34700   17.97100  
H    27.96700   15.02900   17.02000  
H    29.03900   16.40200   16.67500  
S    27.35200   16.62700   18.55500  
C    28.48500   17.88400   19.18900  
H    29.18400   17.44600   19.90600  
H    29.11300   18.36400   18.43400  
H    27.78700   18.59200   19.64300  
O    27.24700   15.59000   19.63000  
C    29.83400   22.34800   27.05100  
H    30.85100   22.56400   26.71400  
H    29.85900   22.59400   28.11500  
H    29.69400   21.26600   26.98100  
S    28.45000   23.23400   26.30000  
C    27.15700   22.68000   27.43400  
H    27.22100   21.59400   27.53200  
H    27.43100   23.04100   28.42900  
H    26.16200   23.01500   27.13100  
O    28.25200   22.50600   25.00600  
C    26.94200   12.36400   30.97400  
H    26.75400   11.41800   30.45900  
H    27.98900   12.60700   30.77800  
H    26.67900   12.30000   32.03300  
S    25.91000   13.61600   30.17800  
C    26.00000   14.74500   31.58500  
H    25.73600   14.11500   32.43900  
H    27.01300   15.10100   31.79000  
H    25.25300   15.53600   31.47800  
O    24.53100   13.06000   30.35000  
C    25.14700   9.80200    28.01300  
H    24.95900   8.98800    28.71700  
H    26.21400   10.02500   27.93000  
H    24.60400   10.68700   28.35800  
S    24.61800   9.08900    26.43900  
C    22.91400   8.70900    26.90300  
H    22.42600   9.68300    26.81700  
H    22.55500   7.96800    26.18300  
H    22.88700   8.35200    27.93500  
O    25.18800   7.71400    26.59200  
C    25.34600   11.19400   23.61400  
H    25.37600   10.50900   22.76300  
H    25.73400   10.73100   24.52500  
H    24.31100   11.53600   23.69500  
S    26.37100   12.59400   23.10700  
C    25.61900   12.71500   21.46900  
H    24.60200   13.11500   21.49700  
H    26.27200   13.40900   20.93400  
H    25.64400   11.73900   20.97800  
O    27.61600   11.80800   22.83700  
C    20.57800   16.18000   23.58600  
H    20.32600   16.89100   22.79600  
H    21.60700   16.27800   23.94300  
H    20.51500   15.23900   23.03200  
S    19.48000   16.37600   25.00700  
C    20.27900   17.92500   25.48500  
H    21.33000   17.76900   25.73900  
H    20.24900   18.64900   24.66700  
H    19.72400   18.22600   26.37700  
O    19.91900   15.42400   26.07600  
$end

$rem
JOBTYPE  SP
METHOD  B3LYP
BASIS  6-31+G(D)
SYMMETRY  FALSE
SYM_IGNORE  TRUE
MEM_TOTAL  12000
MEM_STATIC  4000
BASIS_LIN_DEP_THRESH  6
THRESH  14
SCF_CONVERGENCE  8
FD_MAT_VEC_PROD  FALSE
XC_GRID  000075000302
NL_GRID  1
MAX_SCF_CYCLES  200
SCF_GUESS  READ_DEN
ALMO_EFIELD  TRUE
GEN_SCFMAN  FALSE
SKIP_SCFMAN  TRUE
ESP_GRID  0
ESP_EFIELD  1
$end
