$molecule
0 1
--
0 1
C    30.11000   28.25000   26.57000  
C    29.38100   28.09800   27.91500  
C    29.29800   26.64300   28.40500  
C    30.69700   26.00900   28.33400  
C    31.35800   26.08300   26.94700  
C    31.46400   27.53200   26.44200  
H    29.00300   26.57000   29.45900  
H    30.06300   28.56500   28.63700  
H    29.41200   27.90400   25.79800  
H    30.26600   29.30200   26.30400  
H    31.26300   26.58000   29.07900  
H    30.57200   24.95900   28.62500  
H    32.41100   25.80100   27.06000  
H    30.79400   25.48500   26.22100  
H    32.17000   28.10100   27.05900  
H    31.84600   27.53500   25.41400  
H    28.56100   26.06800   27.83000  
N    28.11000   28.81900   27.91600  
H    27.36400   28.59700   27.26700  
C    27.70000   29.64600   28.94100  
H    26.66600   30.01000   28.80500  
O    28.42400   29.98900   29.85900  
--
0 1
C    23.94100   31.75800   24.60000  
H    23.80000   30.73100   24.94600  
H    24.20200   32.42500   25.42600  
H    23.06800   32.10100   24.03900  
S    25.33300   31.88300   23.45400  
C    25.01000   33.61300   23.04300  
H    24.79100   34.17200   23.95600  
H    25.85700   34.00900   22.47700  
H    24.19600   33.79900   22.33800  
O    24.94600   30.99700   22.31200  
C    32.38400   31.19500   27.80900  
H    32.17100   30.87300   26.78700  
H    33.18900   30.65700   28.31700  
H    31.60500   31.41300   28.54400  
S    33.34700   32.68400   27.45700  
C    34.36100   32.61000   28.95000  
H    33.62500   32.69000   29.75400  
H    34.93200   31.68400   29.06300  
H    35.07200   33.43200   29.06800  
O    32.47700   33.88100   27.68100  
C    26.84300   25.84000   32.09100  
H    27.15300   25.80600   31.04400  
H    27.72300   25.62000   32.70000  
H    26.03800   25.11800   32.24900  
S    26.08600   27.39900   32.60200  
C    27.69700   28.14700   32.93700  
H    27.63100   29.19700   33.23200  
H    28.11300   27.61200   33.79400  
H    28.36400   28.07100   32.07500  
O    25.45800   27.22200   33.94900  
C    38.26400   24.31200   30.34700  
H    38.06000   23.60500   29.53800  
H    38.33800   25.34400   29.99400  
H    39.24000   24.23700   30.83300  
S    37.02200   24.22900   31.65700  
C    36.90800   22.44700   31.93300  
H    37.90900   22.09300   32.19300  
H    36.19900   22.29500   32.75100  
H    36.55000   22.00500   31.00000  
O    35.83500   24.37300   30.75700  
C    32.17900   34.15500   24.53300  
H    32.08700   34.94200   25.28500  
H    32.16800   33.13400   24.92500  
H    33.13600   34.28100   24.02000  
S    30.91300   34.39600   23.26600  
C    31.58700   35.91500   22.55700  
H    30.88400   36.06500   21.73500  
H    31.62600   36.78000   23.22400  
H    32.53400   35.61800   22.09900  
O    29.61700   34.80100   23.89700  
C    28.95100   31.56500   22.97200  
H    28.54000   32.57200   22.85800  
H    28.78800   31.31000   24.02300  
H    30.04000   31.55500   22.88600  
S    28.21600   30.38200   21.82100  
C    29.61700   29.26400   22.04800  
H    29.97200   29.29600   23.08100  
H    29.45700   28.21300   21.79300  
H    30.42400   29.64300   21.41600  
O    28.53100   30.89800   20.45100  
C    33.46700   21.28500   32.19000  
H    34.41100   20.73600   32.22400  
H    33.50700   22.18800   32.80500  
H    32.67700   20.57600   32.45500  
S    32.98300   21.75500   30.51400  
C    31.30400   22.32200   30.86800  
H    30.63200   21.50500   31.14400  
H    31.30500   23.15900   31.57200  
H    30.89200   22.62000   29.90100  
O    32.71900   20.38100   29.98100  
C    28.32200   20.20900   29.85700  
H    28.46000   20.78000   30.77900  
H    29.08800   20.49500   29.13100  
H    27.31300   20.39000   29.47700  
S    28.47600   18.43000   30.12900  
C    30.24500   18.52600   30.48500  
H    30.51700   17.48100   30.65900  
H    30.83600   18.88700   29.64000  
H    30.50700   19.15500   31.33900  
O    28.60400   17.94100   28.72000  
C    30.06800   35.25200   30.03100  
H    30.83600   35.56400   29.31900  
H    29.06200   35.20100   29.60500  
H    30.01400   35.97000   30.85300  
S    30.67800   33.70800   30.74500  
C    28.97700   33.10800   30.85200  
H    28.51700   33.15700   29.86100  
H    29.04300   32.05600   31.13800  
H    28.35000   33.74900   31.47700  
O    30.80300   34.11600   32.18000  
C    30.26900   22.37900   34.91300  
H    30.48100   21.84300   35.84200  
H    31.15700   22.75000   34.39500  
H    29.59200   23.21600   35.10100  
S    29.35300   21.25100   33.83900  
C    28.55800   20.40300   35.22300  
H    27.73000   19.73500   34.97400  
H    29.33700   19.81000   35.70900  
H    28.21100   21.20500   35.88100  
O    30.33300   20.18700   33.45500  
C    24.77900   24.31300   27.97700  
H    25.28900   25.04500   27.34500  
H    24.26000   23.53700   27.40800  
H    24.11700   24.73700   28.73600  
S    26.09800   23.59200   28.98000  
C    26.92100   22.76700   27.59900  
H    27.75600   22.17100   27.97700  
H    26.07200   22.34000   27.06000  
H    27.28400   23.63300   27.03900  
O    25.45800   22.45300   29.71100  
C    38.00100   26.67000   25.11600  
H    38.70900   26.28900   25.85700  
H    37.03400   26.54500   25.60900  
H    37.89900   26.09700   24.19100  
S    38.18700   28.43000   24.74800  
C    39.76300   28.25000   23.88200  
H    40.30500   29.19600   23.96300  
H    40.42000   27.60100   24.46800  
H    39.80800   27.84100   22.87000  
O    38.57900   29.01200   26.07000  
C    28.76000   24.18700   24.22200  
H    29.53200   24.91900   24.47500  
H    27.80200   24.48200   24.65800  
H    28.97000   23.16200   24.53700  
S    28.57200   24.56300   22.46500  
C    30.24900   23.99500   22.10800  
H    30.23700   22.90800   22.21700  
H    30.33400   24.39600   21.09400  
H    30.85300   24.55900   22.82300  
O    28.71900   26.05100   22.54600  
C    32.21500   22.49400   25.56400  
H    33.20000   22.02900   25.47600  
H    31.45100   22.36800   24.79300  
H    32.39000   23.57300   25.59000  
S    31.57400   22.01000   27.18300  
C    31.37000   20.25600   26.79600  
H    30.73900   19.83600   27.58400  
H    30.85000   20.16100   25.84000  
H    32.38100   19.85500   26.69300  
O    30.17200   22.53100   27.24500  
C    22.07300   36.01100   28.27800  
H    22.56900   36.83400   27.75700  
H    21.25500   35.57200   27.70000  
H    21.80100   36.19000   29.32100  
S    23.29500   34.69500   28.47400  
C    24.62600   35.60600   29.28800  
H    25.43300   34.87000   29.32300  
H    25.07000   36.41600   28.70200  
H    24.39900   35.96300   30.29600  
O    23.72500   34.59800   27.04300  
C    32.88300   25.91900   32.41100  
H    33.45500   26.84800   32.35400  
H    33.02600   25.52500   33.42000  
H    33.32600   25.34700   31.59100  
S    31.17600   26.36700   32.02300  
C    31.41700   28.05600   31.42600  
H    30.40200   28.43400   31.27900  
H    31.91800   28.51900   32.28000  
H    32.04100   28.10800   30.53100  
O    30.53900   26.60400   33.35700  
C    33.27100   29.04200   22.68500  
H    32.80900   29.61100   21.87400  
H    33.65900   28.10200   22.28500  
H    32.54600   28.68600   23.42000  
S    34.49300   30.01700   23.59200  
C    34.61700   28.87400   24.98600  
H    35.15500   29.41000   25.77300  
H    33.62500   28.58900   25.34500  
H    35.23400   28.01100   24.72600  
O    33.67100   31.06700   24.27200  
C    24.69300   26.36200   24.39500  
H    25.62200   25.78800   24.45300  
H    23.90200   25.89500   24.98700  
H    24.39300   26.57900   23.36700  
S    25.13700   27.88400   25.26200  
C    26.67500   28.19800   24.36700  
H    27.01800   29.23300   24.43800  
H    27.38900   27.45900   24.73900  
H    26.55400   28.00400   23.29800  
O    25.72800   27.37600   26.53900  
C    35.93300   30.15700   33.56600  
H    36.50300   29.26200   33.82600  
H    36.43300   30.85700   32.89100  
H    35.56600   30.59000   34.50000  
S    34.35300   29.52800   32.95300  
C    33.63400   31.17800   32.79900  
H    33.56900   31.51500   33.83700  
H    34.27200   31.70500   32.08500  
H    32.62700   31.04300   32.39700  
O    33.67400   28.91200   34.13600  
C    33.94400   24.94600   23.69500  
H    34.44700   25.23200   24.62300  
H    33.04600   25.56000   23.59500  
H    33.73700   23.87300   23.72000  
S    35.17600   25.20400   22.39800  
C    36.31200   23.91500   22.95900  
H    37.24600   23.88200   22.39300  
H    36.52100   24.09400   24.01700  
H    35.84000   22.93800   22.82900  
O    35.73300   26.54500   22.76200  
C    23.53300   32.28000   32.71800  
H    22.59300   32.67000   32.32000  
H    23.45900   31.19000   32.75200  
H    23.81200   32.72300   33.67800  
S    24.71500   32.66900   31.40700  
C    26.07900   31.59900   31.91700  
H    26.91800   31.63700   31.21700  
H    26.48900   31.92300   32.87800  
H    25.70300   30.58700   32.08500  
O    25.26500   34.03100   31.69700  
C    37.52300   23.39300   26.81300  
H    37.42500   22.91200   25.83700  
H    37.99100   24.37400   26.70000  
H    38.18500   22.78000   27.43000  
S    35.91300   23.55300   27.61700  
C    35.46000   21.83000   27.92400  
H    34.37900   21.77000   28.07400  
H    35.91000   21.27000   27.10000  
H    35.88800   21.37700   28.82100  
O    34.87600   24.04900   26.65800  
C    23.46600   31.29300   28.58300  
H    24.46400   31.71000   28.42500  
H    22.99800   31.46700   27.61000  
H    23.01200   31.76600   29.45700  
S    23.92500   29.56400   28.83700  
C    22.22900   28.95600   28.69800  
H    21.45600   29.46300   29.28000  
H    22.11000   29.07300   27.61800  
H    22.16800   27.89400   28.94900  
O    24.30800   29.35100   30.26900  
C    26.87800   34.28300   26.20800  
H    26.83400   33.94400   25.17000  
H    25.84900   34.36300   26.56700  
H    27.32400   35.26200   26.40100  
S    27.66800   32.93600   27.11900  
C    29.37000   33.49300   26.87600  
H    29.73800   33.59500   25.85200  
H    29.34300   34.48100   27.34100  
H    30.03300   32.74900   27.32400  
O    27.55100   31.75700   26.20500  
C    30.33900   33.03200   35.36500  
H    31.42600   32.91400   35.38100  
H    30.01300   33.28500   34.35300  
H    29.89800   33.69900   36.11000  
S    29.73800   31.37800   35.77800  
C    30.53200   30.49300   34.41800  
H    30.11800   29.49900   34.23300  
H    30.61200   31.09500   33.51000  
H    31.56100   30.39000   34.77300  
O    28.28100   31.46000   35.44500  
C    35.87000   27.03300   28.42700  
H    36.72600   26.61500   27.89100  
H    35.33900   26.23100   28.94700  
H    35.09200   27.34400   27.72500  
S    36.21400   28.51600   29.40000  
C    36.98300   27.63900   30.78000  
H    37.93700   27.24300   30.42100  
H    37.24100   28.40500   31.51600  
H    36.33300   26.90600   31.26300  
O    34.84700   28.90300   29.87000  
$end

$rem
JOBTYPE  SP
METHOD  B3LYP
BASIS  6-31+G(D)
SYMMETRY  FALSE
SYM_IGNORE  TRUE
MEM_TOTAL  12000
MEM_STATIC  4000
BASIS_LIN_DEP_THRESH  6
THRESH  14
SCF_CONVERGENCE  8
FD_MAT_VEC_PROD  FALSE
XC_GRID  000075000302
NL_GRID  1
MAX_SCF_CYCLES  200
FRGM_METHOD  STOLL
SCFMI_MODE  1
ALMO_EFIELD  TRUE
$end

$rem_frgm
SCF_CONVERGENCE  4
$end


@@@

$molecule
0 1
@C    30.11000   28.25000   26.57000  
@C    29.38100   28.09800   27.91500  
@C    29.29800   26.64300   28.40500  
@C    30.69700   26.00900   28.33400  
@C    31.35800   26.08300   26.94700  
@C    31.46400   27.53200   26.44200  
@H    29.00300   26.57000   29.45900  
@H    30.06300   28.56500   28.63700  
@H    29.41200   27.90400   25.79800  
@H    30.26600   29.30200   26.30400  
@H    31.26300   26.58000   29.07900  
@H    30.57200   24.95900   28.62500  
@H    32.41100   25.80100   27.06000  
@H    30.79400   25.48500   26.22100  
@H    32.17000   28.10100   27.05900  
@H    31.84600   27.53500   25.41400  
@H    28.56100   26.06800   27.83000  
@N    28.11000   28.81900   27.91600  
@H    27.36400   28.59700   27.26700  
@C    27.70000   29.64600   28.94100  
@H    26.66600   30.01000   28.80500  
@O    28.42400   29.98900   29.85900  
C    23.94100   31.75800   24.60000  
H    23.80000   30.73100   24.94600  
H    24.20200   32.42500   25.42600  
H    23.06800   32.10100   24.03900  
S    25.33300   31.88300   23.45400  
C    25.01000   33.61300   23.04300  
H    24.79100   34.17200   23.95600  
H    25.85700   34.00900   22.47700  
H    24.19600   33.79900   22.33800  
O    24.94600   30.99700   22.31200  
C    32.38400   31.19500   27.80900  
H    32.17100   30.87300   26.78700  
H    33.18900   30.65700   28.31700  
H    31.60500   31.41300   28.54400  
S    33.34700   32.68400   27.45700  
C    34.36100   32.61000   28.95000  
H    33.62500   32.69000   29.75400  
H    34.93200   31.68400   29.06300  
H    35.07200   33.43200   29.06800  
O    32.47700   33.88100   27.68100  
C    26.84300   25.84000   32.09100  
H    27.15300   25.80600   31.04400  
H    27.72300   25.62000   32.70000  
H    26.03800   25.11800   32.24900  
S    26.08600   27.39900   32.60200  
C    27.69700   28.14700   32.93700  
H    27.63100   29.19700   33.23200  
H    28.11300   27.61200   33.79400  
H    28.36400   28.07100   32.07500  
O    25.45800   27.22200   33.94900  
C    38.26400   24.31200   30.34700  
H    38.06000   23.60500   29.53800  
H    38.33800   25.34400   29.99400  
H    39.24000   24.23700   30.83300  
S    37.02200   24.22900   31.65700  
C    36.90800   22.44700   31.93300  
H    37.90900   22.09300   32.19300  
H    36.19900   22.29500   32.75100  
H    36.55000   22.00500   31.00000  
O    35.83500   24.37300   30.75700  
C    32.17900   34.15500   24.53300  
H    32.08700   34.94200   25.28500  
H    32.16800   33.13400   24.92500  
H    33.13600   34.28100   24.02000  
S    30.91300   34.39600   23.26600  
C    31.58700   35.91500   22.55700  
H    30.88400   36.06500   21.73500  
H    31.62600   36.78000   23.22400  
H    32.53400   35.61800   22.09900  
O    29.61700   34.80100   23.89700  
C    28.95100   31.56500   22.97200  
H    28.54000   32.57200   22.85800  
H    28.78800   31.31000   24.02300  
H    30.04000   31.55500   22.88600  
S    28.21600   30.38200   21.82100  
C    29.61700   29.26400   22.04800  
H    29.97200   29.29600   23.08100  
H    29.45700   28.21300   21.79300  
H    30.42400   29.64300   21.41600  
O    28.53100   30.89800   20.45100  
C    33.46700   21.28500   32.19000  
H    34.41100   20.73600   32.22400  
H    33.50700   22.18800   32.80500  
H    32.67700   20.57600   32.45500  
S    32.98300   21.75500   30.51400  
C    31.30400   22.32200   30.86800  
H    30.63200   21.50500   31.14400  
H    31.30500   23.15900   31.57200  
H    30.89200   22.62000   29.90100  
O    32.71900   20.38100   29.98100  
C    28.32200   20.20900   29.85700  
H    28.46000   20.78000   30.77900  
H    29.08800   20.49500   29.13100  
H    27.31300   20.39000   29.47700  
S    28.47600   18.43000   30.12900  
C    30.24500   18.52600   30.48500  
H    30.51700   17.48100   30.65900  
H    30.83600   18.88700   29.64000  
H    30.50700   19.15500   31.33900  
O    28.60400   17.94100   28.72000  
C    30.06800   35.25200   30.03100  
H    30.83600   35.56400   29.31900  
H    29.06200   35.20100   29.60500  
H    30.01400   35.97000   30.85300  
S    30.67800   33.70800   30.74500  
C    28.97700   33.10800   30.85200  
H    28.51700   33.15700   29.86100  
H    29.04300   32.05600   31.13800  
H    28.35000   33.74900   31.47700  
O    30.80300   34.11600   32.18000  
C    30.26900   22.37900   34.91300  
H    30.48100   21.84300   35.84200  
H    31.15700   22.75000   34.39500  
H    29.59200   23.21600   35.10100  
S    29.35300   21.25100   33.83900  
C    28.55800   20.40300   35.22300  
H    27.73000   19.73500   34.97400  
H    29.33700   19.81000   35.70900  
H    28.21100   21.20500   35.88100  
O    30.33300   20.18700   33.45500  
C    24.77900   24.31300   27.97700  
H    25.28900   25.04500   27.34500  
H    24.26000   23.53700   27.40800  
H    24.11700   24.73700   28.73600  
S    26.09800   23.59200   28.98000  
C    26.92100   22.76700   27.59900  
H    27.75600   22.17100   27.97700  
H    26.07200   22.34000   27.06000  
H    27.28400   23.63300   27.03900  
O    25.45800   22.45300   29.71100  
C    38.00100   26.67000   25.11600  
H    38.70900   26.28900   25.85700  
H    37.03400   26.54500   25.60900  
H    37.89900   26.09700   24.19100  
S    38.18700   28.43000   24.74800  
C    39.76300   28.25000   23.88200  
H    40.30500   29.19600   23.96300  
H    40.42000   27.60100   24.46800  
H    39.80800   27.84100   22.87000  
O    38.57900   29.01200   26.07000  
C    28.76000   24.18700   24.22200  
H    29.53200   24.91900   24.47500  
H    27.80200   24.48200   24.65800  
H    28.97000   23.16200   24.53700  
S    28.57200   24.56300   22.46500  
C    30.24900   23.99500   22.10800  
H    30.23700   22.90800   22.21700  
H    30.33400   24.39600   21.09400  
H    30.85300   24.55900   22.82300  
O    28.71900   26.05100   22.54600  
C    32.21500   22.49400   25.56400  
H    33.20000   22.02900   25.47600  
H    31.45100   22.36800   24.79300  
H    32.39000   23.57300   25.59000  
S    31.57400   22.01000   27.18300  
C    31.37000   20.25600   26.79600  
H    30.73900   19.83600   27.58400  
H    30.85000   20.16100   25.84000  
H    32.38100   19.85500   26.69300  
O    30.17200   22.53100   27.24500  
C    22.07300   36.01100   28.27800  
H    22.56900   36.83400   27.75700  
H    21.25500   35.57200   27.70000  
H    21.80100   36.19000   29.32100  
S    23.29500   34.69500   28.47400  
C    24.62600   35.60600   29.28800  
H    25.43300   34.87000   29.32300  
H    25.07000   36.41600   28.70200  
H    24.39900   35.96300   30.29600  
O    23.72500   34.59800   27.04300  
C    32.88300   25.91900   32.41100  
H    33.45500   26.84800   32.35400  
H    33.02600   25.52500   33.42000  
H    33.32600   25.34700   31.59100  
S    31.17600   26.36700   32.02300  
C    31.41700   28.05600   31.42600  
H    30.40200   28.43400   31.27900  
H    31.91800   28.51900   32.28000  
H    32.04100   28.10800   30.53100  
O    30.53900   26.60400   33.35700  
C    33.27100   29.04200   22.68500  
H    32.80900   29.61100   21.87400  
H    33.65900   28.10200   22.28500  
H    32.54600   28.68600   23.42000  
S    34.49300   30.01700   23.59200  
C    34.61700   28.87400   24.98600  
H    35.15500   29.41000   25.77300  
H    33.62500   28.58900   25.34500  
H    35.23400   28.01100   24.72600  
O    33.67100   31.06700   24.27200  
C    24.69300   26.36200   24.39500  
H    25.62200   25.78800   24.45300  
H    23.90200   25.89500   24.98700  
H    24.39300   26.57900   23.36700  
S    25.13700   27.88400   25.26200  
C    26.67500   28.19800   24.36700  
H    27.01800   29.23300   24.43800  
H    27.38900   27.45900   24.73900  
H    26.55400   28.00400   23.29800  
O    25.72800   27.37600   26.53900  
C    35.93300   30.15700   33.56600  
H    36.50300   29.26200   33.82600  
H    36.43300   30.85700   32.89100  
H    35.56600   30.59000   34.50000  
S    34.35300   29.52800   32.95300  
C    33.63400   31.17800   32.79900  
H    33.56900   31.51500   33.83700  
H    34.27200   31.70500   32.08500  
H    32.62700   31.04300   32.39700  
O    33.67400   28.91200   34.13600  
C    33.94400   24.94600   23.69500  
H    34.44700   25.23200   24.62300  
H    33.04600   25.56000   23.59500  
H    33.73700   23.87300   23.72000  
S    35.17600   25.20400   22.39800  
C    36.31200   23.91500   22.95900  
H    37.24600   23.88200   22.39300  
H    36.52100   24.09400   24.01700  
H    35.84000   22.93800   22.82900  
O    35.73300   26.54500   22.76200  
C    23.53300   32.28000   32.71800  
H    22.59300   32.67000   32.32000  
H    23.45900   31.19000   32.75200  
H    23.81200   32.72300   33.67800  
S    24.71500   32.66900   31.40700  
C    26.07900   31.59900   31.91700  
H    26.91800   31.63700   31.21700  
H    26.48900   31.92300   32.87800  
H    25.70300   30.58700   32.08500  
O    25.26500   34.03100   31.69700  
C    37.52300   23.39300   26.81300  
H    37.42500   22.91200   25.83700  
H    37.99100   24.37400   26.70000  
H    38.18500   22.78000   27.43000  
S    35.91300   23.55300   27.61700  
C    35.46000   21.83000   27.92400  
H    34.37900   21.77000   28.07400  
H    35.91000   21.27000   27.10000  
H    35.88800   21.37700   28.82100  
O    34.87600   24.04900   26.65800  
C    23.46600   31.29300   28.58300  
H    24.46400   31.71000   28.42500  
H    22.99800   31.46700   27.61000  
H    23.01200   31.76600   29.45700  
S    23.92500   29.56400   28.83700  
C    22.22900   28.95600   28.69800  
H    21.45600   29.46300   29.28000  
H    22.11000   29.07300   27.61800  
H    22.16800   27.89400   28.94900  
O    24.30800   29.35100   30.26900  
C    26.87800   34.28300   26.20800  
H    26.83400   33.94400   25.17000  
H    25.84900   34.36300   26.56700  
H    27.32400   35.26200   26.40100  
S    27.66800   32.93600   27.11900  
C    29.37000   33.49300   26.87600  
H    29.73800   33.59500   25.85200  
H    29.34300   34.48100   27.34100  
H    30.03300   32.74900   27.32400  
O    27.55100   31.75700   26.20500  
C    30.33900   33.03200   35.36500  
H    31.42600   32.91400   35.38100  
H    30.01300   33.28500   34.35300  
H    29.89800   33.69900   36.11000  
S    29.73800   31.37800   35.77800  
C    30.53200   30.49300   34.41800  
H    30.11800   29.49900   34.23300  
H    30.61200   31.09500   33.51000  
H    31.56100   30.39000   34.77300  
O    28.28100   31.46000   35.44500  
C    35.87000   27.03300   28.42700  
H    36.72600   26.61500   27.89100  
H    35.33900   26.23100   28.94700  
H    35.09200   27.34400   27.72500  
S    36.21400   28.51600   29.40000  
C    36.98300   27.63900   30.78000  
H    37.93700   27.24300   30.42100  
H    37.24100   28.40500   31.51600  
H    36.33300   26.90600   31.26300  
O    34.84700   28.90300   29.87000  
$end

$rem
JOBTYPE  SP
METHOD  B3LYP
BASIS  6-31+G(D)
SYMMETRY  FALSE
SYM_IGNORE  TRUE
MEM_TOTAL  12000
MEM_STATIC  4000
BASIS_LIN_DEP_THRESH  6
THRESH  14
SCF_CONVERGENCE  8
FD_MAT_VEC_PROD  FALSE
XC_GRID  000075000302
NL_GRID  1
MAX_SCF_CYCLES  200
SCF_GUESS  READ_DEN
ALMO_EFIELD  TRUE
GEN_SCFMAN  FALSE
SKIP_SCFMAN  TRUE
ESP_GRID  0
ESP_EFIELD  1
$end
