$molecule
0 1
--
0 1
C    25.18200   30.49300   25.68200  
C    25.95800   30.14700   26.96400  
C    25.84300   28.63800   27.24000  
C    26.40600   27.92400   26.00000  
C    25.65300   28.23700   24.69700  
C    25.69900   29.75200   24.43800  
H    26.24100   28.30900   28.20800  
H    26.99300   30.48700   26.83800  
H    24.10500   30.42800   25.88100  
H    25.35800   31.56400   25.52400  
H    27.43200   28.24900   25.79100  
H    26.46800   26.84500   26.18800  
H    25.95800   27.65200   23.82100  
H    24.60500   27.95600   24.86000  
H    26.68500   30.15700   24.17900  
H    25.03600   30.04400   23.61600  
H    24.77700   28.38100   27.21600  
N    25.40600   30.92200   28.07400  
H    24.71200   30.51400   28.68900  
C    25.94200   32.09700   28.55700  
H    25.50100   32.48600   29.49300  
O    26.93700   32.60500   28.07300  
--
0 1
C    24.64200   27.48600   21.30500  
H    25.69400   27.72700   21.13300  
H    24.11000   27.82700   20.41400  
H    24.26500   28.03100   22.17400  
S    24.20300   25.74300   21.49200  
C    25.13100   25.17100   20.05100  
H    26.18000   25.29700   20.33000  
H    24.82500   24.14400   19.83800  
H    24.84900   25.83000   19.22600  
O    22.73800   25.48900   21.31600  
C    28.98900   28.28200   23.35500  
H    28.34600   29.16000   23.46300  
H    28.66200   27.47700   22.69100  
H    29.22400   27.82800   24.32100  
S    30.64800   28.82300   22.88500  
C    31.28600   27.13900   22.74000  
H    32.25000   27.15400   23.25600  
H    30.64100   26.46700   23.31200  
H    31.29100   26.89000   21.67600  
O    31.29700   29.43900   24.08500  
C    28.43800   32.76400   24.69800  
H    29.01900   32.57700   25.60500  
H    27.54800   33.21000   25.14900  
H    28.16400   31.89900   24.08800  
S    29.19900   33.96400   23.58300  
C    30.93600   33.52900   23.82900  
H    31.32000   33.64400   24.84600  
H    31.06500   32.48900   23.52100  
H    31.56300   34.08900   23.13100  
O    28.87700   35.23500   24.30600  
C    28.69700   30.93400   20.39900  
H    28.89600   29.94600   20.82100  
H    28.95700   31.04100   19.34300  
H    29.37200   31.65300   20.87000  
S    26.97400   31.40100   20.67500  
C    26.98500   32.66800   19.38700  
H    28.00900   32.80900   19.03200  
H    26.36800   32.30800   18.56000  
H    26.47400   33.57300   19.72600  
O    27.09600   32.27100   21.88800  
C    28.40600   36.60000   35.69900  
H    27.37200   36.92500   35.84100  
H    28.83600   36.21500   36.62700  
H    28.99900   37.36000   35.18600  
S    28.13300   35.18600   34.60700  
C    27.08200   36.13000   33.48100  
H    26.18900   36.46600   34.01500  
H    27.70400   36.95500   33.12500  
H    26.80600   35.49300   32.63700  
O    27.32000   34.29200   35.49100  
C    30.83500   30.32700   26.77000  
H    30.62800   31.05800   25.98300  
H    31.87300   30.54900   27.02700  
H    30.80200   29.30400   26.38500  
S    29.57000   30.61300   28.02800  
C    30.74000   31.50700   29.07500  
H    30.97000   32.52500   28.75200  
H    30.40500   31.53600   30.11500  
H    31.60400   30.83800   29.09400  
O    29.71400   29.21500   28.54300  
C    23.32800   24.13900   29.37200  
H    22.53500   23.64400   28.80600  
H    24.23400   23.58500   29.11600  
H    23.09000   24.14800   30.43900  
S    23.52200   25.82600   28.75200  
C    21.75300   26.10400   28.51000  
H    21.12600   25.86000   29.37200  
H    21.54500   27.11900   28.16500  
H    21.57600   25.50100   27.61600  
O    24.01100   25.64200   27.34900  
C    26.68000   24.89300   23.66900  
H    26.58100   25.53400   22.79000  
H    26.53400   25.46800   24.58600  
H    27.67400   24.44100   23.72800  
S    25.48500   23.53900   23.73200  
C    25.54700   23.22900   25.51100  
H    24.80100   23.88500   25.96600  
H    25.37400   22.16200   25.66800  
H    26.57600   23.44400   25.81100  
O    26.35700   22.44900   23.19200  
C    24.88600   35.23800   25.99800  
H    24.80900   34.62200   26.89700  
H    25.83200   35.78400   25.95600  
H    24.00700   35.88700   26.03800  
S    24.78200   34.15500   24.55500  
C    25.42300   35.32500   23.33700  
H    26.27000   35.88600   23.74100  
H    25.72300   34.79900   22.42700  
H    24.63300   36.03600   23.08100  
O    23.31700   34.18100   24.25000  
C    25.11600   24.84400   32.04300  
H    25.36600   23.82600   32.35200  
H    24.03000   24.96600   32.03400  
H    25.48000   25.16700   31.06400  
S    25.96900   26.01800   33.11900  
C    27.56500   25.17300   33.13700  
H    28.21300   25.59900   32.36700  
H    27.96700   25.37600   34.13300  
H    27.41700   24.10800   32.93900  
O    25.44300   25.85200   34.51100  
C    26.86800   20.87000   28.34000  
H    27.94800   21.00000   28.44900  
H    26.74600   19.93800   27.78300  
H    26.49400   21.75500   27.81900  
S    25.98400   20.59900   29.89300  
C    24.32700   20.11900   29.35700  
H    23.99300   20.94000   28.71700  
H    24.38000   19.25200   28.69400  
H    23.61800   20.02300   30.18300  
O    25.77100   21.89100   30.61700  
C    18.91700   28.11400   28.82900  
H    19.77700   28.74400   29.07000  
H    19.27500   27.21600   28.31800  
H    18.29500   28.72400   28.16800  
S    18.21400   27.64700   30.42700  
C    18.07700   29.34300   31.03500  
H    17.69100   29.28900   32.05600  
H    19.07600   29.78600   31.00500  
H    17.39300   29.98300   30.47200  
O    19.31200   26.94700   31.16600  
C    29.04700   34.58300   30.31800  
H    29.30500   35.00800   31.29200  
H    27.97900   34.78000   30.19700  
H    29.23700   33.50800   30.27300  
S    29.96300   35.54400   29.09200  
C    29.16000   34.65900   27.73600  
H    29.79600   34.66200   26.84700  
H    28.99900   33.59300   27.91300  
H    28.21600   35.16300   27.51200  
O    31.31100   34.90400   29.20500  
C    19.18500   26.09900   23.75800  
H    18.16300   25.74700   23.92200  
H    19.13700   27.11400   23.35300  
H    19.73500   25.46400   23.05900  
S    20.08300   26.16700   25.32500  
C    21.64100   26.62500   24.53300  
H    22.36400   26.09500   25.15900  
H    21.82800   26.31700   23.50100  
H    21.95000   27.67200   24.59500  
O    20.34100   24.70000   25.47600  
C    20.83100   32.23900   32.51800  
H    21.73500   32.23700   33.13200  
H    20.39800   33.24300   32.49200  
H    20.01600   31.59400   32.85400  
S    21.34100   31.68400   30.87600  
C    22.36200   33.11900   30.47300  
H    21.85300   34.00900   30.85400  
H    23.32200   32.97300   30.97500  
H    22.52800   33.23000   29.39900  
O    20.13600   31.92100   30.02100  
C    22.08600   28.26100   31.79600  
H    21.74100   29.26400   32.06200  
H    21.74700   28.14700   30.76400  
H    21.84400   27.44600   32.48300  
S    23.87600   28.43200   31.62700  
C    24.13600   29.08500   33.29200  
H    23.20700   29.52500   33.66000  
H    24.44200   28.27400   33.95800  
H    24.97500   29.78100   33.21000  
O    24.15900   29.59200   30.72300  
C    24.44200   33.95600   33.67000  
H    23.81600   33.06800   33.78400  
H    24.58800   34.23700   32.62400  
H    25.39800   33.84500   34.18800  
S    23.54600   35.34800   34.39400  
C    23.75600   34.83700   36.11500  
H    23.29000   35.57400   36.77400  
H    23.24000   33.88500   36.26300  
H    24.81800   34.86300   36.37100  
O    22.12900   34.92300   34.16600  
C    28.17600   24.33500   18.16600  
H    28.42100   23.27100   18.11900  
H    27.18300   24.46300   18.60400  
H    28.35500   24.89500   17.24500  
S    29.35200   24.94300   19.39700  
C    28.92000   23.81900   20.74400  
H    29.09000   24.33400   21.69300  
H    27.89000   23.48100   20.60900  
H    29.62800   22.98800   20.79200  
O    28.90500   26.18900   20.09600  
C    31.36200   26.25800   26.76400  
H    30.65400   25.56100   27.21900  
H    31.59600   27.11900   27.39500  
H    31.13200   26.68100   25.78300  
S    32.90900   25.33400   26.62600  
C    33.33300   25.23400   28.38000  
H    33.69300   26.18900   28.77100  
H    32.51900   24.77500   28.94700  
H    34.16800   24.54400   28.52400  
O    33.92700   26.24800   26.01900  
C    23.40900   32.28400   21.79300  
H    22.74700   32.58200   22.61000  
H    24.43400   32.14300   22.14500  
H    23.30000   32.95200   20.93500  
S    22.87700   30.67800   21.15800  
C    21.28000   31.31900   20.60600  
H    20.69800   31.93600   21.29600  
H    21.46600   31.74900   19.61900  
H    20.59500   30.47400   20.50200  
O    22.48900   29.95000   22.40800  
C    21.74800   31.19600   27.20500  
H    22.70600   31.70300   27.06700  
H    20.88600   31.86800   27.19500  
H    21.82700   30.61400   28.12600  
S    21.32300   30.11900   25.81800  
C    20.69100   31.46500   24.79200  
H    19.77000   31.75100   25.30700  
H    21.50800   32.18600   24.70900  
H    20.54900   30.97300   23.82700  
O    20.12800   29.35300   26.29400  
C    28.27600   30.86500   34.32000  
H    28.25300   30.28100   35.24400  
H    29.03100   31.65500   34.33400  
H    27.29600   31.34000   34.23000  
S    28.59300   29.80600   32.89100  
C    27.68600   30.75100   31.64600  
H    26.74400   31.13200   32.05000  
H    28.32000   31.60900   31.41100  
H    27.47800   30.12100   30.77700  
O    27.77300   28.64400   33.35700  
C    28.28800   26.09300   29.21100  
H    29.29200   26.22100   29.62500  
H    28.23200   26.84800   28.42300  
H    27.53800   26.42700   29.93300  
S    27.85300   24.47000   28.54700  
C    28.58000   23.58400   29.94300  
H    28.07300   23.91500   30.85300  
H    28.24900   22.55600   29.77900  
H    29.63700   23.84400   30.04500  
O    28.81300   24.28400   27.41400  
C    25.80500   37.36100   30.55100  
H    26.86800   37.16600   30.71300  
H    25.70200   38.41300   30.27300  
H    25.21900   37.14400   31.44800  
S    25.39200   36.27800   29.16500  
C    23.62500   36.64300   29.06400  
H    23.58400   37.66200   28.67000  
H    23.17100   35.91800   28.38400  
H    23.28700   36.66700   30.10300  
O    25.52500   34.88700   29.70200  
$end

$rem
JOBTYPE  SP
METHOD  B3LYP
BASIS  6-31+G(D)
SYMMETRY  FALSE
SYM_IGNORE  TRUE
MEM_TOTAL  12000
MEM_STATIC  4000
BASIS_LIN_DEP_THRESH  6
THRESH  14
SCF_CONVERGENCE  8
FD_MAT_VEC_PROD  FALSE
XC_GRID  000075000302
NL_GRID  1
MAX_SCF_CYCLES  200
FRGM_METHOD  STOLL
SCFMI_MODE  1
ALMO_EFIELD  TRUE
$end

$rem_frgm
SCF_CONVERGENCE  4
$end


@@@

$molecule
0 1
@C    25.18200   30.49300   25.68200  
@C    25.95800   30.14700   26.96400  
@C    25.84300   28.63800   27.24000  
@C    26.40600   27.92400   26.00000  
@C    25.65300   28.23700   24.69700  
@C    25.69900   29.75200   24.43800  
@H    26.24100   28.30900   28.20800  
@H    26.99300   30.48700   26.83800  
@H    24.10500   30.42800   25.88100  
@H    25.35800   31.56400   25.52400  
@H    27.43200   28.24900   25.79100  
@H    26.46800   26.84500   26.18800  
@H    25.95800   27.65200   23.82100  
@H    24.60500   27.95600   24.86000  
@H    26.68500   30.15700   24.17900  
@H    25.03600   30.04400   23.61600  
@H    24.77700   28.38100   27.21600  
@N    25.40600   30.92200   28.07400  
@H    24.71200   30.51400   28.68900  
@C    25.94200   32.09700   28.55700  
@H    25.50100   32.48600   29.49300  
@O    26.93700   32.60500   28.07300  
C    24.64200   27.48600   21.30500  
H    25.69400   27.72700   21.13300  
H    24.11000   27.82700   20.41400  
H    24.26500   28.03100   22.17400  
S    24.20300   25.74300   21.49200  
C    25.13100   25.17100   20.05100  
H    26.18000   25.29700   20.33000  
H    24.82500   24.14400   19.83800  
H    24.84900   25.83000   19.22600  
O    22.73800   25.48900   21.31600  
C    28.98900   28.28200   23.35500  
H    28.34600   29.16000   23.46300  
H    28.66200   27.47700   22.69100  
H    29.22400   27.82800   24.32100  
S    30.64800   28.82300   22.88500  
C    31.28600   27.13900   22.74000  
H    32.25000   27.15400   23.25600  
H    30.64100   26.46700   23.31200  
H    31.29100   26.89000   21.67600  
O    31.29700   29.43900   24.08500  
C    28.43800   32.76400   24.69800  
H    29.01900   32.57700   25.60500  
H    27.54800   33.21000   25.14900  
H    28.16400   31.89900   24.08800  
S    29.19900   33.96400   23.58300  
C    30.93600   33.52900   23.82900  
H    31.32000   33.64400   24.84600  
H    31.06500   32.48900   23.52100  
H    31.56300   34.08900   23.13100  
O    28.87700   35.23500   24.30600  
C    28.69700   30.93400   20.39900  
H    28.89600   29.94600   20.82100  
H    28.95700   31.04100   19.34300  
H    29.37200   31.65300   20.87000  
S    26.97400   31.40100   20.67500  
C    26.98500   32.66800   19.38700  
H    28.00900   32.80900   19.03200  
H    26.36800   32.30800   18.56000  
H    26.47400   33.57300   19.72600  
O    27.09600   32.27100   21.88800  
C    28.40600   36.60000   35.69900  
H    27.37200   36.92500   35.84100  
H    28.83600   36.21500   36.62700  
H    28.99900   37.36000   35.18600  
S    28.13300   35.18600   34.60700  
C    27.08200   36.13000   33.48100  
H    26.18900   36.46600   34.01500  
H    27.70400   36.95500   33.12500  
H    26.80600   35.49300   32.63700  
O    27.32000   34.29200   35.49100  
C    30.83500   30.32700   26.77000  
H    30.62800   31.05800   25.98300  
H    31.87300   30.54900   27.02700  
H    30.80200   29.30400   26.38500  
S    29.57000   30.61300   28.02800  
C    30.74000   31.50700   29.07500  
H    30.97000   32.52500   28.75200  
H    30.40500   31.53600   30.11500  
H    31.60400   30.83800   29.09400  
O    29.71400   29.21500   28.54300  
C    23.32800   24.13900   29.37200  
H    22.53500   23.64400   28.80600  
H    24.23400   23.58500   29.11600  
H    23.09000   24.14800   30.43900  
S    23.52200   25.82600   28.75200  
C    21.75300   26.10400   28.51000  
H    21.12600   25.86000   29.37200  
H    21.54500   27.11900   28.16500  
H    21.57600   25.50100   27.61600  
O    24.01100   25.64200   27.34900  
C    26.68000   24.89300   23.66900  
H    26.58100   25.53400   22.79000  
H    26.53400   25.46800   24.58600  
H    27.67400   24.44100   23.72800  
S    25.48500   23.53900   23.73200  
C    25.54700   23.22900   25.51100  
H    24.80100   23.88500   25.96600  
H    25.37400   22.16200   25.66800  
H    26.57600   23.44400   25.81100  
O    26.35700   22.44900   23.19200  
C    24.88600   35.23800   25.99800  
H    24.80900   34.62200   26.89700  
H    25.83200   35.78400   25.95600  
H    24.00700   35.88700   26.03800  
S    24.78200   34.15500   24.55500  
C    25.42300   35.32500   23.33700  
H    26.27000   35.88600   23.74100  
H    25.72300   34.79900   22.42700  
H    24.63300   36.03600   23.08100  
O    23.31700   34.18100   24.25000  
C    25.11600   24.84400   32.04300  
H    25.36600   23.82600   32.35200  
H    24.03000   24.96600   32.03400  
H    25.48000   25.16700   31.06400  
S    25.96900   26.01800   33.11900  
C    27.56500   25.17300   33.13700  
H    28.21300   25.59900   32.36700  
H    27.96700   25.37600   34.13300  
H    27.41700   24.10800   32.93900  
O    25.44300   25.85200   34.51100  
C    26.86800   20.87000   28.34000  
H    27.94800   21.00000   28.44900  
H    26.74600   19.93800   27.78300  
H    26.49400   21.75500   27.81900  
S    25.98400   20.59900   29.89300  
C    24.32700   20.11900   29.35700  
H    23.99300   20.94000   28.71700  
H    24.38000   19.25200   28.69400  
H    23.61800   20.02300   30.18300  
O    25.77100   21.89100   30.61700  
C    18.91700   28.11400   28.82900  
H    19.77700   28.74400   29.07000  
H    19.27500   27.21600   28.31800  
H    18.29500   28.72400   28.16800  
S    18.21400   27.64700   30.42700  
C    18.07700   29.34300   31.03500  
H    17.69100   29.28900   32.05600  
H    19.07600   29.78600   31.00500  
H    17.39300   29.98300   30.47200  
O    19.31200   26.94700   31.16600  
C    29.04700   34.58300   30.31800  
H    29.30500   35.00800   31.29200  
H    27.97900   34.78000   30.19700  
H    29.23700   33.50800   30.27300  
S    29.96300   35.54400   29.09200  
C    29.16000   34.65900   27.73600  
H    29.79600   34.66200   26.84700  
H    28.99900   33.59300   27.91300  
H    28.21600   35.16300   27.51200  
O    31.31100   34.90400   29.20500  
C    19.18500   26.09900   23.75800  
H    18.16300   25.74700   23.92200  
H    19.13700   27.11400   23.35300  
H    19.73500   25.46400   23.05900  
S    20.08300   26.16700   25.32500  
C    21.64100   26.62500   24.53300  
H    22.36400   26.09500   25.15900  
H    21.82800   26.31700   23.50100  
H    21.95000   27.67200   24.59500  
O    20.34100   24.70000   25.47600  
C    20.83100   32.23900   32.51800  
H    21.73500   32.23700   33.13200  
H    20.39800   33.24300   32.49200  
H    20.01600   31.59400   32.85400  
S    21.34100   31.68400   30.87600  
C    22.36200   33.11900   30.47300  
H    21.85300   34.00900   30.85400  
H    23.32200   32.97300   30.97500  
H    22.52800   33.23000   29.39900  
O    20.13600   31.92100   30.02100  
C    22.08600   28.26100   31.79600  
H    21.74100   29.26400   32.06200  
H    21.74700   28.14700   30.76400  
H    21.84400   27.44600   32.48300  
S    23.87600   28.43200   31.62700  
C    24.13600   29.08500   33.29200  
H    23.20700   29.52500   33.66000  
H    24.44200   28.27400   33.95800  
H    24.97500   29.78100   33.21000  
O    24.15900   29.59200   30.72300  
C    24.44200   33.95600   33.67000  
H    23.81600   33.06800   33.78400  
H    24.58800   34.23700   32.62400  
H    25.39800   33.84500   34.18800  
S    23.54600   35.34800   34.39400  
C    23.75600   34.83700   36.11500  
H    23.29000   35.57400   36.77400  
H    23.24000   33.88500   36.26300  
H    24.81800   34.86300   36.37100  
O    22.12900   34.92300   34.16600  
C    28.17600   24.33500   18.16600  
H    28.42100   23.27100   18.11900  
H    27.18300   24.46300   18.60400  
H    28.35500   24.89500   17.24500  
S    29.35200   24.94300   19.39700  
C    28.92000   23.81900   20.74400  
H    29.09000   24.33400   21.69300  
H    27.89000   23.48100   20.60900  
H    29.62800   22.98800   20.79200  
O    28.90500   26.18900   20.09600  
C    31.36200   26.25800   26.76400  
H    30.65400   25.56100   27.21900  
H    31.59600   27.11900   27.39500  
H    31.13200   26.68100   25.78300  
S    32.90900   25.33400   26.62600  
C    33.33300   25.23400   28.38000  
H    33.69300   26.18900   28.77100  
H    32.51900   24.77500   28.94700  
H    34.16800   24.54400   28.52400  
O    33.92700   26.24800   26.01900  
C    23.40900   32.28400   21.79300  
H    22.74700   32.58200   22.61000  
H    24.43400   32.14300   22.14500  
H    23.30000   32.95200   20.93500  
S    22.87700   30.67800   21.15800  
C    21.28000   31.31900   20.60600  
H    20.69800   31.93600   21.29600  
H    21.46600   31.74900   19.61900  
H    20.59500   30.47400   20.50200  
O    22.48900   29.95000   22.40800  
C    21.74800   31.19600   27.20500  
H    22.70600   31.70300   27.06700  
H    20.88600   31.86800   27.19500  
H    21.82700   30.61400   28.12600  
S    21.32300   30.11900   25.81800  
C    20.69100   31.46500   24.79200  
H    19.77000   31.75100   25.30700  
H    21.50800   32.18600   24.70900  
H    20.54900   30.97300   23.82700  
O    20.12800   29.35300   26.29400  
C    28.27600   30.86500   34.32000  
H    28.25300   30.28100   35.24400  
H    29.03100   31.65500   34.33400  
H    27.29600   31.34000   34.23000  
S    28.59300   29.80600   32.89100  
C    27.68600   30.75100   31.64600  
H    26.74400   31.13200   32.05000  
H    28.32000   31.60900   31.41100  
H    27.47800   30.12100   30.77700  
O    27.77300   28.64400   33.35700  
C    28.28800   26.09300   29.21100  
H    29.29200   26.22100   29.62500  
H    28.23200   26.84800   28.42300  
H    27.53800   26.42700   29.93300  
S    27.85300   24.47000   28.54700  
C    28.58000   23.58400   29.94300  
H    28.07300   23.91500   30.85300  
H    28.24900   22.55600   29.77900  
H    29.63700   23.84400   30.04500  
O    28.81300   24.28400   27.41400  
C    25.80500   37.36100   30.55100  
H    26.86800   37.16600   30.71300  
H    25.70200   38.41300   30.27300  
H    25.21900   37.14400   31.44800  
S    25.39200   36.27800   29.16500  
C    23.62500   36.64300   29.06400  
H    23.58400   37.66200   28.67000  
H    23.17100   35.91800   28.38400  
H    23.28700   36.66700   30.10300  
O    25.52500   34.88700   29.70200  
$end

$rem
JOBTYPE  SP
METHOD  B3LYP
BASIS  6-31+G(D)
SYMMETRY  FALSE
SYM_IGNORE  TRUE
MEM_TOTAL  12000
MEM_STATIC  4000
BASIS_LIN_DEP_THRESH  6
THRESH  14
SCF_CONVERGENCE  8
FD_MAT_VEC_PROD  FALSE
XC_GRID  000075000302
NL_GRID  1
MAX_SCF_CYCLES  200
SCF_GUESS  READ_DEN
ALMO_EFIELD  TRUE
GEN_SCFMAN  FALSE
SKIP_SCFMAN  TRUE
ESP_GRID  0
ESP_EFIELD  1
$end
