$molecule
0 1
--
0 1
C    29.91400   28.41100   25.90300  
C    28.47800   28.66700   26.39000  
C    27.55300   27.46200   26.62400  
C    28.26400   26.29600   27.32900  
C    29.66700   26.04000   26.75300  
C    30.54900   27.29900   26.75500  
H    26.70200   27.77400   27.24200  
H    28.61400   29.11400   27.38300  
H    29.88900   28.10300   24.85100  
H    30.56100   29.29100   25.80900  
H    28.26100   26.51700   28.40400  
H    27.61600   25.42000   27.19900  
H    30.07900   25.22300   27.35700  
H    29.56500   25.62300   25.74400  
H    30.79900   27.67900   27.75300  
H    31.58400   27.09800   26.45000  
H    27.30100   26.94600   25.68900  
N    27.82100   29.66500   25.54800  
H    27.29200   29.28800   24.77100  
C    27.73300   31.00500   25.86200  
H    26.95600   31.52400   25.27200  
O    28.31500   31.50000   26.81100  
--
0 1
C    22.82700   34.04700   24.52000  
H    21.91000   33.51300   24.25900  
H    23.07500   33.80800   25.55700  
H    22.75400   35.13000   24.38700  
S    24.19700   33.35900   23.56400  
C    23.79600   31.63900   23.94300  
H    24.75900   31.12300   23.98200  
H    23.24600   31.49100   24.87600  
H    23.15200   31.27100   23.14100  
O    25.30000   33.53600   24.56100  
C    30.99400   30.92200   28.72700  
H    30.62400   31.53700   29.55100  
H    30.57800   31.41400   27.84400  
H    30.68300   29.88300   28.86300  
S    32.77700   31.13000   28.52200  
C    33.24600   30.30800   30.06100  
H    33.87600   29.42900   29.90600  
H    33.91200   31.00100   30.58200  
H    32.43600   30.04600   30.74700  
O    32.97900   32.61300   28.56000  
C    29.77100   35.59600   26.12100  
H    29.63900   35.52000   27.20300  
H    30.68400   36.16200   25.92000  
H    28.88700   36.13800   25.77400  
S    29.74900   34.07200   25.14900  
C    31.18100   33.47100   26.07300  
H    32.10100   33.90600   25.67600  
H    31.09900   33.61500   27.15400  
H    31.29900   32.39800   25.90200  
O    30.43900   34.34300   23.84900  
C    31.32500   30.42600   22.05400  
H    31.24500   31.51400   22.12700  
H    30.92100   29.86300   22.90000  
H    32.40700   30.34000   21.93300  
S    30.54800   29.76600   20.56200  
C    28.83600   29.99100   21.09300  
H    28.74700   31.04200   21.38300  
H    28.24900   29.75400   20.20200  
H    28.51800   29.28900   21.86800  
O    30.74700   28.28300   20.61500  
C    34.11900   22.79300   31.28600  
H    34.46400   23.76400   31.64900  
H    34.66200   21.95900   31.74000  
H    34.30200   22.80800   30.20900  
S    32.39500   22.48600   31.73100  
C    32.29000   21.04600   30.64400  
H    31.56700   20.36900   31.10600  
H    31.94800   21.42400   29.67700  
H    33.28200   20.58800   30.62600  
O    31.66200   23.60300   31.05700  
C    30.86900   33.59400   32.25400  
H    31.79500   33.20500   32.68500  
H    30.40600   34.42300   32.79700  
H    30.06000   32.92300   31.95300  
S    31.49400   34.34000   30.73100  
C    32.52500   35.52700   31.62200  
H    32.83700   36.27200   30.88600  
H    31.87200   35.92400   32.40400  
H    33.41700   34.98400   31.94300  
O    30.28500   35.09800   30.28100  
C    27.29800   22.28700   31.85500  
H    26.77200   23.21800   32.08200  
H    26.57800   21.54200   31.50700  
H    27.76400   21.92400   32.77400  
S    28.69300   22.36500   30.70900  
C    27.74800   22.84900   29.24700  
H    27.06800   22.03700   28.97900  
H    27.18000   23.76100   29.45000  
H    28.46900   22.99600   28.43900  
O    28.97900   20.90700   30.52600  
C    23.46400   23.28800   29.92100  
H    24.33800   22.64700   29.77500  
H    22.99700   22.99100   30.86400  
H    22.74900   23.12500   29.11000  
S    23.94800   24.98400   30.31000  
C    24.43500   25.67300   28.71100  
H    23.62500   26.16000   28.16200  
H    25.24400   26.40000   28.82100  
H    24.74300   24.86300   28.04500  
O    25.26900   24.93400   31.01200  
C    30.27800   24.98900   21.01700  
H    30.12200   25.99300   21.42100  
H    31.31200   25.02200   20.66300  
H    29.59800   24.60700   20.25200  
S    29.85900   23.94000   22.42800  
C    30.62200   22.47500   21.69600  
H    30.22300   21.74500   22.40500  
H    30.25300   22.35900   20.67300  
H    31.71300   22.53700   21.70900  
O    28.38800   23.66500   22.46000  
C    28.89000   20.05500   25.58200  
H    29.49400   19.92400   24.68100  
H    28.41400   21.03800   25.53500  
H    29.39500   19.80800   26.51900  
S    27.55000   18.84600   25.66800  
C    26.77200   19.35500   24.11800  
H    25.99800   18.62400   23.87000  
H    26.25000   20.30400   24.25900  
H    27.57600   19.45200   23.38400  
O    26.68100   19.27900   26.80800  
C    27.72600   38.66900   29.67300  
H    28.43400   38.28000   30.41000  
H    27.98600   39.70900   29.46100  
H    26.71400   38.40400   29.99000  
S    28.30000   37.80700   28.19300  
C    30.01200   38.30100   28.49400  
H    30.16600   39.37900   28.58700  
H    30.39000   37.76500   29.36800  
H    30.40900   37.91100   27.55300  
O    27.76600   38.67600   27.09800  
C    22.22300   25.21400   26.08700  
H    22.24500   25.00500   27.16000  
H    23.21500   25.40600   25.67000  
H    21.71300   26.17100   25.94800  
S    21.43800   23.75300   25.36900  
C    21.21300   24.65500   23.82000  
H    20.49900   24.08900   23.21600  
H    20.91100   25.69300   23.98000  
H    22.18700   24.66500   23.32300  
O    20.03000   23.72400   25.87700  
C    36.42200   31.98700   26.04800  
H    37.40500   31.72300   25.65000  
H    36.18100   33.05300   26.03600  
H    36.20600   31.49800   27.00100  
S    35.51400   31.24800   24.67200  
C    33.82500   31.80200   24.99800  
H    33.62900   31.45700   26.01600  
H    33.89200   32.89100   24.93400  
H    33.12700   31.32900   24.30200  
O    35.48800   29.77300   24.92700  
C    24.56500   27.21900   23.59000  
H    24.10300   27.94800   24.26100  
H    23.91000   26.55100   23.02400  
H    25.08000   26.62200   24.34700  
S    25.74100   27.83100   22.36300  
C    27.10700   26.65000   22.43300  
H    26.71000   25.68300   22.11500  
H    27.98700   27.00600   21.89000  
H    27.49100   26.75700   23.45100  
O    26.45200   28.97800   23.01000  
C    26.03800   37.17900   24.45100  
H    27.09200   37.46600   24.44800  
H    25.38400   38.02400   24.68100  
H    25.69300   36.35900   25.08700  
S    25.62300   36.55800   22.80500  
C    27.04900   35.45000   22.75300  
H    27.03900   34.69600   23.54400  
H    27.10300   34.90300   21.80900  
H    27.95200   36.03500   22.95100  
O    26.07800   37.69800   21.94800  
C    34.47900   26.46800   22.91200  
H    33.47100   26.07200   23.06300  
H    34.99400   25.65900   22.38700  
H    35.07400   26.76100   23.78100  
S    34.66600   27.88600   21.80900  
C    33.76700   26.92900   20.56800  
H    33.61300   27.55600   19.68700  
H    34.46400   26.12900   20.30500  
H    32.83100   26.53100   20.96800  
O    36.09500   27.82200   21.36700  
C    27.61200   32.56300   30.94500  
H    27.86100   33.08400   31.87400  
H    28.43400   31.90500   30.65200  
H    27.30100   33.25700   30.16000  
S    26.20800   31.48800   31.31600  
C    25.22700   32.77900   32.11300  
H    25.63600   33.21900   33.02600  
H    24.86600   33.50500   31.38000  
H    24.35900   32.24000   32.50200  
O    26.78300   30.63900   32.40700  
C    32.89600   19.20300   26.68100  
H    31.94600   19.12100   27.21600  
H    33.54100   18.38300   27.00900  
H    33.37300   20.05300   27.17500  
S    32.67400   19.15600   24.88800  
C    34.45800   19.22500   24.60800  
H    35.11000   18.60400   25.22600  
H    34.60400   18.99000   23.55100  
H    34.63300   20.26900   24.88200  
O    32.24100   20.56600   24.62900  
C    33.50500   23.16300   27.10500  
H    32.61400   22.63400   26.75800  
H    34.37800   22.51000   27.18600  
H    33.36700   23.76400   28.00700  
S    33.94100   24.30000   25.77000  
C    33.15900   23.34600   24.44900  
H    33.75400   22.43000   24.48400  
H    32.08700   23.18300   24.58500  
H    33.37400   23.76400   23.46100  
O    35.40700   24.06400   25.58300  
C    24.09400   29.14400   29.38100  
H    23.48800   29.98200   29.73500  
H    23.61200   28.23100   29.73800  
H    25.11400   29.08800   29.76900  
S    24.11900   29.04400   27.57700  
C    24.56100   30.79400   27.49500  
H    23.88000   31.45900   28.03200  
H    25.49700   30.84700   28.05600  
H    24.55600   31.13800   26.45700  
O    22.67000   28.86800   27.24500  
C    25.02800   36.24000   27.88200  
H    25.89200   36.70400   27.40100  
H    24.32900   35.82500   27.15100  
H    24.42500   36.95600   28.44600  
S    25.57400   34.86000   28.91400  
C    26.33900   33.91600   27.57700  
H    27.21800   34.46600   27.23300  
H    26.51600   32.90700   27.96000  
H    25.59000   33.76300   26.79500  
O    24.33600   34.06400   29.18600  
C    26.19300   32.30800   20.63200  
H    27.10900   32.59000   20.10700  
H    25.57700   33.15100   20.95600  
H    26.47000   31.59300   21.41100  
S    25.29600   31.39900   19.35400  
C    23.80900   31.25200   20.37100  
H    24.00900   30.52800   21.16500  
H    23.54200   32.24400   20.74300  
H    22.95000   30.82900   19.84400  
O    25.94000   30.06700   19.57700  
C    34.70800   28.29700   32.78700  
H    35.49600   28.69700   33.43000  
H    35.21600   28.26700   31.81900  
H    33.75900   28.83300   32.86900  
S    34.75300   26.53700   33.19300  
C    33.10900   26.13400   32.56000  
H    32.37800   26.91000   32.79700  
H    33.21800   26.07300   31.47400  
H    32.72200   25.17600   32.91700  
O    34.53300   26.62900   34.67000  
C    25.07500   23.11400   23.83900  
H    25.13700   22.16900   23.29300  
H    24.08600   23.35300   24.23700  
H    25.38400   23.96000   23.22000  
S    26.02700   23.23800   25.36900  
C    24.90600   22.14900   26.27700  
H    25.17500   22.08500   27.33500  
H    23.89600   22.54600   26.14800  
H    24.99300   21.16500   25.80800  
O    25.49800   24.54000   25.88300  
C    28.75200   28.37400   33.59400  
H    28.93300   29.40800   33.89700  
H    27.79200   27.97200   33.92700  
H    29.60800   27.87600   34.05700  
S    28.66100   28.18700   31.79800  
C    28.35800   26.40700   31.72400  
H    28.14900   26.18600   30.67500  
H    29.22000   25.79800   32.00600  
H    27.55400   26.11200   32.40400  
O    30.09200   28.31500   31.38000  
C    34.40100   27.87000   27.43100  
H    33.52500   28.26600   27.95100  
H    34.28700   28.12400   26.37400  
H    34.43200   26.77700   27.44300  
S    35.96700   28.63100   27.91500  
C    36.94600   27.74600   26.68100  
H    37.98300   27.76600   27.02500  
H    36.56000   26.72600   26.61300  
H    36.80200   28.11700   25.66300  
O    36.30400   27.84300   29.14300  
$end

$rem
JOBTYPE  SP
METHOD  B3LYP
BASIS  6-31+G(D)
SYMMETRY  FALSE
SYM_IGNORE  TRUE
MEM_TOTAL  16000
MEM_STATIC  8000
MAX_SUB_FILE_NUM  16000
BASIS_LIN_DEP_THRESH  6
THRESH  14
SCF_CONVERGENCE  8
GEN_SCFMAN  TRUE
SCF_GUESS  FRAGMO
FD_MAT_VEC_PROD  FALSE
XC_GRID  000075000302
NL_GRID  1
MAX_SCF_CYCLES  200
FRGM_METHOD  STOLL
SCFMI_MODE  1
$end

$development
almo_efield  1
$end

$rem_frgm
SCF_CONVERGENCE  4
$end

@@@

$molecule
0 1
@C    29.91400   28.41100   25.90300  
@C    28.47800   28.66700   26.39000  
@C    27.55300   27.46200   26.62400  
@C    28.26400   26.29600   27.32900  
@C    29.66700   26.04000   26.75300  
@C    30.54900   27.29900   26.75500  
@H    26.70200   27.77400   27.24200  
@H    28.61400   29.11400   27.38300  
@H    29.88900   28.10300   24.85100  
@H    30.56100   29.29100   25.80900  
@H    28.26100   26.51700   28.40400  
@H    27.61600   25.42000   27.19900  
@H    30.07900   25.22300   27.35700  
@H    29.56500   25.62300   25.74400  
@H    30.79900   27.67900   27.75300  
@H    31.58400   27.09800   26.45000  
@H    27.30100   26.94600   25.68900  
@N    27.82100   29.66500   25.54800  
@H    27.29200   29.28800   24.77100  
@C    27.73300   31.00500   25.86200  
@H    26.95600   31.52400   25.27200  
@O    28.31500   31.50000   26.81100  
C    22.82700   34.04700   24.52000  
H    21.91000   33.51300   24.25900  
H    23.07500   33.80800   25.55700  
H    22.75400   35.13000   24.38700  
S    24.19700   33.35900   23.56400  
C    23.79600   31.63900   23.94300  
H    24.75900   31.12300   23.98200  
H    23.24600   31.49100   24.87600  
H    23.15200   31.27100   23.14100  
O    25.30000   33.53600   24.56100  
C    30.99400   30.92200   28.72700  
H    30.62400   31.53700   29.55100  
H    30.57800   31.41400   27.84400  
H    30.68300   29.88300   28.86300  
S    32.77700   31.13000   28.52200  
C    33.24600   30.30800   30.06100  
H    33.87600   29.42900   29.90600  
H    33.91200   31.00100   30.58200  
H    32.43600   30.04600   30.74700  
O    32.97900   32.61300   28.56000  
C    29.77100   35.59600   26.12100  
H    29.63900   35.52000   27.20300  
H    30.68400   36.16200   25.92000  
H    28.88700   36.13800   25.77400  
S    29.74900   34.07200   25.14900  
C    31.18100   33.47100   26.07300  
H    32.10100   33.90600   25.67600  
H    31.09900   33.61500   27.15400  
H    31.29900   32.39800   25.90200  
O    30.43900   34.34300   23.84900  
C    31.32500   30.42600   22.05400  
H    31.24500   31.51400   22.12700  
H    30.92100   29.86300   22.90000  
H    32.40700   30.34000   21.93300  
S    30.54800   29.76600   20.56200  
C    28.83600   29.99100   21.09300  
H    28.74700   31.04200   21.38300  
H    28.24900   29.75400   20.20200  
H    28.51800   29.28900   21.86800  
O    30.74700   28.28300   20.61500  
C    34.11900   22.79300   31.28600  
H    34.46400   23.76400   31.64900  
H    34.66200   21.95900   31.74000  
H    34.30200   22.80800   30.20900  
S    32.39500   22.48600   31.73100  
C    32.29000   21.04600   30.64400  
H    31.56700   20.36900   31.10600  
H    31.94800   21.42400   29.67700  
H    33.28200   20.58800   30.62600  
O    31.66200   23.60300   31.05700  
C    30.86900   33.59400   32.25400  
H    31.79500   33.20500   32.68500  
H    30.40600   34.42300   32.79700  
H    30.06000   32.92300   31.95300  
S    31.49400   34.34000   30.73100  
C    32.52500   35.52700   31.62200  
H    32.83700   36.27200   30.88600  
H    31.87200   35.92400   32.40400  
H    33.41700   34.98400   31.94300  
O    30.28500   35.09800   30.28100  
C    27.29800   22.28700   31.85500  
H    26.77200   23.21800   32.08200  
H    26.57800   21.54200   31.50700  
H    27.76400   21.92400   32.77400  
S    28.69300   22.36500   30.70900  
C    27.74800   22.84900   29.24700  
H    27.06800   22.03700   28.97900  
H    27.18000   23.76100   29.45000  
H    28.46900   22.99600   28.43900  
O    28.97900   20.90700   30.52600  
C    23.46400   23.28800   29.92100  
H    24.33800   22.64700   29.77500  
H    22.99700   22.99100   30.86400  
H    22.74900   23.12500   29.11000  
S    23.94800   24.98400   30.31000  
C    24.43500   25.67300   28.71100  
H    23.62500   26.16000   28.16200  
H    25.24400   26.40000   28.82100  
H    24.74300   24.86300   28.04500  
O    25.26900   24.93400   31.01200  
C    30.27800   24.98900   21.01700  
H    30.12200   25.99300   21.42100  
H    31.31200   25.02200   20.66300  
H    29.59800   24.60700   20.25200  
S    29.85900   23.94000   22.42800  
C    30.62200   22.47500   21.69600  
H    30.22300   21.74500   22.40500  
H    30.25300   22.35900   20.67300  
H    31.71300   22.53700   21.70900  
O    28.38800   23.66500   22.46000  
C    28.89000   20.05500   25.58200  
H    29.49400   19.92400   24.68100  
H    28.41400   21.03800   25.53500  
H    29.39500   19.80800   26.51900  
S    27.55000   18.84600   25.66800  
C    26.77200   19.35500   24.11800  
H    25.99800   18.62400   23.87000  
H    26.25000   20.30400   24.25900  
H    27.57600   19.45200   23.38400  
O    26.68100   19.27900   26.80800  
C    27.72600   38.66900   29.67300  
H    28.43400   38.28000   30.41000  
H    27.98600   39.70900   29.46100  
H    26.71400   38.40400   29.99000  
S    28.30000   37.80700   28.19300  
C    30.01200   38.30100   28.49400  
H    30.16600   39.37900   28.58700  
H    30.39000   37.76500   29.36800  
H    30.40900   37.91100   27.55300  
O    27.76600   38.67600   27.09800  
C    22.22300   25.21400   26.08700  
H    22.24500   25.00500   27.16000  
H    23.21500   25.40600   25.67000  
H    21.71300   26.17100   25.94800  
S    21.43800   23.75300   25.36900  
C    21.21300   24.65500   23.82000  
H    20.49900   24.08900   23.21600  
H    20.91100   25.69300   23.98000  
H    22.18700   24.66500   23.32300  
O    20.03000   23.72400   25.87700  
C    36.42200   31.98700   26.04800  
H    37.40500   31.72300   25.65000  
H    36.18100   33.05300   26.03600  
H    36.20600   31.49800   27.00100  
S    35.51400   31.24800   24.67200  
C    33.82500   31.80200   24.99800  
H    33.62900   31.45700   26.01600  
H    33.89200   32.89100   24.93400  
H    33.12700   31.32900   24.30200  
O    35.48800   29.77300   24.92700  
C    24.56500   27.21900   23.59000  
H    24.10300   27.94800   24.26100  
H    23.91000   26.55100   23.02400  
H    25.08000   26.62200   24.34700  
S    25.74100   27.83100   22.36300  
C    27.10700   26.65000   22.43300  
H    26.71000   25.68300   22.11500  
H    27.98700   27.00600   21.89000  
H    27.49100   26.75700   23.45100  
O    26.45200   28.97800   23.01000  
C    26.03800   37.17900   24.45100  
H    27.09200   37.46600   24.44800  
H    25.38400   38.02400   24.68100  
H    25.69300   36.35900   25.08700  
S    25.62300   36.55800   22.80500  
C    27.04900   35.45000   22.75300  
H    27.03900   34.69600   23.54400  
H    27.10300   34.90300   21.80900  
H    27.95200   36.03500   22.95100  
O    26.07800   37.69800   21.94800  
C    34.47900   26.46800   22.91200  
H    33.47100   26.07200   23.06300  
H    34.99400   25.65900   22.38700  
H    35.07400   26.76100   23.78100  
S    34.66600   27.88600   21.80900  
C    33.76700   26.92900   20.56800  
H    33.61300   27.55600   19.68700  
H    34.46400   26.12900   20.30500  
H    32.83100   26.53100   20.96800  
O    36.09500   27.82200   21.36700  
C    27.61200   32.56300   30.94500  
H    27.86100   33.08400   31.87400  
H    28.43400   31.90500   30.65200  
H    27.30100   33.25700   30.16000  
S    26.20800   31.48800   31.31600  
C    25.22700   32.77900   32.11300  
H    25.63600   33.21900   33.02600  
H    24.86600   33.50500   31.38000  
H    24.35900   32.24000   32.50200  
O    26.78300   30.63900   32.40700  
C    32.89600   19.20300   26.68100  
H    31.94600   19.12100   27.21600  
H    33.54100   18.38300   27.00900  
H    33.37300   20.05300   27.17500  
S    32.67400   19.15600   24.88800  
C    34.45800   19.22500   24.60800  
H    35.11000   18.60400   25.22600  
H    34.60400   18.99000   23.55100  
H    34.63300   20.26900   24.88200  
O    32.24100   20.56600   24.62900  
C    33.50500   23.16300   27.10500  
H    32.61400   22.63400   26.75800  
H    34.37800   22.51000   27.18600  
H    33.36700   23.76400   28.00700  
S    33.94100   24.30000   25.77000  
C    33.15900   23.34600   24.44900  
H    33.75400   22.43000   24.48400  
H    32.08700   23.18300   24.58500  
H    33.37400   23.76400   23.46100  
O    35.40700   24.06400   25.58300  
C    24.09400   29.14400   29.38100  
H    23.48800   29.98200   29.73500  
H    23.61200   28.23100   29.73800  
H    25.11400   29.08800   29.76900  
S    24.11900   29.04400   27.57700  
C    24.56100   30.79400   27.49500  
H    23.88000   31.45900   28.03200  
H    25.49700   30.84700   28.05600  
H    24.55600   31.13800   26.45700  
O    22.67000   28.86800   27.24500  
C    25.02800   36.24000   27.88200  
H    25.89200   36.70400   27.40100  
H    24.32900   35.82500   27.15100  
H    24.42500   36.95600   28.44600  
S    25.57400   34.86000   28.91400  
C    26.33900   33.91600   27.57700  
H    27.21800   34.46600   27.23300  
H    26.51600   32.90700   27.96000  
H    25.59000   33.76300   26.79500  
O    24.33600   34.06400   29.18600  
C    26.19300   32.30800   20.63200  
H    27.10900   32.59000   20.10700  
H    25.57700   33.15100   20.95600  
H    26.47000   31.59300   21.41100  
S    25.29600   31.39900   19.35400  
C    23.80900   31.25200   20.37100  
H    24.00900   30.52800   21.16500  
H    23.54200   32.24400   20.74300  
H    22.95000   30.82900   19.84400  
O    25.94000   30.06700   19.57700  
C    34.70800   28.29700   32.78700  
H    35.49600   28.69700   33.43000  
H    35.21600   28.26700   31.81900  
H    33.75900   28.83300   32.86900  
S    34.75300   26.53700   33.19300  
C    33.10900   26.13400   32.56000  
H    32.37800   26.91000   32.79700  
H    33.21800   26.07300   31.47400  
H    32.72200   25.17600   32.91700  
O    34.53300   26.62900   34.67000  
C    25.07500   23.11400   23.83900  
H    25.13700   22.16900   23.29300  
H    24.08600   23.35300   24.23700  
H    25.38400   23.96000   23.22000  
S    26.02700   23.23800   25.36900  
C    24.90600   22.14900   26.27700  
H    25.17500   22.08500   27.33500  
H    23.89600   22.54600   26.14800  
H    24.99300   21.16500   25.80800  
O    25.49800   24.54000   25.88300  
C    28.75200   28.37400   33.59400  
H    28.93300   29.40800   33.89700  
H    27.79200   27.97200   33.92700  
H    29.60800   27.87600   34.05700  
S    28.66100   28.18700   31.79800  
C    28.35800   26.40700   31.72400  
H    28.14900   26.18600   30.67500  
H    29.22000   25.79800   32.00600  
H    27.55400   26.11200   32.40400  
O    30.09200   28.31500   31.38000  
C    34.40100   27.87000   27.43100  
H    33.52500   28.26600   27.95100  
H    34.28700   28.12400   26.37400  
H    34.43200   26.77700   27.44300  
S    35.96700   28.63100   27.91500  
C    36.94600   27.74600   26.68100  
H    37.98300   27.76600   27.02500  
H    36.56000   26.72600   26.61300  
H    36.80200   28.11700   25.66300  
O    36.30400   27.84300   29.14300  
$end

$rem
JOBTYPE  SP
METHOD  B3LYP
BASIS  6-31+G(D)
SYMMETRY  FALSE
SYM_IGNORE  TRUE
MEM_TOTAL  16000
MEM_STATIC  8000
MAX_SUB_FILE_NUM  16000
BASIS_LIN_DEP_THRESH  6
THRESH  14
SCF_CONVERGENCE  8
GEN_SCFMAN  FALSE
SCF_GUESS  READ_DEN
FD_MAT_VEC_PROD  FALSE
XC_GRID  000075000302
NL_GRID  1
MAX_SCF_CYCLES  200
SKIP_SCFMAN  TRUE
ESP_GRID  0
ESP_EFIELD  1
$end

$development
almo_efield  1
$end

