$molecule
0 1
--
0 1
C    21.47800   17.19000   28.62500  
C    22.39300   16.22200   29.39300  
C    23.75400   16.85800   29.72300  
C    23.55400   18.24000   30.36700  
C    22.81700   19.16400   29.38300  
C    21.39400   18.63500   29.14500  
H    24.33200   16.28400   30.45700  
H    21.84000   16.06800   30.32800  
H    21.91100   17.27900   27.62100  
H    20.46400   16.77300   28.59500  
H    22.94000   18.16500   31.27300  
H    24.52200   18.70700   30.58700  
H    22.73000   20.16600   29.81900  
H    23.34300   19.32300   28.43400  
H    20.75100   18.94400   29.97800  
H    20.95300   19.15100   28.28300  
H    24.42600   16.86100   28.85600  
N    22.49200   14.92200   28.73200  
H    22.54700   14.74600   27.73600  
C    22.62900   13.79200   29.51000  
H    22.79100   12.92700   28.84100  
O    22.54300   13.73600   30.72400  
--
0 1
C    23.05300   21.09300   24.51000  
H    23.51300   20.68300   23.60700  
H    23.80500   21.70400   25.01600  
H    22.49000   20.33000   25.05400  
S    21.84000   22.25800   23.85000  
C    21.28900   22.76700   25.49400  
H    20.95800   21.93200   26.11700  
H    22.12900   23.36500   25.85600  
H    20.45200   23.46500   25.40600  
O    20.85600   21.25500   23.33400  
C    18.16700   18.76500   34.74300  
H    18.57900   18.73300   35.75500  
H    19.12600   18.58700   34.24900  
H    17.75400   19.76800   34.60500  
S    16.92000   17.46600   34.60100  
C    16.88400   17.38500   32.79600  
H    16.97700   18.39800   32.39500  
H    17.70000   16.83200   32.32500  
H    15.96400   16.89900   32.46000  
O    15.73600   18.33300   34.89600  
C    20.05300   19.56100   20.29000  
H    20.93900   20.19900   20.22500  
H    20.08100   19.09100   19.30400  
H    19.10900   20.10700   20.36300  
S    20.42700   18.43000   21.64900  
C    21.83300   17.68700   20.79200  
H    22.64600   18.41500   20.73100  
H    22.11100   16.82600   21.40500  
H    21.47300   17.34000   19.82000  
O    19.44300   17.30700   21.54300  
C    27.68000   21.41200   30.66800  
H    28.60200   21.93900   30.92700  
H    27.65400   20.35500   30.94400  
H    27.55800   21.48500   29.58400  
S    26.32200   22.30800   31.45300  
C    26.85900   21.65600   33.05000  
H    27.02300   20.58800   32.88500  
H    27.65300   22.26100   33.49500  
H    25.99100   21.66000   33.71500  
O    25.14500   21.45500   31.09400  
C    27.28400   17.67800   32.12500  
H    26.81800   18.66100   32.23300  
H    27.42900   17.38000   31.08300  
H    26.73600   17.00600   32.79000  
S    28.96600   17.77000   32.77900  
C    28.55500   18.48200   34.38800  
H    27.91400   19.34100   34.17300  
H    28.03700   17.77400   35.04000  
H    29.44800   18.86100   34.89200  
O    29.35800   19.05800   32.12400  
C    17.55900   12.27400   34.56800  
H    16.63000   12.82200   34.74100  
H    18.05200   12.11200   35.53100  
H    18.27800   12.93600   34.07900  
S    17.41900   10.75500   33.59900  
C    16.34300   9.80800    34.70000  
H    16.81200   9.82400    35.68700  
H    15.27100   10.02000   34.72200  
H    16.46600   8.75500    34.43500  
O    18.78100   10.14900   33.74400  
C    23.94900   19.82100   33.97700  
H    24.03100   19.97600   35.05600  
H    24.16200   18.77000   33.76400  
H    24.53100   20.42800   33.27900  
S    22.21900   20.16200   33.58400  
C    22.26600   21.85400   34.21600  
H    22.85900   21.86800   35.13400  
H    22.83400   22.32400   33.40900  
H    21.31700   22.36300   34.40200  
O    21.58300   19.39200   34.69900  
C    25.31600   9.47300    31.15200  
H    24.52400   10.21800   31.04000  
H    26.23400   10.02500   30.93400  
H    25.23400   8.62400    30.46900  
S    25.33700   8.90100    32.86600  
C    26.45200   7.48200    32.95700  
H    27.36800   7.86000    33.41700  
H    25.98900   6.80200    33.67500  
H    26.53300   7.00600    31.97700  
O    23.99800   8.35400    33.25200  
C    20.02600   16.80300   25.37900  
H    20.84500   17.52600   25.40400  
H    19.37200   17.04000   24.53600  
H    19.46100   16.88800   26.31100  
S    20.43100   15.04300   25.33200  
C    20.87000   15.20400   23.58600  
H    21.57700   16.01200   23.38000  
H    21.35300   14.25900   23.32300  
H    19.94800   15.32200   23.01200  
O    19.06900   14.43200   25.44200  
C    20.73400   8.06200    26.44200  
H    20.45800   8.98200    26.96300  
H    21.41300   8.28300    25.61400  
H    19.95400   7.49900    25.92300  
S    21.70900   7.07900    27.60400  
C    22.53100   5.90900    26.49900  
H    21.77700   5.43200    25.86700  
H    23.26000   6.46000    25.90000  
H    22.99900   5.15500    27.13800  
O    20.71100   6.14900    28.22100  
C    29.78200   18.84100   27.98800  
H    29.85600   19.18700   29.02200  
H    30.82600   18.61400   27.75600  
H    29.59100   19.71900   27.36600  
S    28.69200   17.40700   27.84400  
C    27.27200   18.31300   28.49700  
H    27.03400   19.17300   27.86600  
H    26.39100   17.66900   28.56200  
H    27.55400   18.66000   29.49500  
O    29.08800   16.51900   28.98200  
C    17.22300   13.08500   30.93600  
H    16.42300   12.36200   31.11100  
H    17.92500   13.19200   31.76700  
H    16.72500   14.02700   30.69200  
S    18.05200   12.57500   29.41400  
C    18.83900   14.18300   29.17000  
H    19.46800   14.19700   28.27700  
H    18.12200   15.00800   29.17300  
H    19.53800   14.29900   30.00200  
O    16.93900   12.37200   28.43300  
C    21.42200   16.21500   33.28700  
H    22.51000   16.10600   33.27500  
H    20.98500   15.68800   32.43500  
H    21.07400   17.25000   33.24300  
S    20.85200   15.47500   34.83400  
C    21.02800   13.74800   34.33200  
H    22.01400   13.32900   34.54800  
H    20.38600   13.25700   35.06700  
H    20.84400   13.52900   33.27700  
O    19.39200   15.72200   35.05800  
C    29.72700   14.31000   31.75600  
H    30.70900   14.13300   32.20200  
H    29.83400   14.84200   30.80700  
H    29.02900   14.83300   32.41400  
S    29.19100   12.62700   31.37900  
C    29.64400   11.74500   32.89000  
H    29.89400   10.68300   32.83000  
H    30.54800   12.23400   33.26000  
H    28.82100   11.91600   33.58800  
O    30.20900   12.31900   30.32500  
C    13.07400   21.72400   31.24100  
H    12.62500   20.73600   31.37100  
H    12.82600   22.39300   32.06900  
H    12.93500   22.23100   30.28300  
S    14.87900   21.63700   31.20400  
C    15.03600   21.20100   32.95100  
H    14.63000   20.18600   32.96600  
H    16.07900   21.21300   33.27700  
H    14.37100   21.74600   33.62700  
O    15.28400   23.06900   31.04800  
C    17.79800   21.20500   25.30300  
H    17.84400   22.07400   24.64100  
H    16.78400   21.11300   25.70000  
H    18.47200   21.01100   26.14100  
S    18.05500   19.74400   24.27000  
C    17.20800   20.39600   22.81300  
H    17.16800   19.71600   21.95800  
H    16.29700   20.92300   23.10700  
H    17.92900   21.19000   22.60400  
O    17.00300   18.75700   24.67100  
C    21.71200   23.30800   30.54300  
H    20.95500   22.55600   30.78100  
H    22.71000   22.93300   30.78700  
H    21.55200   24.15900   31.21000  
S    21.78000   23.88700   28.83300  
C    23.28200   24.85000   29.11600  
H    23.16100   25.66200   29.83800  
H    24.08000   24.19400   29.47600  
H    23.63200   25.28900   28.17800  
O    20.67700   24.89300   28.72300  
C    24.83700   12.76600   32.62600  
H    24.24200   12.43600   31.77100  
H    25.67500   12.07700   32.75700  
H    24.26100   12.76900   33.55500  
S    25.52800   14.40700   32.31600  
C    25.94800   14.09700   30.58600  
H    25.02300   14.27800   30.03300  
H    26.80300   14.75700   30.41500  
H    26.30800   13.07800   30.42400  
O    26.76800   14.34800   33.15300  
C    27.77700   17.90200   23.33200  
H    28.04300   16.95800   23.81500  
H    26.75400   17.83700   22.95300  
H    28.49600   17.85500   22.51000  
S    28.28200   19.17800   24.50700  
C    27.85800   20.47600   23.32400  
H    26.79500   20.71000   23.42400  
H    28.51600   21.29800   23.61800  
H    28.18400   20.27900   22.30000  
O    29.77600   19.18300   24.41400  
C    25.32700   16.02700   25.95200  
H    26.00100   16.06300   25.09200  
H    25.96700   15.84100   26.81900  
H    24.65200   15.17100   25.87200  
S    24.43700   17.59700   26.02500  
C    23.90400   17.53000   24.30000  
H    23.98000   18.45300   23.72000  
H    24.53700   16.86800   23.70300  
H    22.82400   17.41700   24.17200  
O    25.56000   18.58500   25.95800  
C    17.47300   10.41000   25.63100  
H    16.70500   9.94400    25.00700  
H    17.56400   9.74900    26.49700  
H    17.21700   11.38600   26.05100  
S    18.98200   10.48600   24.64000  
C    18.21200   11.44200   23.31400  
H    18.09900   12.47300   23.65800  
H    18.78700   11.37000   22.38800  
H    17.27800   10.91100   23.11500  
O    18.98900   9.10900    24.05200  
C    20.73000   8.35000    30.88500  
H    21.18600   7.84700    31.74200  
H    19.74700   8.74700    31.14900  
H    20.54600   7.63100    30.08300  
S    21.69300   9.77400    30.32500  
C    21.54300   10.60200   31.92400  
H    22.19600   10.16100   32.68200  
H    21.87400   11.63800   31.81500  
H    20.52400   10.62500   32.31700  
O    20.73600   10.56700   29.49000  
C    15.77500   18.95900   28.27300  
H    15.41000   19.24400   27.28300  
H    14.97400   18.51500   28.87100  
H    16.34200   19.80100   28.67800  
S    16.95600   17.65900   27.84600  
C    15.92800   16.18400   27.66500  
H    15.48700   16.23900   26.66600  
H    16.60500   15.32800   27.71600  
H    15.16000   16.21900   28.44200  
O    17.70800   17.30600   29.09100  
C    26.38900   14.24900   22.84400  
H    25.83400   15.00900   23.39900  
H    26.55300   13.44300   23.56500  
H    27.27900   14.70100   22.39900  
S    25.20500   13.59200   21.64700  
C    25.08400   15.18100   20.79400  
H    24.38400   15.24200   19.95700  
H    24.87000   15.96600   21.52400  
H    25.98200   15.33000   20.18800  
O    24.04000   13.58700   22.58800  
C    25.18700   10.63800   37.56300  
H    26.22700   10.54000   37.88600  
H    24.75000   11.43000   38.17700  
H    24.67900   9.67300    37.62000  
S    24.99000   11.22000   35.86300  
C    26.32700   12.38100   36.22200  
H    26.37000   13.12700   35.42400  
H    26.19300   12.87400   37.18800  
H    27.25400   11.80200   36.23000  
O    23.78600   12.09900   36.00200  
C    25.19500   21.94900   27.48800  
H    25.31400   21.59500   28.51500  
H    24.16400   22.26300   27.30200  
H    25.31000   21.08400   26.82900  
S    26.39000   23.22900   27.04200  
C    27.91400   22.27200   26.87700  
H    28.67900   22.98900   27.18700  
H    28.09400   21.48800   27.61700  
H    28.03800   22.04900   25.81400  
O    26.60600   23.93400   28.34400  
C    27.78000   11.58300   26.05800  
H    28.61200   12.01000   25.49300  
H    28.16000   10.85400   26.77800  
H    27.05800   11.01000   25.47000  
S    26.75600   12.69000   27.05400  
C    28.26500   13.42700   27.72000  
H    28.80000   13.92300   26.90600  
H    28.06900   14.26900   28.38800  
H    28.83600   12.54600   28.02600  
O    26.04700   11.78000   28.00900  
C    22.35900   10.97400   26.67800  
H    23.15300   11.22300   27.38700  
H    21.39300   11.10000   27.17400  
H    22.48800   9.92700    26.39300  
S    22.73400   12.12600   25.33800  
C    24.43000   11.56900   25.06000  
H    24.79700   10.78900   25.73300  
H    24.57100   11.05800   24.10400  
H    25.09500   12.43500   25.02300  
O    22.84700   13.38100   26.14600  
$end

$rem
JOBTYPE  SP
METHOD  B3LYP
BASIS  6-31+G(D)
SYMMETRY  FALSE
SYM_IGNORE  TRUE
MEM_TOTAL  12000
MEM_STATIC  4000
BASIS_LIN_DEP_THRESH  6
THRESH  14
SCF_CONVERGENCE  8
FD_MAT_VEC_PROD  FALSE
XC_GRID  000075000302
NL_GRID  1
MAX_SCF_CYCLES  200
FRGM_METHOD  STOLL
SCFMI_MODE  1
ALMO_EFIELD  TRUE
$end

$rem_frgm
SCF_CONVERGENCE  4
$end


@@@

$molecule
0 1
@C    21.47800   17.19000   28.62500  
@C    22.39300   16.22200   29.39300  
@C    23.75400   16.85800   29.72300  
@C    23.55400   18.24000   30.36700  
@C    22.81700   19.16400   29.38300  
@C    21.39400   18.63500   29.14500  
@H    24.33200   16.28400   30.45700  
@H    21.84000   16.06800   30.32800  
@H    21.91100   17.27900   27.62100  
@H    20.46400   16.77300   28.59500  
@H    22.94000   18.16500   31.27300  
@H    24.52200   18.70700   30.58700  
@H    22.73000   20.16600   29.81900  
@H    23.34300   19.32300   28.43400  
@H    20.75100   18.94400   29.97800  
@H    20.95300   19.15100   28.28300  
@H    24.42600   16.86100   28.85600  
@N    22.49200   14.92200   28.73200  
@H    22.54700   14.74600   27.73600  
@C    22.62900   13.79200   29.51000  
@H    22.79100   12.92700   28.84100  
@O    22.54300   13.73600   30.72400  
C    23.05300   21.09300   24.51000  
H    23.51300   20.68300   23.60700  
H    23.80500   21.70400   25.01600  
H    22.49000   20.33000   25.05400  
S    21.84000   22.25800   23.85000  
C    21.28900   22.76700   25.49400  
H    20.95800   21.93200   26.11700  
H    22.12900   23.36500   25.85600  
H    20.45200   23.46500   25.40600  
O    20.85600   21.25500   23.33400  
C    18.16700   18.76500   34.74300  
H    18.57900   18.73300   35.75500  
H    19.12600   18.58700   34.24900  
H    17.75400   19.76800   34.60500  
S    16.92000   17.46600   34.60100  
C    16.88400   17.38500   32.79600  
H    16.97700   18.39800   32.39500  
H    17.70000   16.83200   32.32500  
H    15.96400   16.89900   32.46000  
O    15.73600   18.33300   34.89600  
C    20.05300   19.56100   20.29000  
H    20.93900   20.19900   20.22500  
H    20.08100   19.09100   19.30400  
H    19.10900   20.10700   20.36300  
S    20.42700   18.43000   21.64900  
C    21.83300   17.68700   20.79200  
H    22.64600   18.41500   20.73100  
H    22.11100   16.82600   21.40500  
H    21.47300   17.34000   19.82000  
O    19.44300   17.30700   21.54300  
C    27.68000   21.41200   30.66800  
H    28.60200   21.93900   30.92700  
H    27.65400   20.35500   30.94400  
H    27.55800   21.48500   29.58400  
S    26.32200   22.30800   31.45300  
C    26.85900   21.65600   33.05000  
H    27.02300   20.58800   32.88500  
H    27.65300   22.26100   33.49500  
H    25.99100   21.66000   33.71500  
O    25.14500   21.45500   31.09400  
C    27.28400   17.67800   32.12500  
H    26.81800   18.66100   32.23300  
H    27.42900   17.38000   31.08300  
H    26.73600   17.00600   32.79000  
S    28.96600   17.77000   32.77900  
C    28.55500   18.48200   34.38800  
H    27.91400   19.34100   34.17300  
H    28.03700   17.77400   35.04000  
H    29.44800   18.86100   34.89200  
O    29.35800   19.05800   32.12400  
C    17.55900   12.27400   34.56800  
H    16.63000   12.82200   34.74100  
H    18.05200   12.11200   35.53100  
H    18.27800   12.93600   34.07900  
S    17.41900   10.75500   33.59900  
C    16.34300   9.80800    34.70000  
H    16.81200   9.82400    35.68700  
H    15.27100   10.02000   34.72200  
H    16.46600   8.75500    34.43500  
O    18.78100   10.14900   33.74400  
C    23.94900   19.82100   33.97700  
H    24.03100   19.97600   35.05600  
H    24.16200   18.77000   33.76400  
H    24.53100   20.42800   33.27900  
S    22.21900   20.16200   33.58400  
C    22.26600   21.85400   34.21600  
H    22.85900   21.86800   35.13400  
H    22.83400   22.32400   33.40900  
H    21.31700   22.36300   34.40200  
O    21.58300   19.39200   34.69900  
C    25.31600   9.47300    31.15200  
H    24.52400   10.21800   31.04000  
H    26.23400   10.02500   30.93400  
H    25.23400   8.62400    30.46900  
S    25.33700   8.90100    32.86600  
C    26.45200   7.48200    32.95700  
H    27.36800   7.86000    33.41700  
H    25.98900   6.80200    33.67500  
H    26.53300   7.00600    31.97700  
O    23.99800   8.35400    33.25200  
C    20.02600   16.80300   25.37900  
H    20.84500   17.52600   25.40400  
H    19.37200   17.04000   24.53600  
H    19.46100   16.88800   26.31100  
S    20.43100   15.04300   25.33200  
C    20.87000   15.20400   23.58600  
H    21.57700   16.01200   23.38000  
H    21.35300   14.25900   23.32300  
H    19.94800   15.32200   23.01200  
O    19.06900   14.43200   25.44200  
C    20.73400   8.06200    26.44200  
H    20.45800   8.98200    26.96300  
H    21.41300   8.28300    25.61400  
H    19.95400   7.49900    25.92300  
S    21.70900   7.07900    27.60400  
C    22.53100   5.90900    26.49900  
H    21.77700   5.43200    25.86700  
H    23.26000   6.46000    25.90000  
H    22.99900   5.15500    27.13800  
O    20.71100   6.14900    28.22100  
C    29.78200   18.84100   27.98800  
H    29.85600   19.18700   29.02200  
H    30.82600   18.61400   27.75600  
H    29.59100   19.71900   27.36600  
S    28.69200   17.40700   27.84400  
C    27.27200   18.31300   28.49700  
H    27.03400   19.17300   27.86600  
H    26.39100   17.66900   28.56200  
H    27.55400   18.66000   29.49500  
O    29.08800   16.51900   28.98200  
C    17.22300   13.08500   30.93600  
H    16.42300   12.36200   31.11100  
H    17.92500   13.19200   31.76700  
H    16.72500   14.02700   30.69200  
S    18.05200   12.57500   29.41400  
C    18.83900   14.18300   29.17000  
H    19.46800   14.19700   28.27700  
H    18.12200   15.00800   29.17300  
H    19.53800   14.29900   30.00200  
O    16.93900   12.37200   28.43300  
C    21.42200   16.21500   33.28700  
H    22.51000   16.10600   33.27500  
H    20.98500   15.68800   32.43500  
H    21.07400   17.25000   33.24300  
S    20.85200   15.47500   34.83400  
C    21.02800   13.74800   34.33200  
H    22.01400   13.32900   34.54800  
H    20.38600   13.25700   35.06700  
H    20.84400   13.52900   33.27700  
O    19.39200   15.72200   35.05800  
C    29.72700   14.31000   31.75600  
H    30.70900   14.13300   32.20200  
H    29.83400   14.84200   30.80700  
H    29.02900   14.83300   32.41400  
S    29.19100   12.62700   31.37900  
C    29.64400   11.74500   32.89000  
H    29.89400   10.68300   32.83000  
H    30.54800   12.23400   33.26000  
H    28.82100   11.91600   33.58800  
O    30.20900   12.31900   30.32500  
C    13.07400   21.72400   31.24100  
H    12.62500   20.73600   31.37100  
H    12.82600   22.39300   32.06900  
H    12.93500   22.23100   30.28300  
S    14.87900   21.63700   31.20400  
C    15.03600   21.20100   32.95100  
H    14.63000   20.18600   32.96600  
H    16.07900   21.21300   33.27700  
H    14.37100   21.74600   33.62700  
O    15.28400   23.06900   31.04800  
C    17.79800   21.20500   25.30300  
H    17.84400   22.07400   24.64100  
H    16.78400   21.11300   25.70000  
H    18.47200   21.01100   26.14100  
S    18.05500   19.74400   24.27000  
C    17.20800   20.39600   22.81300  
H    17.16800   19.71600   21.95800  
H    16.29700   20.92300   23.10700  
H    17.92900   21.19000   22.60400  
O    17.00300   18.75700   24.67100  
C    21.71200   23.30800   30.54300  
H    20.95500   22.55600   30.78100  
H    22.71000   22.93300   30.78700  
H    21.55200   24.15900   31.21000  
S    21.78000   23.88700   28.83300  
C    23.28200   24.85000   29.11600  
H    23.16100   25.66200   29.83800  
H    24.08000   24.19400   29.47600  
H    23.63200   25.28900   28.17800  
O    20.67700   24.89300   28.72300  
C    24.83700   12.76600   32.62600  
H    24.24200   12.43600   31.77100  
H    25.67500   12.07700   32.75700  
H    24.26100   12.76900   33.55500  
S    25.52800   14.40700   32.31600  
C    25.94800   14.09700   30.58600  
H    25.02300   14.27800   30.03300  
H    26.80300   14.75700   30.41500  
H    26.30800   13.07800   30.42400  
O    26.76800   14.34800   33.15300  
C    27.77700   17.90200   23.33200  
H    28.04300   16.95800   23.81500  
H    26.75400   17.83700   22.95300  
H    28.49600   17.85500   22.51000  
S    28.28200   19.17800   24.50700  
C    27.85800   20.47600   23.32400  
H    26.79500   20.71000   23.42400  
H    28.51600   21.29800   23.61800  
H    28.18400   20.27900   22.30000  
O    29.77600   19.18300   24.41400  
C    25.32700   16.02700   25.95200  
H    26.00100   16.06300   25.09200  
H    25.96700   15.84100   26.81900  
H    24.65200   15.17100   25.87200  
S    24.43700   17.59700   26.02500  
C    23.90400   17.53000   24.30000  
H    23.98000   18.45300   23.72000  
H    24.53700   16.86800   23.70300  
H    22.82400   17.41700   24.17200  
O    25.56000   18.58500   25.95800  
C    17.47300   10.41000   25.63100  
H    16.70500   9.94400    25.00700  
H    17.56400   9.74900    26.49700  
H    17.21700   11.38600   26.05100  
S    18.98200   10.48600   24.64000  
C    18.21200   11.44200   23.31400  
H    18.09900   12.47300   23.65800  
H    18.78700   11.37000   22.38800  
H    17.27800   10.91100   23.11500  
O    18.98900   9.10900    24.05200  
C    20.73000   8.35000    30.88500  
H    21.18600   7.84700    31.74200  
H    19.74700   8.74700    31.14900  
H    20.54600   7.63100    30.08300  
S    21.69300   9.77400    30.32500  
C    21.54300   10.60200   31.92400  
H    22.19600   10.16100   32.68200  
H    21.87400   11.63800   31.81500  
H    20.52400   10.62500   32.31700  
O    20.73600   10.56700   29.49000  
C    15.77500   18.95900   28.27300  
H    15.41000   19.24400   27.28300  
H    14.97400   18.51500   28.87100  
H    16.34200   19.80100   28.67800  
S    16.95600   17.65900   27.84600  
C    15.92800   16.18400   27.66500  
H    15.48700   16.23900   26.66600  
H    16.60500   15.32800   27.71600  
H    15.16000   16.21900   28.44200  
O    17.70800   17.30600   29.09100  
C    26.38900   14.24900   22.84400  
H    25.83400   15.00900   23.39900  
H    26.55300   13.44300   23.56500  
H    27.27900   14.70100   22.39900  
S    25.20500   13.59200   21.64700  
C    25.08400   15.18100   20.79400  
H    24.38400   15.24200   19.95700  
H    24.87000   15.96600   21.52400  
H    25.98200   15.33000   20.18800  
O    24.04000   13.58700   22.58800  
C    25.18700   10.63800   37.56300  
H    26.22700   10.54000   37.88600  
H    24.75000   11.43000   38.17700  
H    24.67900   9.67300    37.62000  
S    24.99000   11.22000   35.86300  
C    26.32700   12.38100   36.22200  
H    26.37000   13.12700   35.42400  
H    26.19300   12.87400   37.18800  
H    27.25400   11.80200   36.23000  
O    23.78600   12.09900   36.00200  
C    25.19500   21.94900   27.48800  
H    25.31400   21.59500   28.51500  
H    24.16400   22.26300   27.30200  
H    25.31000   21.08400   26.82900  
S    26.39000   23.22900   27.04200  
C    27.91400   22.27200   26.87700  
H    28.67900   22.98900   27.18700  
H    28.09400   21.48800   27.61700  
H    28.03800   22.04900   25.81400  
O    26.60600   23.93400   28.34400  
C    27.78000   11.58300   26.05800  
H    28.61200   12.01000   25.49300  
H    28.16000   10.85400   26.77800  
H    27.05800   11.01000   25.47000  
S    26.75600   12.69000   27.05400  
C    28.26500   13.42700   27.72000  
H    28.80000   13.92300   26.90600  
H    28.06900   14.26900   28.38800  
H    28.83600   12.54600   28.02600  
O    26.04700   11.78000   28.00900  
C    22.35900   10.97400   26.67800  
H    23.15300   11.22300   27.38700  
H    21.39300   11.10000   27.17400  
H    22.48800   9.92700    26.39300  
S    22.73400   12.12600   25.33800  
C    24.43000   11.56900   25.06000  
H    24.79700   10.78900   25.73300  
H    24.57100   11.05800   24.10400  
H    25.09500   12.43500   25.02300  
O    22.84700   13.38100   26.14600  
$end

$rem
JOBTYPE  SP
METHOD  B3LYP
BASIS  6-31+G(D)
SYMMETRY  FALSE
SYM_IGNORE  TRUE
MEM_TOTAL  12000
MEM_STATIC  4000
BASIS_LIN_DEP_THRESH  6
THRESH  14
SCF_CONVERGENCE  8
FD_MAT_VEC_PROD  FALSE
XC_GRID  000075000302
NL_GRID  1
MAX_SCF_CYCLES  200
SCF_GUESS  READ_DEN
ALMO_EFIELD  TRUE
GEN_SCFMAN  FALSE
SKIP_SCFMAN  TRUE
ESP_GRID  0
ESP_EFIELD  1
$end
