$molecule
0 1
--
0 1
C    24.59300   14.90900   27.79900  
C    23.30300   14.70800   28.61100  
C    23.29700   15.55700   29.89300  
C    23.48600   17.02900   29.49300  
C    24.77300   17.22700   28.67600  
C    24.79500   16.37800   27.39400  
H    22.38800   15.38500   30.48200  
H    22.47500   15.07500   27.99200  
H    25.49800   14.58100   28.32400  
H    24.57900   14.32100   26.87200  
H    22.63500   17.39200   28.90300  
H    23.44600   17.57800   30.44200  
H    24.83100   18.25400   28.29500  
H    25.70400   16.99300   29.20800  
H    23.90800   16.66100   26.81500  
H    25.71500   16.54900   26.82100  
H    24.04200   15.11800   30.56800  
N    23.01700   13.31000   28.92500  
H    23.84500   12.72700   28.95100  
C    21.72500   12.89400   29.16700  
H    21.54500   11.80300   29.19700  
O    20.82900   13.66900   29.45100  
--
0 1
C    16.90400   17.71700   32.96500  
H    16.79600   18.79000   33.13800  
H    17.60900   17.60900   32.13700  
H    15.92300   17.35500   32.64400  
S    17.65600   16.99800   34.44200  
C    16.20100   17.31200   35.46600  
H    15.42200   16.54700   35.40300  
H    16.57600   17.25800   36.49100  
H    15.72900   18.29100   35.35100  
O    18.70100   17.97800   34.87700  
C    21.81900   16.44800   24.22800  
H    21.32300   16.61300   23.26800  
H    21.08200   16.11200   24.96100  
H    22.41900   17.23500   24.69200  
S    22.92100   15.05400   23.90100  
C    23.80000   15.89100   22.56200  
H    23.03500   16.02500   21.79300  
H    24.21700   16.83100   22.93400  
H    24.47500   15.16900   22.09600  
O    22.05800   14.06600   23.18000  
C    25.02600   20.66100   32.76200  
H    25.37700   19.73000   33.21500  
H    25.67400   21.52900   32.90700  
H    24.04800   20.96300   33.14400  
S    25.05900   20.34600   30.98300  
C    25.02100   22.09600   30.53400  
H    24.25500   22.62300   31.11000  
H    26.03300   22.47900   30.68800  
H    24.67800   22.24000   29.50600  
O    23.68500   19.83300   30.68200  
C    28.87100   11.23300   24.76700  
H    28.05700   10.55700   25.04400  
H    28.49000   12.06700   24.17100  
H    29.58400   10.69400   24.13900  
S    29.80000   11.92500   26.15400  
C    30.39500   10.45300   27.01800  
H    31.25700   10.65000   27.66100  
H    29.58100   10.11300   27.66300  
H    30.75400   9.69300    26.32000  
O    28.75100   12.34600   27.13400  
C    26.89100   17.42300   34.43900  
H    26.99900   16.37400   34.72400  
H    27.21800   18.07300   35.25500  
H    25.81400   17.58500   34.34900  
S    27.81700   17.68700   32.91000  
C    29.31800   16.70600   33.13300  
H    29.86800   17.12700   33.97900  
H    28.86300   15.74500   33.38900  
H    29.88000   16.75400   32.19800  
O    28.29700   19.09400   33.09100  
C    24.42200   17.80100   37.73800  
H    25.45800   17.72900   38.07800  
H    23.74100   17.47500   38.52900  
H    24.34500   17.23800   36.80400  
S    24.17500   19.54400   37.33300  
C    22.67400   19.20300   36.38700  
H    22.81600   18.55700   35.51600  
H    22.01700   18.72400   37.11700  
H    22.32900   20.22800   36.23000  
O    25.17600   19.45600   36.22300  
C    22.08200   6.52000    31.53500  
H    23.10000   6.41900    31.15100  
H    22.03200   6.87000    32.57000  
H    21.50300   5.59600    31.45900  
S    21.23200   7.86400    30.67600  
C    22.55200   9.09600    30.73800  
H    22.12300   9.88500    30.11600  
H    22.74500   9.58000    31.69900  
H    23.45600   8.67100    30.29600  
O    20.26400   8.40200    31.68300  
C    20.31100   11.49000   24.50100  
H    19.85300   10.92900   23.68100  
H    21.40000   11.57100   24.44800  
H    20.04200   11.05900   25.46800  
S    19.64500   13.16700   24.58100  
C    20.42100   13.41300   26.19500  
H    20.33500   14.47000   26.46000  
H    19.92500   12.80800   26.95900  
H    21.49900   13.24000   26.22300  
O    18.20600   12.89300   24.88900  
C    28.70800   17.81300   29.43900  
H    27.62400   17.74900   29.56500  
H    29.11900   18.16500   30.38900  
H    29.09500   18.45900   28.64700  
S    29.41100   16.18100   29.10900  
C    28.09900   15.35800   30.04100  
H    27.10400   15.56600   29.64000  
H    28.35600   14.30300   29.91400  
H    28.09600   15.51800   31.12200  
O    30.67800   16.03600   29.89200  
C    24.69100   19.70800   24.31900  
H    24.26000   20.55700   23.78200  
H    23.87800   19.09400   24.71600  
H    25.39400   20.07900   25.06900  
S    25.83100   18.87600   23.19100  
C    26.84100   20.36400   23.01700  
H    26.18200   21.14600   22.63000  
H    27.26500   20.65400   23.98200  
H    27.78200   20.16200   22.50000  
O    25.17200   18.93600   21.84900  
C    18.73600   16.19900   29.88100  
H    19.15900   16.06100   30.87900  
H    19.35500   15.73300   29.11000  
H    18.54200   17.22400   29.55300  
S    17.26000   15.15700   29.89200  
C    16.96200   15.48200   28.14000  
H    17.65500   14.84400   27.58400  
H    15.91200   15.28200   27.91200  
H    17.14500   16.55400   28.03700  
O    16.35200   16.04200   30.68800  
C    20.89300   15.53100   33.59300  
H    21.02100   14.60200   33.03100  
H    20.01500   15.29700   34.20100  
H    20.71600   16.47000   33.06300  
S    22.12800   15.71800   34.89800  
C    23.56900   16.13800   33.89100  
H    23.52500   15.65400   32.91100  
H    23.75100   17.21000   33.77900  
H    24.39600   15.79000   34.51500  
O    22.41200   14.28400   35.22000  
C    26.48200   7.71400    31.94900  
H    26.46100   6.99300    32.77000  
H    26.63700   8.70100    32.39200  
H    25.63500   7.87500    31.27700  
S    27.95000   7.33600    30.96400  
C    29.30800   7.58200    32.13000  
H    29.30000   8.65100    32.36200  
H    29.32400   6.97500    33.03900  
H    30.25500   7.46600    31.59800  
O    28.20600   8.46800    30.01900  
C    18.83500   18.78200   24.02700  
H    19.88900   18.95300   24.26000  
H    18.60300   18.93500   22.97000  
H    18.29600   19.45200   24.70100  
S    18.50500   17.04600   24.40700  
C    16.70700   17.20600   24.33200  
H    16.27300   17.42200   23.35200  
H    16.25700   16.31300   24.77300  
H    16.45500   18.04700   24.98300  
O    18.91000   16.78800   25.82500  
C    20.97800   18.74200   32.17000  
H    20.44400   18.18600   31.39500  
H    22.02400   18.45100   32.29400  
H    20.43800   18.60600   33.11000  
S    20.90800   20.46800   31.64000  
C    21.01500   21.28200   33.25000  
H    20.80900   22.34700   33.12300  
H    20.32900   20.84500   33.98100  
H    22.06500   21.11600   33.50100  
O    19.54100   20.86500   31.17700  
C    24.32400   12.34800   32.39800  
H    24.00800   11.34000   32.68100  
H    23.65600   12.97200   32.99700  
H    24.18700   12.56700   31.33600  
S    25.97200   12.70700   33.04700  
C    25.44700   12.61800   34.77400  
H    26.29300   12.91300   35.40000  
H    24.59100   13.24400   35.03800  
H    25.20600   11.57500   34.99500  
O    26.25000   14.16900   32.89500  
C    28.29600   21.93600   26.17900  
H    28.97600   22.79100   26.15700  
H    28.69200   21.13800   25.54500  
H    27.30800   22.16400   25.77100  
S    28.41500   21.38700   27.89600  
C    26.99200   20.27300   27.87100  
H    26.12300   20.60700   27.30000  
H    27.26800   19.30500   27.44500  
H    26.84000   20.05000   28.93100  
O    27.85700   22.60000   28.57300  
C    27.70800   16.10800   23.10800  
H    28.00800   15.22100   22.54500  
H    26.70800   15.89900   23.49600  
H    27.64400   16.90900   22.36700  
S    28.62500   16.31400   24.65200  
C    27.76400   14.88200   25.34100  
H    28.11800   13.87800   25.09300  
H    27.91600   14.99900   26.41600  
H    26.72000   15.12800   25.13200  
O    27.98700   17.50300   25.30000  
C    19.22400   11.63200   32.27800  
H    19.27300   10.98800   31.39600  
H    19.44600   12.69900   32.36500  
H    19.79700   11.13100   33.06200  
S    17.59300   11.43700   33.03100  
C    16.57000   12.17800   31.73800  
H    16.79600   13.24600   31.70300  
H    16.61800   11.71500   30.74900  
H    15.52200   12.05700   32.02100  
O    17.60900   12.53500   34.04800  
C    24.18900   11.03000   23.07700  
H    24.65500   11.12000   22.09200  
H    24.05700   9.97800    23.34000  
H    23.25400   11.59300   23.13600  
S    25.41200   11.76400   24.18800  
C    24.46200   11.77300   25.72500  
H    24.31900   10.75300   26.08900  
H    24.96800   12.41200   26.45400  
H    23.50200   12.24100   25.49200  
O    25.56700   13.20800   23.82500  
C    25.24900   25.50900   24.82100  
H    24.40900   26.13700   25.12900  
H    25.98900   25.26000   25.58500  
H    25.71700   26.00400   23.96600  
S    24.51400   24.00200   24.14800  
C    23.60700   23.76900   25.69400  
H    22.77600   23.09200   25.48000  
H    24.25600   23.33700   26.46000  
H    23.18000   24.73100   25.99000  
O    25.65100   23.03300   24.23500  
C    17.78100   9.05100    29.45500  
H    18.07300   9.14100    30.50500  
H    16.69600   8.98300    29.34600  
H    18.24700   8.18600    28.97600  
S    18.26900   10.56100   28.59000  
C    17.46600   10.11200   27.03400  
H    17.68700   9.06900    26.79000  
H    16.39100   10.29300   27.11900  
H    17.97200   10.63800   26.22100  
O    19.69900   10.26700   28.25500  
C    22.77600   20.51300   27.60900  
H    23.65200   21.11900   27.36500  
H    22.42900   20.49900   28.64500  
H    23.00800   19.47200   27.37000  
S    21.37300   20.87600   26.52900  
C    20.16200   19.79900   27.32800  
H    19.18500   20.05400   26.91100  
H    20.39200   18.74600   27.14700  
H    20.14400   20.11600   28.37400  
O    21.61200   20.05000   25.30300  
C    20.37200   24.14300   29.78800  
H    19.79200   24.14100   28.86200  
H    20.11300   23.23200   30.33300  
H    20.06400   24.97600   30.42600  
S    22.16300   23.94100   29.65600  
C    22.63100   25.62100   29.18400  
H    22.26000   25.77700   28.16800  
H    22.18600   26.26400   29.94800  
H    23.71000   25.79100   29.14900  
O    22.41700   23.19900   28.38100  
C    26.50800   11.86500   29.45000  
H    26.73100   12.27300   28.46100  
H    25.81200   12.54700   29.94500  
H    27.39800   11.69400   30.06100  
S    25.67100   10.29600   29.12900  
C    26.67900   9.91200    27.68000  
H    27.56400   9.32300    27.93500  
H    25.99400   9.23500    27.16300  
H    26.83900   10.78400   27.04000  
O    24.39300   10.81100   28.54300  
C    20.03800   7.73000    26.17900  
H    19.62200   8.68800    26.50000  
H    19.99700   7.72800    25.08700  
H    19.42400   7.01800    26.73700  
S    21.77800   7.65100    26.66000  
C    22.41700   8.77400    25.39700  
H    21.86100   8.53000    24.48800  
H    22.15000   9.78200    25.72600  
H    23.49200   8.68300    25.22100  
O    22.16100   6.25500    26.28000  
$end

$rem
JOBTYPE  SP
METHOD  B3LYP
BASIS  6-31+G(D)
SYMMETRY  FALSE
SYM_IGNORE  TRUE
MEM_TOTAL  12000
MEM_STATIC  4000
BASIS_LIN_DEP_THRESH  6
THRESH  14
SCF_CONVERGENCE  8
FD_MAT_VEC_PROD  FALSE
XC_GRID  000075000302
NL_GRID  1
MAX_SCF_CYCLES  200
FRGM_METHOD  STOLL
SCFMI_MODE  1
ALMO_EFIELD  TRUE
$end

$rem_frgm
SCF_CONVERGENCE  4
$end


@@@

$molecule
0 1
@C    24.59300   14.90900   27.79900  
@C    23.30300   14.70800   28.61100  
@C    23.29700   15.55700   29.89300  
@C    23.48600   17.02900   29.49300  
@C    24.77300   17.22700   28.67600  
@C    24.79500   16.37800   27.39400  
@H    22.38800   15.38500   30.48200  
@H    22.47500   15.07500   27.99200  
@H    25.49800   14.58100   28.32400  
@H    24.57900   14.32100   26.87200  
@H    22.63500   17.39200   28.90300  
@H    23.44600   17.57800   30.44200  
@H    24.83100   18.25400   28.29500  
@H    25.70400   16.99300   29.20800  
@H    23.90800   16.66100   26.81500  
@H    25.71500   16.54900   26.82100  
@H    24.04200   15.11800   30.56800  
@N    23.01700   13.31000   28.92500  
@H    23.84500   12.72700   28.95100  
@C    21.72500   12.89400   29.16700  
@H    21.54500   11.80300   29.19700  
@O    20.82900   13.66900   29.45100  
C    16.90400   17.71700   32.96500  
H    16.79600   18.79000   33.13800  
H    17.60900   17.60900   32.13700  
H    15.92300   17.35500   32.64400  
S    17.65600   16.99800   34.44200  
C    16.20100   17.31200   35.46600  
H    15.42200   16.54700   35.40300  
H    16.57600   17.25800   36.49100  
H    15.72900   18.29100   35.35100  
O    18.70100   17.97800   34.87700  
C    21.81900   16.44800   24.22800  
H    21.32300   16.61300   23.26800  
H    21.08200   16.11200   24.96100  
H    22.41900   17.23500   24.69200  
S    22.92100   15.05400   23.90100  
C    23.80000   15.89100   22.56200  
H    23.03500   16.02500   21.79300  
H    24.21700   16.83100   22.93400  
H    24.47500   15.16900   22.09600  
O    22.05800   14.06600   23.18000  
C    25.02600   20.66100   32.76200  
H    25.37700   19.73000   33.21500  
H    25.67400   21.52900   32.90700  
H    24.04800   20.96300   33.14400  
S    25.05900   20.34600   30.98300  
C    25.02100   22.09600   30.53400  
H    24.25500   22.62300   31.11000  
H    26.03300   22.47900   30.68800  
H    24.67800   22.24000   29.50600  
O    23.68500   19.83300   30.68200  
C    28.87100   11.23300   24.76700  
H    28.05700   10.55700   25.04400  
H    28.49000   12.06700   24.17100  
H    29.58400   10.69400   24.13900  
S    29.80000   11.92500   26.15400  
C    30.39500   10.45300   27.01800  
H    31.25700   10.65000   27.66100  
H    29.58100   10.11300   27.66300  
H    30.75400   9.69300    26.32000  
O    28.75100   12.34600   27.13400  
C    26.89100   17.42300   34.43900  
H    26.99900   16.37400   34.72400  
H    27.21800   18.07300   35.25500  
H    25.81400   17.58500   34.34900  
S    27.81700   17.68700   32.91000  
C    29.31800   16.70600   33.13300  
H    29.86800   17.12700   33.97900  
H    28.86300   15.74500   33.38900  
H    29.88000   16.75400   32.19800  
O    28.29700   19.09400   33.09100  
C    24.42200   17.80100   37.73800  
H    25.45800   17.72900   38.07800  
H    23.74100   17.47500   38.52900  
H    24.34500   17.23800   36.80400  
S    24.17500   19.54400   37.33300  
C    22.67400   19.20300   36.38700  
H    22.81600   18.55700   35.51600  
H    22.01700   18.72400   37.11700  
H    22.32900   20.22800   36.23000  
O    25.17600   19.45600   36.22300  
C    22.08200   6.52000    31.53500  
H    23.10000   6.41900    31.15100  
H    22.03200   6.87000    32.57000  
H    21.50300   5.59600    31.45900  
S    21.23200   7.86400    30.67600  
C    22.55200   9.09600    30.73800  
H    22.12300   9.88500    30.11600  
H    22.74500   9.58000    31.69900  
H    23.45600   8.67100    30.29600  
O    20.26400   8.40200    31.68300  
C    20.31100   11.49000   24.50100  
H    19.85300   10.92900   23.68100  
H    21.40000   11.57100   24.44800  
H    20.04200   11.05900   25.46800  
S    19.64500   13.16700   24.58100  
C    20.42100   13.41300   26.19500  
H    20.33500   14.47000   26.46000  
H    19.92500   12.80800   26.95900  
H    21.49900   13.24000   26.22300  
O    18.20600   12.89300   24.88900  
C    28.70800   17.81300   29.43900  
H    27.62400   17.74900   29.56500  
H    29.11900   18.16500   30.38900  
H    29.09500   18.45900   28.64700  
S    29.41100   16.18100   29.10900  
C    28.09900   15.35800   30.04100  
H    27.10400   15.56600   29.64000  
H    28.35600   14.30300   29.91400  
H    28.09600   15.51800   31.12200  
O    30.67800   16.03600   29.89200  
C    24.69100   19.70800   24.31900  
H    24.26000   20.55700   23.78200  
H    23.87800   19.09400   24.71600  
H    25.39400   20.07900   25.06900  
S    25.83100   18.87600   23.19100  
C    26.84100   20.36400   23.01700  
H    26.18200   21.14600   22.63000  
H    27.26500   20.65400   23.98200  
H    27.78200   20.16200   22.50000  
O    25.17200   18.93600   21.84900  
C    18.73600   16.19900   29.88100  
H    19.15900   16.06100   30.87900  
H    19.35500   15.73300   29.11000  
H    18.54200   17.22400   29.55300  
S    17.26000   15.15700   29.89200  
C    16.96200   15.48200   28.14000  
H    17.65500   14.84400   27.58400  
H    15.91200   15.28200   27.91200  
H    17.14500   16.55400   28.03700  
O    16.35200   16.04200   30.68800  
C    20.89300   15.53100   33.59300  
H    21.02100   14.60200   33.03100  
H    20.01500   15.29700   34.20100  
H    20.71600   16.47000   33.06300  
S    22.12800   15.71800   34.89800  
C    23.56900   16.13800   33.89100  
H    23.52500   15.65400   32.91100  
H    23.75100   17.21000   33.77900  
H    24.39600   15.79000   34.51500  
O    22.41200   14.28400   35.22000  
C    26.48200   7.71400    31.94900  
H    26.46100   6.99300    32.77000  
H    26.63700   8.70100    32.39200  
H    25.63500   7.87500    31.27700  
S    27.95000   7.33600    30.96400  
C    29.30800   7.58200    32.13000  
H    29.30000   8.65100    32.36200  
H    29.32400   6.97500    33.03900  
H    30.25500   7.46600    31.59800  
O    28.20600   8.46800    30.01900  
C    18.83500   18.78200   24.02700  
H    19.88900   18.95300   24.26000  
H    18.60300   18.93500   22.97000  
H    18.29600   19.45200   24.70100  
S    18.50500   17.04600   24.40700  
C    16.70700   17.20600   24.33200  
H    16.27300   17.42200   23.35200  
H    16.25700   16.31300   24.77300  
H    16.45500   18.04700   24.98300  
O    18.91000   16.78800   25.82500  
C    20.97800   18.74200   32.17000  
H    20.44400   18.18600   31.39500  
H    22.02400   18.45100   32.29400  
H    20.43800   18.60600   33.11000  
S    20.90800   20.46800   31.64000  
C    21.01500   21.28200   33.25000  
H    20.80900   22.34700   33.12300  
H    20.32900   20.84500   33.98100  
H    22.06500   21.11600   33.50100  
O    19.54100   20.86500   31.17700  
C    24.32400   12.34800   32.39800  
H    24.00800   11.34000   32.68100  
H    23.65600   12.97200   32.99700  
H    24.18700   12.56700   31.33600  
S    25.97200   12.70700   33.04700  
C    25.44700   12.61800   34.77400  
H    26.29300   12.91300   35.40000  
H    24.59100   13.24400   35.03800  
H    25.20600   11.57500   34.99500  
O    26.25000   14.16900   32.89500  
C    28.29600   21.93600   26.17900  
H    28.97600   22.79100   26.15700  
H    28.69200   21.13800   25.54500  
H    27.30800   22.16400   25.77100  
S    28.41500   21.38700   27.89600  
C    26.99200   20.27300   27.87100  
H    26.12300   20.60700   27.30000  
H    27.26800   19.30500   27.44500  
H    26.84000   20.05000   28.93100  
O    27.85700   22.60000   28.57300  
C    27.70800   16.10800   23.10800  
H    28.00800   15.22100   22.54500  
H    26.70800   15.89900   23.49600  
H    27.64400   16.90900   22.36700  
S    28.62500   16.31400   24.65200  
C    27.76400   14.88200   25.34100  
H    28.11800   13.87800   25.09300  
H    27.91600   14.99900   26.41600  
H    26.72000   15.12800   25.13200  
O    27.98700   17.50300   25.30000  
C    19.22400   11.63200   32.27800  
H    19.27300   10.98800   31.39600  
H    19.44600   12.69900   32.36500  
H    19.79700   11.13100   33.06200  
S    17.59300   11.43700   33.03100  
C    16.57000   12.17800   31.73800  
H    16.79600   13.24600   31.70300  
H    16.61800   11.71500   30.74900  
H    15.52200   12.05700   32.02100  
O    17.60900   12.53500   34.04800  
C    24.18900   11.03000   23.07700  
H    24.65500   11.12000   22.09200  
H    24.05700   9.97800    23.34000  
H    23.25400   11.59300   23.13600  
S    25.41200   11.76400   24.18800  
C    24.46200   11.77300   25.72500  
H    24.31900   10.75300   26.08900  
H    24.96800   12.41200   26.45400  
H    23.50200   12.24100   25.49200  
O    25.56700   13.20800   23.82500  
C    25.24900   25.50900   24.82100  
H    24.40900   26.13700   25.12900  
H    25.98900   25.26000   25.58500  
H    25.71700   26.00400   23.96600  
S    24.51400   24.00200   24.14800  
C    23.60700   23.76900   25.69400  
H    22.77600   23.09200   25.48000  
H    24.25600   23.33700   26.46000  
H    23.18000   24.73100   25.99000  
O    25.65100   23.03300   24.23500  
C    17.78100   9.05100    29.45500  
H    18.07300   9.14100    30.50500  
H    16.69600   8.98300    29.34600  
H    18.24700   8.18600    28.97600  
S    18.26900   10.56100   28.59000  
C    17.46600   10.11200   27.03400  
H    17.68700   9.06900    26.79000  
H    16.39100   10.29300   27.11900  
H    17.97200   10.63800   26.22100  
O    19.69900   10.26700   28.25500  
C    22.77600   20.51300   27.60900  
H    23.65200   21.11900   27.36500  
H    22.42900   20.49900   28.64500  
H    23.00800   19.47200   27.37000  
S    21.37300   20.87600   26.52900  
C    20.16200   19.79900   27.32800  
H    19.18500   20.05400   26.91100  
H    20.39200   18.74600   27.14700  
H    20.14400   20.11600   28.37400  
O    21.61200   20.05000   25.30300  
C    20.37200   24.14300   29.78800  
H    19.79200   24.14100   28.86200  
H    20.11300   23.23200   30.33300  
H    20.06400   24.97600   30.42600  
S    22.16300   23.94100   29.65600  
C    22.63100   25.62100   29.18400  
H    22.26000   25.77700   28.16800  
H    22.18600   26.26400   29.94800  
H    23.71000   25.79100   29.14900  
O    22.41700   23.19900   28.38100  
C    26.50800   11.86500   29.45000  
H    26.73100   12.27300   28.46100  
H    25.81200   12.54700   29.94500  
H    27.39800   11.69400   30.06100  
S    25.67100   10.29600   29.12900  
C    26.67900   9.91200    27.68000  
H    27.56400   9.32300    27.93500  
H    25.99400   9.23500    27.16300  
H    26.83900   10.78400   27.04000  
O    24.39300   10.81100   28.54300  
C    20.03800   7.73000    26.17900  
H    19.62200   8.68800    26.50000  
H    19.99700   7.72800    25.08700  
H    19.42400   7.01800    26.73700  
S    21.77800   7.65100    26.66000  
C    22.41700   8.77400    25.39700  
H    21.86100   8.53000    24.48800  
H    22.15000   9.78200    25.72600  
H    23.49200   8.68300    25.22100  
O    22.16100   6.25500    26.28000  
$end

$rem
JOBTYPE  SP
METHOD  B3LYP
BASIS  6-31+G(D)
SYMMETRY  FALSE
SYM_IGNORE  TRUE
MEM_TOTAL  12000
MEM_STATIC  4000
BASIS_LIN_DEP_THRESH  6
THRESH  14
SCF_CONVERGENCE  8
FD_MAT_VEC_PROD  FALSE
XC_GRID  000075000302
NL_GRID  1
MAX_SCF_CYCLES  200
SCF_GUESS  READ_DEN
ALMO_EFIELD  TRUE
GEN_SCFMAN  FALSE
SKIP_SCFMAN  TRUE
ESP_GRID  0
ESP_EFIELD  1
$end
