$molecule
0 1
--
0 1
C    21.93800   19.39900   30.87900  
C    22.90400   18.32300   30.35600  
C    23.33100   18.78200   28.95200  
C    24.09900   20.11500   28.96500  
C    23.31000   21.23100   29.66900  
C    22.68900   20.73600   30.98600  
H    23.89000   17.96600   28.47900  
H    23.85800   18.37100   30.89600  
H    21.08500   19.52600   30.20200  
H    21.55300   19.18800   31.88400  
H    25.01800   19.91100   29.52800  
H    24.27100   20.49500   27.95100  
H    23.91000   22.12300   29.88700  
H    22.43100   21.45700   29.05200  
H    23.40000   20.76400   31.82100  
H    21.98200   21.53800   31.23100  
H    22.49300   18.87500   28.25100  
N    22.17600   17.06100   30.24100  
H    21.18900   17.09900   30.01500  
C    22.81200   15.85100   30.05800  
H    22.15100   15.09600   29.59500  
O    23.99100   15.72700   30.33900  
--
0 1
C    25.65400   25.75700   27.46100  
H    25.91600   25.09100   26.63500  
H    24.99000   26.42600   26.90700  
H    26.51700   26.31300   27.83800  
S    24.79300   24.81700   28.74100  
C    24.43800   26.36800   29.59700  
H    23.46500   26.76400   29.29400  
H    24.42500   26.24100   30.68300  
H    25.21600   27.09600   29.35400  
O    25.85400   24.22500   29.61600  
C    18.57500   21.94100   25.39200  
H    19.29300   22.59100   25.89900  
H    18.55400   22.21100   24.33300  
H    17.64000   22.05000   25.94700  
S    19.29200   20.29700   25.61300  
C    19.89000   20.47600   27.30900  
H    19.25600   21.05500   27.98500  
H    19.76700   19.47900   27.74000  
H    20.91100   20.86800   27.32600  
O    20.60000   20.29800   24.88400  
C    27.10600   14.20200   29.68500  
H    26.22400   14.83800   29.79800  
H    27.93800   14.81700   30.03800  
H    27.34500   13.85900   28.67500  
S    26.92200   12.76800   30.76700  
C    27.38300   13.62700   32.28900  
H    26.57200   14.23700   32.69500  
H    27.62500   12.86900   33.03900  
H    28.35100   14.13200   32.26100  
O    28.09500   11.86300   30.54800  
C    20.84300   9.57200    27.53500  
H    21.45100   8.88600    28.13100  
H    20.31800   8.98100    26.78000  
H    21.52000   10.17400   26.92300  
S    19.69700   10.44500   28.62500  
C    18.95300   11.38700   27.27400  
H    18.35800   12.25900   27.55700  
H    19.79200   11.64700   26.62300  
H    18.30200   10.71200   26.71300  
O    20.48600   11.57700   29.20700  
C    30.52200   17.98900   27.61600  
H    31.00200   18.03200   26.63500  
H    30.18800   18.98000   27.93400  
H    31.15500   17.39600   28.28100  
S    28.99300   17.03000   27.51600  
C    28.48400   17.31200   29.22700  
H    28.24300   18.37400   29.32000  
H    27.58500   16.70800   29.36900  
H    29.18500   16.94900   29.98200  
O    29.39700   15.59000   27.57800  
C    26.02400   22.79000   36.28400  
H    25.64800   22.06100   35.56200  
H    25.26800   23.38900   36.79800  
H    26.72900   23.53000   35.89500  
S    26.94800   21.79300   37.47400  
C    25.39700   21.09800   38.08800  
H    24.82400   21.97800   38.39200  
H    24.92600   20.47200   37.32600  
H    25.69800   20.43100   38.90000  
O    27.22200   22.71100   38.62500  
C    22.12800   8.35300    30.90100  
H    22.48100   8.69700    29.92600  
H    22.97700   8.28100    31.58600  
H    21.67800   7.37000    30.74200  
S    20.88000   9.40400    31.67900  
C    21.96300   10.79200   32.08700  
H    22.67000   10.37100   32.80700  
H    22.35700   11.25600   31.17900  
H    21.49100   11.54500   32.72200  
O    20.82200   8.69000    32.99400  
C    18.16700   23.02800   34.08900  
H    17.73200   22.53200   33.21800  
H    17.53700   23.77100   34.58500  
H    19.13300   23.51400   33.92900  
S    18.41800   21.85400   35.44000  
C    19.07600   23.10100   36.57000  
H    19.77100   23.73300   36.01000  
H    18.35600   23.59300   37.22900  
H    19.73600   22.60300   37.28500  
O    19.59900   21.02800   35.03500  
C    27.33000   22.31000   31.93300  
H    26.24500   22.22800   31.82100  
H    27.51000   23.14200   32.61900  
H    27.83600   22.64200   31.02300  
S    28.04700   20.86600   32.74700  
C    27.12900   19.61100   31.82500  
H    26.06700   19.84500   31.92700  
H    27.32600   19.84800   30.77600  
H    27.35700   18.56400   32.03800  
O    27.39100   20.75300   34.08800  
C    24.75700   13.87100   26.40700  
H    25.65200   13.77100   27.02700  
H    24.77800   13.27400   25.49200  
H    24.54700   14.86200   25.99900  
S    23.33700   13.43800   27.43800  
C    23.69100   11.68300   27.69000  
H    22.90400   11.19300   28.26800  
H    23.76600   11.32300   26.66100  
H    24.63000   11.65200   28.24800  
O    22.16100   13.56400   26.52100  
C    29.42500   27.10100   27.82400  
H    30.42100   27.53100   27.95500  
H    28.99800   27.04900   26.81900  
H    28.72800   27.71900   28.39500  
S    29.31900   25.50800   28.67100  
C    29.96000   26.28900   30.16900  
H    30.92300   26.74300   29.92200  
H    29.16700   26.93900   30.54700  
H    30.14500   25.49300   30.89500  
O    30.48600   24.71700   28.16800  
C    23.84400   23.82500   33.03600  
H    24.24100   24.68900   32.49700  
H    24.72600   23.33200   33.45300  
H    23.25900   23.29000   32.28400  
S    22.89100   24.30100   34.49500  
C    22.51500   22.62300   35.04900  
H    23.38400   21.97800   34.89500  
H    22.27500   22.66800   36.11500  
H    21.67500   22.37000   34.39800  
O    21.56400   24.69100   33.92400  
C    29.50400   12.18500   27.79900  
H    30.17400   12.76100   27.15500  
H    29.16000   12.72000   28.68800  
H    29.98600   11.22000   27.97300  
S    28.05000   11.92900   26.75500  
C    27.73200   10.25800   27.36500  
H    26.99600   9.80600    26.69400  
H    28.60200   9.60500    27.46700  
H    27.28700   10.48700   28.33700  
O    28.56200   11.82100   25.35300  
C    23.59500   13.91900   33.03400  
H    22.85200   13.45300   32.38200  
H    23.02000   14.70600   33.52900  
H    24.50200   14.16700   32.47700  
S    24.03600   12.66500   34.25800  
C    24.86700   13.72500   35.46400  
H    24.08300   14.40300   35.80900  
H    25.14800   13.21400   36.38800  
H    25.74500   14.22700   35.05100  
O    25.12800   12.01100   33.47000  
C    31.09500   18.15300   31.94300  
H    30.51000   18.91400   31.42000  
H    31.75200   18.73000   32.59900  
H    31.56800   17.38100   31.33000  
S    29.87700   17.39600   33.04300  
C    31.10300   16.29800   33.78800  
H    31.71900   16.89800   34.46300  
H    30.55300   15.54200   34.35400  
H    31.66700   15.73700   33.03800  
O    29.00500   16.44800   32.28100  
C    20.11300   24.82000   30.54400  
H    21.01700   24.73000   31.15200  
H    20.00400   25.85900   30.22400  
H    19.19600   24.58600   31.09200  
S    20.19200   23.84500   29.02500  
C    18.53100   24.35300   28.52700  
H    18.52600   25.41900   28.28900  
H    18.09100   23.78200   27.70500  
H    17.88900   24.19300   29.39800  
O    20.06800   22.46900   29.60000  
C    17.42800   20.35100   30.24500  
H    17.99800   19.43900   30.05000  
H    16.64700   20.29700   29.48200  
H    18.07800   21.21800   30.10400  
S    16.92800   20.35100   31.98100  
C    18.60600   19.81900   32.38800  
H    19.23600   20.59500   31.94600  
H    18.63000   19.76100   33.47900  
H    18.87600   18.82400   32.02300  
O    16.21300   19.04900   32.16500  
C    27.14000   27.92500   34.83900  
H    26.38200   28.41800   34.22500  
H    26.73700   28.01900   35.85100  
H    28.16700   28.29200   34.76500  
S    27.17000   26.15800   34.46100  
C    27.30800   26.25800   32.66200  
H    26.70900   27.11800   32.35300  
H    28.35100   26.35200   32.34900  
H    26.92700   25.34700   32.19400  
O    25.76500   25.69300   34.68400  
C    19.65100   14.54400   32.41800  
H    20.43000   14.92700   31.75400  
H    19.69500   13.45400   32.49300  
H    18.68100   14.79800   31.98300  
S    19.71900   15.15300   34.11700  
C    20.32900   16.81200   33.73800  
H    20.71900   17.27300   34.64900  
H    21.08300   16.60000   32.97600  
H    19.47500   17.35900   33.33200  
O    20.87200   14.36800   34.66000  
C    22.79300   22.93600   23.60000  
H    23.31400   22.75700   22.65600  
H    22.11700   22.11800   23.86100  
H    22.39000   23.94900   23.68000  
S    23.99000   22.85800   24.95200  
C    22.72800   22.74900   26.24100  
H    22.70200   21.67300   26.43000  
H    23.26700   23.17100   27.09400  
H    21.78900   23.27800   26.06300  
O    24.56700   24.23900   24.96700  
C    20.95800   16.38000   25.89100  
H    21.21900   15.84000   26.80400  
H    21.43000   15.88300   25.04000  
H    21.31600   17.41200   25.84100  
S    19.17900   16.33500   25.57700  
C    19.08400   14.59500   25.09900  
H    19.39100   13.94400   25.92300  
H    18.03000   14.42200   24.86900  
H    19.64400   14.60400   24.16000  
O    18.99300   17.14900   24.33500  
C    24.66500   19.33200   34.52100  
H    25.08100   20.01500   33.77600  
H    24.19100   18.54600   33.92600  
H    24.00600   19.76300   35.27800  
S    25.94500   18.53400   35.51700  
C    25.94100   16.98800   34.58100  
H    24.89500   16.68900   34.47900  
H    26.38300   17.13900   33.59300  
H    26.48600   16.38300   35.31000  
O    25.18100   18.01100   36.69300  
C    24.81400   18.10500   22.62700  
H    24.68000   17.38800   21.81400  
H    24.77700   19.13200   22.25600  
H    25.76800   17.80500   23.06800  
S    23.47900   17.75100   23.79300  
C    23.71300   19.01500   25.06200  
H    24.67500   18.93900   25.57500  
H    23.63500   19.99100   24.57600  
H    22.83400   18.88200   25.69800  
O    23.73600   16.40100   24.38700  
C    21.83000   26.94000   24.41300  
H    21.12000   26.81400   23.59200  
H    22.33400   27.90600   24.34300  
H    22.58300   26.16200   24.56200  
S    20.78000   27.05800   25.87900  
C    22.20400   27.19400   26.98300  
H    22.95900   26.40700   26.92100  
H    22.76100   28.10700   26.75800  
H    21.76200   27.32100   27.97500  
O    20.39800   25.62100   26.05900  
C    29.12600   21.73400   26.24600  
H    29.48700   20.87100   26.81200  
H    29.31100   21.64100   25.17300  
H    29.49000   22.69900   26.60800  
S    27.32900   21.73500   26.43500  
C    27.45400   21.75700   28.23700  
H    27.97300   22.69500   28.44900  
H    26.51700   21.72100   28.79900  
H    28.11500   20.93800   28.53300  
O    27.00300   20.32100   26.06400  
C    29.43500   14.81400   23.79700  
H    28.67200   14.03300   23.74500  
H    30.28200   14.70800   23.11400  
H    29.81200   14.72900   24.82000  
S    28.54900   16.38600   23.70000  
C    27.06000   15.87500   24.58900  
H    26.45000   16.78200   24.57900  
H    26.67300   15.07800   23.94800  
H    27.19500   15.50700   25.60900  
O    28.14900   16.50000   22.26200  
C    16.91100   16.51700   29.63900  
H    16.27300   16.10100   28.85500  
H    17.11900   15.91900   30.52900  
H    16.58800   17.51600   29.94400  
S    18.46000   16.76900   28.74300  
C    18.80800   15.00100   28.60700  
H    18.85900   14.53600   29.59400  
H    17.96500   14.56000   28.06800  
H    19.79300   14.88900   28.14700  
O    19.48300   17.11100   29.78100  
C    32.04000   22.15200   28.74900  
H    31.73200   21.76600   27.77400  
H    32.27600   23.21600   28.67200  
H    32.84000   21.53000   29.15900  
S    30.72200   22.11800   29.98400  
C    31.76400   22.03000   31.45800  
H    32.22500   23.01700   31.54500  
H    31.04500   21.81700   32.25200  
H    32.34700   21.13400   31.22800  
O    30.23700   20.70300   29.93100  
$end

$rem
JOBTYPE  SP
METHOD  B3LYP
BASIS  6-31+G(D)
SYMMETRY  FALSE
SYM_IGNORE  TRUE
MEM_TOTAL  12000
MEM_STATIC  4000
BASIS_LIN_DEP_THRESH  6
THRESH  14
SCF_CONVERGENCE  8
FD_MAT_VEC_PROD  FALSE
XC_GRID  000075000302
NL_GRID  1
MAX_SCF_CYCLES  200
FRGM_METHOD  STOLL
SCFMI_MODE  1
ALMO_EFIELD  TRUE
$end

$rem_frgm
SCF_CONVERGENCE  4
$end


@@@

$molecule
0 1
@C    21.93800   19.39900   30.87900  
@C    22.90400   18.32300   30.35600  
@C    23.33100   18.78200   28.95200  
@C    24.09900   20.11500   28.96500  
@C    23.31000   21.23100   29.66900  
@C    22.68900   20.73600   30.98600  
@H    23.89000   17.96600   28.47900  
@H    23.85800   18.37100   30.89600  
@H    21.08500   19.52600   30.20200  
@H    21.55300   19.18800   31.88400  
@H    25.01800   19.91100   29.52800  
@H    24.27100   20.49500   27.95100  
@H    23.91000   22.12300   29.88700  
@H    22.43100   21.45700   29.05200  
@H    23.40000   20.76400   31.82100  
@H    21.98200   21.53800   31.23100  
@H    22.49300   18.87500   28.25100  
@N    22.17600   17.06100   30.24100  
@H    21.18900   17.09900   30.01500  
@C    22.81200   15.85100   30.05800  
@H    22.15100   15.09600   29.59500  
@O    23.99100   15.72700   30.33900  
C    25.65400   25.75700   27.46100  
H    25.91600   25.09100   26.63500  
H    24.99000   26.42600   26.90700  
H    26.51700   26.31300   27.83800  
S    24.79300   24.81700   28.74100  
C    24.43800   26.36800   29.59700  
H    23.46500   26.76400   29.29400  
H    24.42500   26.24100   30.68300  
H    25.21600   27.09600   29.35400  
O    25.85400   24.22500   29.61600  
C    18.57500   21.94100   25.39200  
H    19.29300   22.59100   25.89900  
H    18.55400   22.21100   24.33300  
H    17.64000   22.05000   25.94700  
S    19.29200   20.29700   25.61300  
C    19.89000   20.47600   27.30900  
H    19.25600   21.05500   27.98500  
H    19.76700   19.47900   27.74000  
H    20.91100   20.86800   27.32600  
O    20.60000   20.29800   24.88400  
C    27.10600   14.20200   29.68500  
H    26.22400   14.83800   29.79800  
H    27.93800   14.81700   30.03800  
H    27.34500   13.85900   28.67500  
S    26.92200   12.76800   30.76700  
C    27.38300   13.62700   32.28900  
H    26.57200   14.23700   32.69500  
H    27.62500   12.86900   33.03900  
H    28.35100   14.13200   32.26100  
O    28.09500   11.86300   30.54800  
C    20.84300   9.57200    27.53500  
H    21.45100   8.88600    28.13100  
H    20.31800   8.98100    26.78000  
H    21.52000   10.17400   26.92300  
S    19.69700   10.44500   28.62500  
C    18.95300   11.38700   27.27400  
H    18.35800   12.25900   27.55700  
H    19.79200   11.64700   26.62300  
H    18.30200   10.71200   26.71300  
O    20.48600   11.57700   29.20700  
C    30.52200   17.98900   27.61600  
H    31.00200   18.03200   26.63500  
H    30.18800   18.98000   27.93400  
H    31.15500   17.39600   28.28100  
S    28.99300   17.03000   27.51600  
C    28.48400   17.31200   29.22700  
H    28.24300   18.37400   29.32000  
H    27.58500   16.70800   29.36900  
H    29.18500   16.94900   29.98200  
O    29.39700   15.59000   27.57800  
C    26.02400   22.79000   36.28400  
H    25.64800   22.06100   35.56200  
H    25.26800   23.38900   36.79800  
H    26.72900   23.53000   35.89500  
S    26.94800   21.79300   37.47400  
C    25.39700   21.09800   38.08800  
H    24.82400   21.97800   38.39200  
H    24.92600   20.47200   37.32600  
H    25.69800   20.43100   38.90000  
O    27.22200   22.71100   38.62500  
C    22.12800   8.35300    30.90100  
H    22.48100   8.69700    29.92600  
H    22.97700   8.28100    31.58600  
H    21.67800   7.37000    30.74200  
S    20.88000   9.40400    31.67900  
C    21.96300   10.79200   32.08700  
H    22.67000   10.37100   32.80700  
H    22.35700   11.25600   31.17900  
H    21.49100   11.54500   32.72200  
O    20.82200   8.69000    32.99400  
C    18.16700   23.02800   34.08900  
H    17.73200   22.53200   33.21800  
H    17.53700   23.77100   34.58500  
H    19.13300   23.51400   33.92900  
S    18.41800   21.85400   35.44000  
C    19.07600   23.10100   36.57000  
H    19.77100   23.73300   36.01000  
H    18.35600   23.59300   37.22900  
H    19.73600   22.60300   37.28500  
O    19.59900   21.02800   35.03500  
C    27.33000   22.31000   31.93300  
H    26.24500   22.22800   31.82100  
H    27.51000   23.14200   32.61900  
H    27.83600   22.64200   31.02300  
S    28.04700   20.86600   32.74700  
C    27.12900   19.61100   31.82500  
H    26.06700   19.84500   31.92700  
H    27.32600   19.84800   30.77600  
H    27.35700   18.56400   32.03800  
O    27.39100   20.75300   34.08800  
C    24.75700   13.87100   26.40700  
H    25.65200   13.77100   27.02700  
H    24.77800   13.27400   25.49200  
H    24.54700   14.86200   25.99900  
S    23.33700   13.43800   27.43800  
C    23.69100   11.68300   27.69000  
H    22.90400   11.19300   28.26800  
H    23.76600   11.32300   26.66100  
H    24.63000   11.65200   28.24800  
O    22.16100   13.56400   26.52100  
C    29.42500   27.10100   27.82400  
H    30.42100   27.53100   27.95500  
H    28.99800   27.04900   26.81900  
H    28.72800   27.71900   28.39500  
S    29.31900   25.50800   28.67100  
C    29.96000   26.28900   30.16900  
H    30.92300   26.74300   29.92200  
H    29.16700   26.93900   30.54700  
H    30.14500   25.49300   30.89500  
O    30.48600   24.71700   28.16800  
C    23.84400   23.82500   33.03600  
H    24.24100   24.68900   32.49700  
H    24.72600   23.33200   33.45300  
H    23.25900   23.29000   32.28400  
S    22.89100   24.30100   34.49500  
C    22.51500   22.62300   35.04900  
H    23.38400   21.97800   34.89500  
H    22.27500   22.66800   36.11500  
H    21.67500   22.37000   34.39800  
O    21.56400   24.69100   33.92400  
C    29.50400   12.18500   27.79900  
H    30.17400   12.76100   27.15500  
H    29.16000   12.72000   28.68800  
H    29.98600   11.22000   27.97300  
S    28.05000   11.92900   26.75500  
C    27.73200   10.25800   27.36500  
H    26.99600   9.80600    26.69400  
H    28.60200   9.60500    27.46700  
H    27.28700   10.48700   28.33700  
O    28.56200   11.82100   25.35300  
C    23.59500   13.91900   33.03400  
H    22.85200   13.45300   32.38200  
H    23.02000   14.70600   33.52900  
H    24.50200   14.16700   32.47700  
S    24.03600   12.66500   34.25800  
C    24.86700   13.72500   35.46400  
H    24.08300   14.40300   35.80900  
H    25.14800   13.21400   36.38800  
H    25.74500   14.22700   35.05100  
O    25.12800   12.01100   33.47000  
C    31.09500   18.15300   31.94300  
H    30.51000   18.91400   31.42000  
H    31.75200   18.73000   32.59900  
H    31.56800   17.38100   31.33000  
S    29.87700   17.39600   33.04300  
C    31.10300   16.29800   33.78800  
H    31.71900   16.89800   34.46300  
H    30.55300   15.54200   34.35400  
H    31.66700   15.73700   33.03800  
O    29.00500   16.44800   32.28100  
C    20.11300   24.82000   30.54400  
H    21.01700   24.73000   31.15200  
H    20.00400   25.85900   30.22400  
H    19.19600   24.58600   31.09200  
S    20.19200   23.84500   29.02500  
C    18.53100   24.35300   28.52700  
H    18.52600   25.41900   28.28900  
H    18.09100   23.78200   27.70500  
H    17.88900   24.19300   29.39800  
O    20.06800   22.46900   29.60000  
C    17.42800   20.35100   30.24500  
H    17.99800   19.43900   30.05000  
H    16.64700   20.29700   29.48200  
H    18.07800   21.21800   30.10400  
S    16.92800   20.35100   31.98100  
C    18.60600   19.81900   32.38800  
H    19.23600   20.59500   31.94600  
H    18.63000   19.76100   33.47900  
H    18.87600   18.82400   32.02300  
O    16.21300   19.04900   32.16500  
C    27.14000   27.92500   34.83900  
H    26.38200   28.41800   34.22500  
H    26.73700   28.01900   35.85100  
H    28.16700   28.29200   34.76500  
S    27.17000   26.15800   34.46100  
C    27.30800   26.25800   32.66200  
H    26.70900   27.11800   32.35300  
H    28.35100   26.35200   32.34900  
H    26.92700   25.34700   32.19400  
O    25.76500   25.69300   34.68400  
C    19.65100   14.54400   32.41800  
H    20.43000   14.92700   31.75400  
H    19.69500   13.45400   32.49300  
H    18.68100   14.79800   31.98300  
S    19.71900   15.15300   34.11700  
C    20.32900   16.81200   33.73800  
H    20.71900   17.27300   34.64900  
H    21.08300   16.60000   32.97600  
H    19.47500   17.35900   33.33200  
O    20.87200   14.36800   34.66000  
C    22.79300   22.93600   23.60000  
H    23.31400   22.75700   22.65600  
H    22.11700   22.11800   23.86100  
H    22.39000   23.94900   23.68000  
S    23.99000   22.85800   24.95200  
C    22.72800   22.74900   26.24100  
H    22.70200   21.67300   26.43000  
H    23.26700   23.17100   27.09400  
H    21.78900   23.27800   26.06300  
O    24.56700   24.23900   24.96700  
C    20.95800   16.38000   25.89100  
H    21.21900   15.84000   26.80400  
H    21.43000   15.88300   25.04000  
H    21.31600   17.41200   25.84100  
S    19.17900   16.33500   25.57700  
C    19.08400   14.59500   25.09900  
H    19.39100   13.94400   25.92300  
H    18.03000   14.42200   24.86900  
H    19.64400   14.60400   24.16000  
O    18.99300   17.14900   24.33500  
C    24.66500   19.33200   34.52100  
H    25.08100   20.01500   33.77600  
H    24.19100   18.54600   33.92600  
H    24.00600   19.76300   35.27800  
S    25.94500   18.53400   35.51700  
C    25.94100   16.98800   34.58100  
H    24.89500   16.68900   34.47900  
H    26.38300   17.13900   33.59300  
H    26.48600   16.38300   35.31000  
O    25.18100   18.01100   36.69300  
C    24.81400   18.10500   22.62700  
H    24.68000   17.38800   21.81400  
H    24.77700   19.13200   22.25600  
H    25.76800   17.80500   23.06800  
S    23.47900   17.75100   23.79300  
C    23.71300   19.01500   25.06200  
H    24.67500   18.93900   25.57500  
H    23.63500   19.99100   24.57600  
H    22.83400   18.88200   25.69800  
O    23.73600   16.40100   24.38700  
C    21.83000   26.94000   24.41300  
H    21.12000   26.81400   23.59200  
H    22.33400   27.90600   24.34300  
H    22.58300   26.16200   24.56200  
S    20.78000   27.05800   25.87900  
C    22.20400   27.19400   26.98300  
H    22.95900   26.40700   26.92100  
H    22.76100   28.10700   26.75800  
H    21.76200   27.32100   27.97500  
O    20.39800   25.62100   26.05900  
C    29.12600   21.73400   26.24600  
H    29.48700   20.87100   26.81200  
H    29.31100   21.64100   25.17300  
H    29.49000   22.69900   26.60800  
S    27.32900   21.73500   26.43500  
C    27.45400   21.75700   28.23700  
H    27.97300   22.69500   28.44900  
H    26.51700   21.72100   28.79900  
H    28.11500   20.93800   28.53300  
O    27.00300   20.32100   26.06400  
C    29.43500   14.81400   23.79700  
H    28.67200   14.03300   23.74500  
H    30.28200   14.70800   23.11400  
H    29.81200   14.72900   24.82000  
S    28.54900   16.38600   23.70000  
C    27.06000   15.87500   24.58900  
H    26.45000   16.78200   24.57900  
H    26.67300   15.07800   23.94800  
H    27.19500   15.50700   25.60900  
O    28.14900   16.50000   22.26200  
C    16.91100   16.51700   29.63900  
H    16.27300   16.10100   28.85500  
H    17.11900   15.91900   30.52900  
H    16.58800   17.51600   29.94400  
S    18.46000   16.76900   28.74300  
C    18.80800   15.00100   28.60700  
H    18.85900   14.53600   29.59400  
H    17.96500   14.56000   28.06800  
H    19.79300   14.88900   28.14700  
O    19.48300   17.11100   29.78100  
C    32.04000   22.15200   28.74900  
H    31.73200   21.76600   27.77400  
H    32.27600   23.21600   28.67200  
H    32.84000   21.53000   29.15900  
S    30.72200   22.11800   29.98400  
C    31.76400   22.03000   31.45800  
H    32.22500   23.01700   31.54500  
H    31.04500   21.81700   32.25200  
H    32.34700   21.13400   31.22800  
O    30.23700   20.70300   29.93100  
$end

$rem
JOBTYPE  SP
METHOD  B3LYP
BASIS  6-31+G(D)
SYMMETRY  FALSE
SYM_IGNORE  TRUE
MEM_TOTAL  12000
MEM_STATIC  4000
BASIS_LIN_DEP_THRESH  6
THRESH  14
SCF_CONVERGENCE  8
FD_MAT_VEC_PROD  FALSE
XC_GRID  000075000302
NL_GRID  1
MAX_SCF_CYCLES  200
SCF_GUESS  READ_DEN
ALMO_EFIELD  TRUE
GEN_SCFMAN  FALSE
SKIP_SCFMAN  TRUE
ESP_GRID  0
ESP_EFIELD  1
$end
