$molecule
0 1
--
0 1
C    25.23900   15.85400   28.03200  
C    26.46700   16.44500   27.32000  
C    26.39300   17.97700   27.42500  
C    26.30500   18.49800   28.86800  
C    25.10700   17.86000   29.59000  
C    25.14600   16.32600   29.49200  
H    27.30000   18.44800   27.02800  
H    27.33500   16.02200   27.84100  
H    24.33400   15.99300   27.42800  
H    25.30500   14.76000   28.01000  
H    27.26500   18.28700   29.35600  
H    26.07900   19.57000   28.80200  
H    25.15600   18.25300   30.61300  
H    24.19100   18.17500   29.07500  
H    26.10400   16.03300   29.93800  
H    24.28700   15.84300   29.97500  
H    25.56500   18.44600   26.87800  
N    26.54600   15.98200   25.93600  
H    26.53200   16.57500   25.11400  
C    26.77300   14.69700   25.49000  
H    26.74700   14.64000   24.38700  
O    26.86500   13.71300   26.20300  
--
0 1
C    22.31700   20.30400   27.48100  
H    22.49700   20.95000   28.34400  
H    23.26700   20.19400   26.95200  
H    21.68900   20.84900   26.77300  
S    21.36900   18.84600   27.97200  
C    20.41300   18.69900   26.44600  
H    19.94000   19.66500   26.25000  
H    21.07400   18.42400   25.62000  
H    19.60800   17.97600   26.60200  
O    20.32800   19.43700   28.87100  
C    20.49000   19.57000   22.22700  
H    21.35800   19.08200   21.77500  
H    19.93500   18.86700   22.85300  
H    19.77500   19.97900   21.50900  
S    20.96400   20.81700   23.44600  
C    21.92800   21.77900   22.25800  
H    22.01600   22.79900   22.64000  
H    22.92200   21.36700   22.06400  
H    21.31700   21.68600   21.35700  
O    22.01600   20.04200   24.17700  
C    30.22100   20.88700   29.85600  
H    30.20000   21.66500   30.62300  
H    30.72200   21.27800   28.96600  
H    29.25700   20.44000   29.60300  
S    31.45800   19.64800   30.30400  
C    30.57000   19.14900   31.79600  
H    30.34600   19.94400   32.51200  
H    29.74900   18.49500   31.49200  
H    31.32700   18.49600   32.23700  
O    32.58200   20.51300   30.78200  
C    29.18000   9.70800    27.06600  
H    29.80700   9.75500    27.95900  
H    28.20300   9.27400    27.29500  
H    29.62000   8.98800    26.37100  
S    29.09000   11.37900   26.38200  
C    28.58100   11.12000   24.66800  
H    27.61000   10.61800   24.69900  
H    28.64500   12.10400   24.19700  
H    29.26800   10.44400   24.15300  
O    30.52800   11.76800   26.23700  
C    27.85800   22.92200   27.71100  
H    28.18800   22.56700   26.73100  
H    28.05800   22.14100   28.44900  
H    26.77600   23.06600   27.66300  
S    28.62600   24.49500   28.15900  
C    30.17500   24.26300   27.25700  
H    30.80600   25.14100   27.41300  
H    30.67700   23.41800   27.73600  
H    30.00000   24.03700   26.20200  
O    29.06700   24.21600   29.56200  
C    24.78200   19.50300   35.69500  
H    25.28600   20.46900   35.77500  
H    25.29900   18.96000   34.90000  
H    23.73400   19.75900   35.51600  
S    24.90000   18.67700   37.29800  
C    23.57000   17.47900   37.05000  
H    23.76000   16.89000   36.14900  
H    23.68400   16.76400   37.86900  
H    22.56400   17.89700   36.97100  
O    24.14100   19.64300   38.15400  
C    23.52200   14.26500   34.42000  
H    24.47700   14.72000   34.14200  
H    22.70000   14.98500   34.41400  
H    23.51800   13.84100   35.42700  
S    23.12300   13.04200   33.15000  
C    22.82600   14.28400   31.87100  
H    23.74000   14.83500   31.63500  
H    22.46200   13.72300   31.00700  
H    22.03600   14.89700   32.31300  
O    21.78400   12.44100   33.44200  
C    26.66200   5.70600    24.52800  
H    27.19600   5.41300    23.62100  
H    27.06800   5.26700    25.44400  
H    25.59600   5.46500    24.55500  
S    27.09300   7.44100    24.79400  
C    26.73500   8.06400    23.13600  
H    25.65400   7.91500    23.07000  
H    26.99200   9.12400    23.07000  
H    27.19100   7.53300    22.29700  
O    28.58100   7.58800    24.87900  
C    31.75600   13.37700   22.88500  
H    31.18400   12.49100   22.59500  
H    32.01000   13.99500   22.02000  
H    32.61400   12.94400   23.40600  
S    30.74000   14.22600   24.11400  
C    29.54500   14.96300   22.97600  
H    28.72900   15.39800   23.55900  
H    29.97300   15.75600   22.35800  
H    29.17900   14.20000   22.28500  
O    31.61300   15.35300   24.57200  
C    27.69300   22.39700   31.73500  
H    27.39100   22.51800   30.69200  
H    27.48900   23.22800   32.41500  
H    28.76900   22.29300   31.89500  
S    26.83000   20.93400   32.35300  
C    25.15500   21.61100   32.31000  
H    24.59000   20.70000   32.52100  
H    24.98000   22.38900   33.05700  
H    24.92000   21.83700   31.26600  
O    27.09900   20.59400   33.78600  
C    21.65600   20.15100   32.19300  
H    22.01100   20.91700   32.88700  
H    22.21300   20.20800   31.25400  
H    20.60300   20.32900   31.96100  
S    21.72300   18.45300   32.80800  
C    21.03000   18.97100   34.39400  
H    21.64800   19.67800   34.95400  
H    20.06600   19.45000   34.20600  
H    20.87400   18.07700   35.00300  
O    23.16700   18.31900   33.18200  
C    31.92700   15.87500   29.27400  
H    32.15900   16.10200   30.31700  
H    32.03300   14.80400   29.08300  
H    32.45900   16.46800   28.52500  
S    30.13600   16.00500   29.07400  
C    30.12400   15.39900   27.37200  
H    31.04200   15.66700   26.84400  
H    29.98400   14.31500   27.41200  
H    29.33300   15.89300   26.80100  
O    29.78000   17.44500   28.86500  
C    22.49800   14.04900   19.32800  
H    22.43600   12.98800   19.07100  
H    22.51700   14.07000   20.42000  
H    21.68200   14.62600   18.88500  
S    24.03200   14.71000   18.63700  
C    24.05800   14.04600   16.95600  
H    24.42600   14.68200   16.14800  
H    24.52500   13.06000   17.02800  
H    23.02600   13.86400   16.64300  
O    25.23400   14.09200   19.28100  
C    28.37900   12.53800   34.45900  
H    28.66600   11.48500   34.40700  
H    27.60900   12.82600   33.74000  
H    29.24800   13.17900   34.28800  
S    27.77500   12.97200   36.10600  
C    26.03700   12.57000   35.81400  
H    25.46400   12.92600   36.67300  
H    25.74100   13.02500   34.86500  
H    25.98500   11.47900   35.77100  
O    27.64500   14.46000   36.00900  
C    25.04300   26.55300   28.85800  
H    24.66800   27.49000   28.43900  
H    25.68700   26.78500   29.71000  
H    25.60700   25.98200   28.11600  
S    23.68600   25.48900   29.39800  
C    24.68900   23.98600   29.40800  
H    24.92800   23.82900   28.35400  
H    25.51400   24.11600   30.11300  
H    24.02900   23.17400   29.72600  
O    22.93600   25.22600   28.12900  
C    18.39400   13.69000   32.92200  
H    17.54400   14.01800   32.31800  
H    18.75300   12.80800   32.38400  
H    18.22500   13.49200   33.98300  
S    19.50300   15.11300   32.82400  
C    18.39700   16.35700   33.52800  
H    18.12000   16.13600   34.56200  
H    18.80200   17.36100   33.37600  
H    17.44800   16.22800   33.00100  
O    19.43600   15.41100   31.35800  
C    26.33000   17.20600   21.37200  
H    27.22400   16.82300   20.87300  
H    25.81000   16.41100   21.91100  
H    25.63300   17.70800   20.69600  
S    26.99900   18.48800   22.45600  
C    28.52000   18.87100   21.55900  
H    28.31800   19.27700   20.56400  
H    29.13900   19.56000   22.13900  
H    29.01900   17.90400   21.45700  
O    27.59700   17.56900   23.47400  
C    23.84100   23.07600   25.08200  
H    23.81400   23.70000   24.18400  
H    23.06900   22.32200   25.25300  
H    23.81600   23.69600   25.98200  
S    25.47200   22.32400   25.28000  
C    25.48400   21.46200   23.69200  
H    26.42600   20.91200   23.63100  
H    24.62000   20.79500   23.63600  
H    25.53800   22.15800   22.85100  
O    25.53900   21.35700   26.42000  
C    21.49500   15.46100   28.48200  
H    22.52300   15.82900   28.54000  
H    20.87000   16.11200   27.86600  
H    21.02300   15.15000   29.41800  
S    21.64400   13.84400   27.68900  
C    19.90200   13.43600   27.94600  
H    19.34900   13.95800   27.16100  
H    19.80000   12.35200   27.85100  
H    19.54700   13.61500   28.96400  
O    22.31200   12.91300   28.65200  
C    26.30600   17.01000   33.11400  
H    25.80600   16.92600   32.14600  
H    25.61400   17.07100   33.95800  
H    26.87800   17.94100   33.13500  
S    27.33100   15.53700   33.33100  
C    28.43800   15.91400   31.95300  
H    29.14600   16.71400   32.18700  
H    29.13100   15.08400   31.79500  
H    27.93000   16.12900   31.00900  
O    26.34300   14.61400   32.68900  
C    29.89700   19.97800   26.90900  
H    29.10700   19.30900   27.26000  
H    30.87600   19.63700   27.25400  
H    29.77100   21.01800   27.21900  
S    29.73900   19.99500   25.10900  
C    30.90500   18.63600   24.86800  
H    31.06400   18.51700   23.79300  
H    31.85000   18.82600   25.38300  
H    30.39200   17.77900   25.31200  
O    30.37600   21.25400   24.60900  
C    27.37500   12.24200   29.48700  
H    26.93700   12.97000   30.17400  
H    28.25300   12.76500   29.09900  
H    26.59100   12.01400   28.76000  
S    27.96500   10.81900   30.43200  
C    26.43800   10.83200   31.39800  
H    26.48100   9.97900    32.08100  
H    26.43900   11.76900   31.96000  
H    25.55800   10.87300   30.75000  
O    29.04200   11.38000   31.30700  
C    24.19300   10.31600   27.53700  
H    23.18000   9.95800    27.33500  
H    24.65600   9.42400    27.96700  
H    24.09500   11.20900   28.16000  
S    24.92800   10.86100   25.97900  
C    23.96300   12.38000   25.81300  
H    24.10200   12.76500   24.80000  
H    22.90600   12.15100   25.97200  
H    24.48700   13.05900   26.49000  
O    24.31100   10.00300   24.91800  
C    26.08800   11.12700   19.53300  
H    26.45100   12.04900   19.07000  
H    26.24200   10.19900   18.97700  
H    25.00400   11.21200   19.64900  
S    27.00700   10.98800   21.08300  
C    26.19500   12.44300   21.78400  
H    25.10700   12.33700   21.78000  
H    26.56500   12.59100   22.80100  
H    26.18900   13.31500   21.12500  
O    28.34800   11.65300   21.06300  
C    23.80100   17.03500   24.48000  
H    22.99600   17.64800   24.89400  
H    24.16300   16.38900   25.28300  
H    24.57100   17.73800   24.15100  
S    23.40500   15.87500   23.15200  
C    21.96500   15.29100   24.07500  
H    21.12600   15.97200   23.91200  
H    21.62000   14.32800   23.69200  
H    22.16700   15.13100   25.13700  
O    24.42000   14.84100   23.52700  
$end

$rem
JOBTYPE  SP
METHOD  B3LYP
BASIS  6-31+G(D)
SYMMETRY  FALSE
SYM_IGNORE  TRUE
MEM_TOTAL  12000
MEM_STATIC  4000
BASIS_LIN_DEP_THRESH  6
THRESH  14
SCF_CONVERGENCE  8
FD_MAT_VEC_PROD  FALSE
XC_GRID  000075000302
NL_GRID  1
MAX_SCF_CYCLES  200
FRGM_METHOD  STOLL
SCFMI_MODE  1
ALMO_EFIELD  TRUE
$end

$rem_frgm
SCF_CONVERGENCE  4
$end


@@@

$molecule
0 1
@C    25.23900   15.85400   28.03200  
@C    26.46700   16.44500   27.32000  
@C    26.39300   17.97700   27.42500  
@C    26.30500   18.49800   28.86800  
@C    25.10700   17.86000   29.59000  
@C    25.14600   16.32600   29.49200  
@H    27.30000   18.44800   27.02800  
@H    27.33500   16.02200   27.84100  
@H    24.33400   15.99300   27.42800  
@H    25.30500   14.76000   28.01000  
@H    27.26500   18.28700   29.35600  
@H    26.07900   19.57000   28.80200  
@H    25.15600   18.25300   30.61300  
@H    24.19100   18.17500   29.07500  
@H    26.10400   16.03300   29.93800  
@H    24.28700   15.84300   29.97500  
@H    25.56500   18.44600   26.87800  
@N    26.54600   15.98200   25.93600  
@H    26.53200   16.57500   25.11400  
@C    26.77300   14.69700   25.49000  
@H    26.74700   14.64000   24.38700  
@O    26.86500   13.71300   26.20300  
C    22.31700   20.30400   27.48100  
H    22.49700   20.95000   28.34400  
H    23.26700   20.19400   26.95200  
H    21.68900   20.84900   26.77300  
S    21.36900   18.84600   27.97200  
C    20.41300   18.69900   26.44600  
H    19.94000   19.66500   26.25000  
H    21.07400   18.42400   25.62000  
H    19.60800   17.97600   26.60200  
O    20.32800   19.43700   28.87100  
C    20.49000   19.57000   22.22700  
H    21.35800   19.08200   21.77500  
H    19.93500   18.86700   22.85300  
H    19.77500   19.97900   21.50900  
S    20.96400   20.81700   23.44600  
C    21.92800   21.77900   22.25800  
H    22.01600   22.79900   22.64000  
H    22.92200   21.36700   22.06400  
H    21.31700   21.68600   21.35700  
O    22.01600   20.04200   24.17700  
C    30.22100   20.88700   29.85600  
H    30.20000   21.66500   30.62300  
H    30.72200   21.27800   28.96600  
H    29.25700   20.44000   29.60300  
S    31.45800   19.64800   30.30400  
C    30.57000   19.14900   31.79600  
H    30.34600   19.94400   32.51200  
H    29.74900   18.49500   31.49200  
H    31.32700   18.49600   32.23700  
O    32.58200   20.51300   30.78200  
C    29.18000   9.70800    27.06600  
H    29.80700   9.75500    27.95900  
H    28.20300   9.27400    27.29500  
H    29.62000   8.98800    26.37100  
S    29.09000   11.37900   26.38200  
C    28.58100   11.12000   24.66800  
H    27.61000   10.61800   24.69900  
H    28.64500   12.10400   24.19700  
H    29.26800   10.44400   24.15300  
O    30.52800   11.76800   26.23700  
C    27.85800   22.92200   27.71100  
H    28.18800   22.56700   26.73100  
H    28.05800   22.14100   28.44900  
H    26.77600   23.06600   27.66300  
S    28.62600   24.49500   28.15900  
C    30.17500   24.26300   27.25700  
H    30.80600   25.14100   27.41300  
H    30.67700   23.41800   27.73600  
H    30.00000   24.03700   26.20200  
O    29.06700   24.21600   29.56200  
C    24.78200   19.50300   35.69500  
H    25.28600   20.46900   35.77500  
H    25.29900   18.96000   34.90000  
H    23.73400   19.75900   35.51600  
S    24.90000   18.67700   37.29800  
C    23.57000   17.47900   37.05000  
H    23.76000   16.89000   36.14900  
H    23.68400   16.76400   37.86900  
H    22.56400   17.89700   36.97100  
O    24.14100   19.64300   38.15400  
C    23.52200   14.26500   34.42000  
H    24.47700   14.72000   34.14200  
H    22.70000   14.98500   34.41400  
H    23.51800   13.84100   35.42700  
S    23.12300   13.04200   33.15000  
C    22.82600   14.28400   31.87100  
H    23.74000   14.83500   31.63500  
H    22.46200   13.72300   31.00700  
H    22.03600   14.89700   32.31300  
O    21.78400   12.44100   33.44200  
C    26.66200   5.70600    24.52800  
H    27.19600   5.41300    23.62100  
H    27.06800   5.26700    25.44400  
H    25.59600   5.46500    24.55500  
S    27.09300   7.44100    24.79400  
C    26.73500   8.06400    23.13600  
H    25.65400   7.91500    23.07000  
H    26.99200   9.12400    23.07000  
H    27.19100   7.53300    22.29700  
O    28.58100   7.58800    24.87900  
C    31.75600   13.37700   22.88500  
H    31.18400   12.49100   22.59500  
H    32.01000   13.99500   22.02000  
H    32.61400   12.94400   23.40600  
S    30.74000   14.22600   24.11400  
C    29.54500   14.96300   22.97600  
H    28.72900   15.39800   23.55900  
H    29.97300   15.75600   22.35800  
H    29.17900   14.20000   22.28500  
O    31.61300   15.35300   24.57200  
C    27.69300   22.39700   31.73500  
H    27.39100   22.51800   30.69200  
H    27.48900   23.22800   32.41500  
H    28.76900   22.29300   31.89500  
S    26.83000   20.93400   32.35300  
C    25.15500   21.61100   32.31000  
H    24.59000   20.70000   32.52100  
H    24.98000   22.38900   33.05700  
H    24.92000   21.83700   31.26600  
O    27.09900   20.59400   33.78600  
C    21.65600   20.15100   32.19300  
H    22.01100   20.91700   32.88700  
H    22.21300   20.20800   31.25400  
H    20.60300   20.32900   31.96100  
S    21.72300   18.45300   32.80800  
C    21.03000   18.97100   34.39400  
H    21.64800   19.67800   34.95400  
H    20.06600   19.45000   34.20600  
H    20.87400   18.07700   35.00300  
O    23.16700   18.31900   33.18200  
C    31.92700   15.87500   29.27400  
H    32.15900   16.10200   30.31700  
H    32.03300   14.80400   29.08300  
H    32.45900   16.46800   28.52500  
S    30.13600   16.00500   29.07400  
C    30.12400   15.39900   27.37200  
H    31.04200   15.66700   26.84400  
H    29.98400   14.31500   27.41200  
H    29.33300   15.89300   26.80100  
O    29.78000   17.44500   28.86500  
C    22.49800   14.04900   19.32800  
H    22.43600   12.98800   19.07100  
H    22.51700   14.07000   20.42000  
H    21.68200   14.62600   18.88500  
S    24.03200   14.71000   18.63700  
C    24.05800   14.04600   16.95600  
H    24.42600   14.68200   16.14800  
H    24.52500   13.06000   17.02800  
H    23.02600   13.86400   16.64300  
O    25.23400   14.09200   19.28100  
C    28.37900   12.53800   34.45900  
H    28.66600   11.48500   34.40700  
H    27.60900   12.82600   33.74000  
H    29.24800   13.17900   34.28800  
S    27.77500   12.97200   36.10600  
C    26.03700   12.57000   35.81400  
H    25.46400   12.92600   36.67300  
H    25.74100   13.02500   34.86500  
H    25.98500   11.47900   35.77100  
O    27.64500   14.46000   36.00900  
C    25.04300   26.55300   28.85800  
H    24.66800   27.49000   28.43900  
H    25.68700   26.78500   29.71000  
H    25.60700   25.98200   28.11600  
S    23.68600   25.48900   29.39800  
C    24.68900   23.98600   29.40800  
H    24.92800   23.82900   28.35400  
H    25.51400   24.11600   30.11300  
H    24.02900   23.17400   29.72600  
O    22.93600   25.22600   28.12900  
C    18.39400   13.69000   32.92200  
H    17.54400   14.01800   32.31800  
H    18.75300   12.80800   32.38400  
H    18.22500   13.49200   33.98300  
S    19.50300   15.11300   32.82400  
C    18.39700   16.35700   33.52800  
H    18.12000   16.13600   34.56200  
H    18.80200   17.36100   33.37600  
H    17.44800   16.22800   33.00100  
O    19.43600   15.41100   31.35800  
C    26.33000   17.20600   21.37200  
H    27.22400   16.82300   20.87300  
H    25.81000   16.41100   21.91100  
H    25.63300   17.70800   20.69600  
S    26.99900   18.48800   22.45600  
C    28.52000   18.87100   21.55900  
H    28.31800   19.27700   20.56400  
H    29.13900   19.56000   22.13900  
H    29.01900   17.90400   21.45700  
O    27.59700   17.56900   23.47400  
C    23.84100   23.07600   25.08200  
H    23.81400   23.70000   24.18400  
H    23.06900   22.32200   25.25300  
H    23.81600   23.69600   25.98200  
S    25.47200   22.32400   25.28000  
C    25.48400   21.46200   23.69200  
H    26.42600   20.91200   23.63100  
H    24.62000   20.79500   23.63600  
H    25.53800   22.15800   22.85100  
O    25.53900   21.35700   26.42000  
C    21.49500   15.46100   28.48200  
H    22.52300   15.82900   28.54000  
H    20.87000   16.11200   27.86600  
H    21.02300   15.15000   29.41800  
S    21.64400   13.84400   27.68900  
C    19.90200   13.43600   27.94600  
H    19.34900   13.95800   27.16100  
H    19.80000   12.35200   27.85100  
H    19.54700   13.61500   28.96400  
O    22.31200   12.91300   28.65200  
C    26.30600   17.01000   33.11400  
H    25.80600   16.92600   32.14600  
H    25.61400   17.07100   33.95800  
H    26.87800   17.94100   33.13500  
S    27.33100   15.53700   33.33100  
C    28.43800   15.91400   31.95300  
H    29.14600   16.71400   32.18700  
H    29.13100   15.08400   31.79500  
H    27.93000   16.12900   31.00900  
O    26.34300   14.61400   32.68900  
C    29.89700   19.97800   26.90900  
H    29.10700   19.30900   27.26000  
H    30.87600   19.63700   27.25400  
H    29.77100   21.01800   27.21900  
S    29.73900   19.99500   25.10900  
C    30.90500   18.63600   24.86800  
H    31.06400   18.51700   23.79300  
H    31.85000   18.82600   25.38300  
H    30.39200   17.77900   25.31200  
O    30.37600   21.25400   24.60900  
C    27.37500   12.24200   29.48700  
H    26.93700   12.97000   30.17400  
H    28.25300   12.76500   29.09900  
H    26.59100   12.01400   28.76000  
S    27.96500   10.81900   30.43200  
C    26.43800   10.83200   31.39800  
H    26.48100   9.97900    32.08100  
H    26.43900   11.76900   31.96000  
H    25.55800   10.87300   30.75000  
O    29.04200   11.38000   31.30700  
C    24.19300   10.31600   27.53700  
H    23.18000   9.95800    27.33500  
H    24.65600   9.42400    27.96700  
H    24.09500   11.20900   28.16000  
S    24.92800   10.86100   25.97900  
C    23.96300   12.38000   25.81300  
H    24.10200   12.76500   24.80000  
H    22.90600   12.15100   25.97200  
H    24.48700   13.05900   26.49000  
O    24.31100   10.00300   24.91800  
C    26.08800   11.12700   19.53300  
H    26.45100   12.04900   19.07000  
H    26.24200   10.19900   18.97700  
H    25.00400   11.21200   19.64900  
S    27.00700   10.98800   21.08300  
C    26.19500   12.44300   21.78400  
H    25.10700   12.33700   21.78000  
H    26.56500   12.59100   22.80100  
H    26.18900   13.31500   21.12500  
O    28.34800   11.65300   21.06300  
C    23.80100   17.03500   24.48000  
H    22.99600   17.64800   24.89400  
H    24.16300   16.38900   25.28300  
H    24.57100   17.73800   24.15100  
S    23.40500   15.87500   23.15200  
C    21.96500   15.29100   24.07500  
H    21.12600   15.97200   23.91200  
H    21.62000   14.32800   23.69200  
H    22.16700   15.13100   25.13700  
O    24.42000   14.84100   23.52700  
$end

$rem
JOBTYPE  SP
METHOD  B3LYP
BASIS  6-31+G(D)
SYMMETRY  FALSE
SYM_IGNORE  TRUE
MEM_TOTAL  12000
MEM_STATIC  4000
BASIS_LIN_DEP_THRESH  6
THRESH  14
SCF_CONVERGENCE  8
FD_MAT_VEC_PROD  FALSE
XC_GRID  000075000302
NL_GRID  1
MAX_SCF_CYCLES  200
SCF_GUESS  READ_DEN
ALMO_EFIELD  TRUE
GEN_SCFMAN  FALSE
SKIP_SCFMAN  TRUE
ESP_GRID  0
ESP_EFIELD  1
$end
