$molecule
0 1
--
0 1
C    27.88800   27.33300   25.76800  
C    27.71500   27.79100   27.22600  
C    26.23400   27.77800   27.63900  
C    25.57500   26.43200   27.29800  
C    25.82000   25.90600   25.87400  
C    27.30200   25.94400   25.46700  
H    26.06400   28.10400   28.67200  
H    28.18500   27.06500   27.90000  
H    27.29800   28.07300   25.21500  
H    28.93500   27.32200   25.43900  
H    25.85300   25.65900   28.02500  
H    24.48900   26.55100   27.39100  
H    25.32200   24.94200   25.71300  
H    25.36900   26.66500   25.22200  
H    27.86000   25.22700   26.08100  
H    27.35600   25.73400   24.39100  
H    25.71100   28.54600   27.05700  
N    28.31500   29.09700   27.49600  
H    28.30300   29.79900   26.76600  
C    28.99800   29.23700   28.68500  
H    29.65100   30.12400   28.59400  
O    29.10400   28.41600   29.57800  
--
0 1
C    24.06400   30.32300   25.11600  
H    24.74900   31.17400   25.17500  
H    23.36800   30.31000   25.95800  
H    24.62400   29.38600   25.07000  
S    23.18700   30.46900   23.54300  
C    21.81200   31.47900   24.13900  
H    21.02300   31.39500   23.38600  
H    21.47100   31.16800   25.12900  
H    22.21200   32.49600   24.15600  
O    22.40200   29.21800   23.29400  
C    23.73000   27.08300   30.49100  
H    23.88300   26.60200   29.52200  
H    23.12200   27.98100   30.35200  
H    24.73600   27.27400   30.87200  
S    22.95700   25.93500   31.65300  
C    21.34600   25.64100   30.88900  
H    20.92300   26.58500   30.53400  
H    21.42600   24.86500   30.12400  
H    20.53600   25.33300   31.55500  
O    22.65900   26.82700   32.81700  
C    28.52000   31.22900   32.02600  
H    29.37300   30.71600   32.47700  
H    28.40300   30.97200   30.97000  
H    28.59900   32.31900   32.01200  
S    27.11800   30.71400   33.04300  
C    27.30400   28.93400   32.79600  
H    27.41800   28.72000   31.73000  
H    28.29100   28.75800   33.23100  
H    26.54600   28.36500   33.34000  
O    25.88900   30.99200   32.23600  
C    32.09100   28.83000   30.66700  
H    31.89900   27.85800   31.12900  
H    31.53700   29.58900   31.22600  
H    31.77000   28.72300   29.62800  
S    33.87100   29.14300   30.70600  
C    34.03600   29.29600   32.49900  
H    33.25200   30.01600   32.74400  
H    33.75900   28.34400   32.96100  
H    35.08000   29.55300   32.69700  
O    33.96000   30.52000   30.12400  
C    33.76600   25.87400   34.42900  
H    34.13000   26.04700   33.41300  
H    34.14400   26.65000   35.09900  
H    34.16600   24.88900   34.68500  
S    31.95900   25.85700   34.42700  
C    31.92700   25.03600   32.81800  
H    32.22300   25.73400   32.03100  
H    32.57100   24.15700   32.72300  
H    30.87700   24.74800   32.73100  
O    31.57900   27.24800   34.02600  
C    30.27900   20.41600   27.59300  
H    29.33900   19.86800   27.48600  
H    30.34500   21.46100   27.28000  
H    31.21300   19.93900   27.28300  
S    30.54100   20.60000   29.37100  
C    29.12600   21.69300   29.63300  
H    28.25500   21.03300   29.62100  
H    29.28900   22.09300   30.63700  
H    29.01100   22.52200   28.92900  
O    31.72700   21.50900   29.46000  
C    30.66700   34.25800   27.84500  
H    29.72700   34.44600   27.32100  
H    31.29200   35.09700   28.16100  
H    31.30600   33.56000   27.29700  
S    30.21500   33.54700   29.44300  
C    31.66500   32.51000   29.74000  
H    32.56500   33.10900   29.90200  
H    31.50400   31.94700   30.66300  
H    31.76500   31.77500   28.93700  
O    29.15200   32.54800   29.10600  
C    25.12600   25.05200   17.99000  
H    24.53000   24.21300   17.62300  
H    24.59300   26.00500   18.02100  
H    26.03200   25.13700   17.38400  
S    25.69200   24.66200   19.66100  
C    26.74100   26.10700   19.94100  
H    26.65600   26.35500   21.00200  
H    27.77000   25.87700   19.65500  
H    26.38200   26.92300   19.30800  
O    26.73500   23.63800   19.33500  
C    25.77700   23.72100   32.84300  
H    25.75400   22.91000   33.57500  
H    25.01500   24.48700   33.00500  
H    25.52600   23.30300   31.86500  
S    27.38000   24.55500   32.80600  
C    27.06700   25.54900   31.33000  
H    27.90400   26.13700   30.94400  
H    26.90100   24.81800   30.53400  
H    26.19200   26.19600   31.43200  
O    28.36500   23.50300   32.40100  
C    20.26900   22.07000   26.26500  
H    20.77700   21.11000   26.39000  
H    20.43200   22.78000   27.07900  
H    19.20200   21.87600   26.13100  
S    20.95400   22.72000   24.72400  
C    22.57300   23.09300   25.43500  
H    23.17000   23.59000   24.66600  
H    22.40200   23.83100   26.22400  
H    23.07600   22.20900   25.83400  
O    20.26600   24.04400   24.60100  
C    34.31800   23.60600   29.09000  
H    33.37900   23.68300   29.64500  
H    34.06700   23.00300   28.21400  
H    35.14700   23.22900   29.69500  
S    34.71700   25.29700   28.59300  
C    36.39900   24.98800   28.01000  
H    36.80700   26.00100   27.98400  
H    36.89200   24.39000   28.78100  
H    36.40300   24.47200   27.04600  
O    34.81700   25.90600   29.95700  
C    30.02100   26.48100   21.98700  
H    29.08900   26.73400   22.49900  
H    30.18000   27.05800   21.07300  
H    30.05400   25.44400   21.64100  
S    31.51500   26.73900   22.97000  
C    31.46400   28.54100   23.08500  
H    30.74600   28.74200   23.88400  
H    32.43600   28.94600   23.38000  
H    31.21500   29.09600   22.17600  
O    32.54000   26.40500   21.93100  
C    31.27500   32.32900   24.83300  
H    31.40400   31.69700   23.95000  
H    30.50400   33.08800   24.68000  
H    32.25200   32.71000   25.14300  
S    30.44400   31.22100   25.99300  
C    31.79400   30.02000   25.99800  
H    32.52400   30.19600   25.20400  
H    32.30200   30.04300   26.96500  
H    31.33500   29.05500   25.76500  
O    29.28000   30.62900   25.26000  
C    36.09600   25.81000   24.65100  
H    36.18800   26.16000   25.68200  
H    35.88500   24.73700   24.62400  
H    36.93200   25.98600   23.96900  
S    34.61000   26.67800   24.10200  
C    35.44800   28.17300   23.53000  
H    34.75900   29.01600   23.63000  
H    36.33200   28.35500   24.14800  
H    35.91600   28.00700   22.55700  
O    33.87000   26.99000   25.36600  
C    27.40200   29.44700   20.42100  
H    26.87700   28.97700   19.58500  
H    27.59900   30.47600   20.11000  
H    28.40700   29.03400   20.54000  
S    26.44800   29.45400   21.95600  
C    27.70300   30.44500   22.79700  
H    28.57700   29.82900   23.02100  
H    28.02000   31.41100   22.39400  
H    27.35700   30.74900   23.78900  
O    26.54400   28.09600   22.57800  
C    26.47100   33.72100   24.00800  
H    25.67000   33.01500   24.24100  
H    25.89400   34.64500   23.92800  
H    26.99200   33.47100   23.08000  
S    27.46400   33.87900   25.51000  
C    26.21800   34.71000   26.52100  
H    26.41400   34.54000   27.58200  
H    26.09500   35.75900   26.23600  
H    25.27200   34.23400   26.25300  
O    28.32100   35.02400   25.06800  
C    26.18200   31.59100   28.82100  
H    26.12300   30.71700   28.16700  
H    26.75900   32.45100   28.47200  
H    26.49900   31.25100   29.81000  
S    24.52200   32.23300   29.13300  
C    23.65700   30.74100   29.67300  
H    23.79400   29.91700   28.96900  
H    23.80800   30.45300   30.71600  
H    22.60700   31.03600   29.60000  
O    23.98100   32.42500   27.75000  
C    19.76500   28.54700   26.27800  
H    19.44300   27.80400   25.54400  
H    19.38000   28.25400   27.25800  
H    19.67900   29.60300   26.00800  
S    21.48700   28.00500   26.36300  
C    21.19000   26.34600   27.01300  
H    20.81100   25.82400   26.13100  
H    22.20000   26.07900   27.33400  
H    20.52400   26.46400   27.87200  
O    21.89200   28.82900   27.54600  
C    24.74900   21.09900   22.04600  
H    25.57500   20.94700   21.34700  
H    23.81000   20.99900   21.49500  
H    24.82200   22.03100   22.61200  
S    24.95700   19.60700   23.04400  
C    23.25000   19.41300   23.60400  
H    23.00300   20.35200   24.10600  
H    22.66500   19.28300   22.69100  
H    23.34200   18.54600   24.26400  
O    25.71300   20.29600   24.13700  
C    25.86600   22.51900   27.49400  
H    25.18800   23.19400   26.96700  
H    26.80800   23.01300   27.74600  
H    25.90600   21.52700   27.03700  
S    25.03000   22.44100   29.09400  
C    23.70600   21.34800   28.53000  
H    23.23700   22.01600   27.80400  
H    24.15000   20.39200   28.24100  
H    23.03500   21.13400   29.36600  
O    24.22300   23.69800   29.19600  
C    23.36700   27.60100   20.25900  
H    23.23700   28.54300   20.79700  
H    24.38900   27.24300   20.41100  
H    23.21800   27.78600   19.19200  
S    22.21000   26.42600   20.99700  
C    23.29400   26.07500   22.40000  
H    22.92800   25.22200   22.97700  
H    24.31900   25.83600   22.10700  
H    23.30600   26.90800   23.10800  
O    22.36800   25.27800   20.04900  
C    28.18500   22.05700   25.11800  
H    27.13600   22.35700   25.17400  
H    28.41200   21.01400   24.88300  
H    28.73100   22.17500   26.05700  
S    29.01900   23.12900   23.92600  
C    27.70200   23.08700   22.69000  
H    27.95200   23.62800   21.77400  
H    27.48800   22.04800   22.42300  
H    26.78000   23.52600   23.07900  
O    30.09500   22.28700   23.31400  
C    33.23200   33.62600   34.03200  
H    32.88800   33.55300   35.06700  
H    33.56300   32.62500   33.74300  
H    34.05800   34.33200   33.91400  
S    31.87000   34.11600   32.95000  
C    31.65000   35.70100   33.78900  
H    32.46100   36.33500   33.42300  
H    30.68500   36.16500   33.56700  
H    31.70000   35.58200   34.87400  
O    30.71900   33.26800   33.39400  
C    30.15800   25.30100   29.37900  
H    30.04200   24.49100   30.10400  
H    30.68300   26.11600   29.88400  
H    29.17000   25.57700   29.00100  
S    31.11100   24.73100   27.95400  
C    31.46600   26.35200   27.24000  
H    30.58500   26.99600   27.30100  
H    32.34100   26.80200   27.71700  
H    31.71900   26.23900   26.18200  
O    29.94500   24.27500   27.13200  
$end

$rem
JOBTYPE  SP
METHOD  B3LYP
BASIS  6-31+G(D)
SYMMETRY  FALSE
SYM_IGNORE  TRUE
MEM_TOTAL  16000
MEM_STATIC  8000
MAX_SUB_FILE_NUM  16000
BASIS_LIN_DEP_THRESH  6
THRESH  14
SCF_CONVERGENCE  8
GEN_SCFMAN  TRUE
SCF_GUESS  FRAGMO
FD_MAT_VEC_PROD  FALSE
XC_GRID  000075000302
NL_GRID  1
MAX_SCF_CYCLES  200
FRGM_METHOD  STOLL
SCFMI_MODE  1
$end

$development
almo_efield  1
$end

$rem_frgm
SCF_CONVERGENCE  4
$end

@@@

$molecule
0 1
@C    27.88800   27.33300   25.76800  
@C    27.71500   27.79100   27.22600  
@C    26.23400   27.77800   27.63900  
@C    25.57500   26.43200   27.29800  
@C    25.82000   25.90600   25.87400  
@C    27.30200   25.94400   25.46700  
@H    26.06400   28.10400   28.67200  
@H    28.18500   27.06500   27.90000  
@H    27.29800   28.07300   25.21500  
@H    28.93500   27.32200   25.43900  
@H    25.85300   25.65900   28.02500  
@H    24.48900   26.55100   27.39100  
@H    25.32200   24.94200   25.71300  
@H    25.36900   26.66500   25.22200  
@H    27.86000   25.22700   26.08100  
@H    27.35600   25.73400   24.39100  
@H    25.71100   28.54600   27.05700  
@N    28.31500   29.09700   27.49600  
@H    28.30300   29.79900   26.76600  
@C    28.99800   29.23700   28.68500  
@H    29.65100   30.12400   28.59400  
@O    29.10400   28.41600   29.57800  
C    24.06400   30.32300   25.11600  
H    24.74900   31.17400   25.17500  
H    23.36800   30.31000   25.95800  
H    24.62400   29.38600   25.07000  
S    23.18700   30.46900   23.54300  
C    21.81200   31.47900   24.13900  
H    21.02300   31.39500   23.38600  
H    21.47100   31.16800   25.12900  
H    22.21200   32.49600   24.15600  
O    22.40200   29.21800   23.29400  
C    23.73000   27.08300   30.49100  
H    23.88300   26.60200   29.52200  
H    23.12200   27.98100   30.35200  
H    24.73600   27.27400   30.87200  
S    22.95700   25.93500   31.65300  
C    21.34600   25.64100   30.88900  
H    20.92300   26.58500   30.53400  
H    21.42600   24.86500   30.12400  
H    20.53600   25.33300   31.55500  
O    22.65900   26.82700   32.81700  
C    28.52000   31.22900   32.02600  
H    29.37300   30.71600   32.47700  
H    28.40300   30.97200   30.97000  
H    28.59900   32.31900   32.01200  
S    27.11800   30.71400   33.04300  
C    27.30400   28.93400   32.79600  
H    27.41800   28.72000   31.73000  
H    28.29100   28.75800   33.23100  
H    26.54600   28.36500   33.34000  
O    25.88900   30.99200   32.23600  
C    32.09100   28.83000   30.66700  
H    31.89900   27.85800   31.12900  
H    31.53700   29.58900   31.22600  
H    31.77000   28.72300   29.62800  
S    33.87100   29.14300   30.70600  
C    34.03600   29.29600   32.49900  
H    33.25200   30.01600   32.74400  
H    33.75900   28.34400   32.96100  
H    35.08000   29.55300   32.69700  
O    33.96000   30.52000   30.12400  
C    33.76600   25.87400   34.42900  
H    34.13000   26.04700   33.41300  
H    34.14400   26.65000   35.09900  
H    34.16600   24.88900   34.68500  
S    31.95900   25.85700   34.42700  
C    31.92700   25.03600   32.81800  
H    32.22300   25.73400   32.03100  
H    32.57100   24.15700   32.72300  
H    30.87700   24.74800   32.73100  
O    31.57900   27.24800   34.02600  
C    30.27900   20.41600   27.59300  
H    29.33900   19.86800   27.48600  
H    30.34500   21.46100   27.28000  
H    31.21300   19.93900   27.28300  
S    30.54100   20.60000   29.37100  
C    29.12600   21.69300   29.63300  
H    28.25500   21.03300   29.62100  
H    29.28900   22.09300   30.63700  
H    29.01100   22.52200   28.92900  
O    31.72700   21.50900   29.46000  
C    30.66700   34.25800   27.84500  
H    29.72700   34.44600   27.32100  
H    31.29200   35.09700   28.16100  
H    31.30600   33.56000   27.29700  
S    30.21500   33.54700   29.44300  
C    31.66500   32.51000   29.74000  
H    32.56500   33.10900   29.90200  
H    31.50400   31.94700   30.66300  
H    31.76500   31.77500   28.93700  
O    29.15200   32.54800   29.10600  
C    25.12600   25.05200   17.99000  
H    24.53000   24.21300   17.62300  
H    24.59300   26.00500   18.02100  
H    26.03200   25.13700   17.38400  
S    25.69200   24.66200   19.66100  
C    26.74100   26.10700   19.94100  
H    26.65600   26.35500   21.00200  
H    27.77000   25.87700   19.65500  
H    26.38200   26.92300   19.30800  
O    26.73500   23.63800   19.33500  
C    25.77700   23.72100   32.84300  
H    25.75400   22.91000   33.57500  
H    25.01500   24.48700   33.00500  
H    25.52600   23.30300   31.86500  
S    27.38000   24.55500   32.80600  
C    27.06700   25.54900   31.33000  
H    27.90400   26.13700   30.94400  
H    26.90100   24.81800   30.53400  
H    26.19200   26.19600   31.43200  
O    28.36500   23.50300   32.40100  
C    20.26900   22.07000   26.26500  
H    20.77700   21.11000   26.39000  
H    20.43200   22.78000   27.07900  
H    19.20200   21.87600   26.13100  
S    20.95400   22.72000   24.72400  
C    22.57300   23.09300   25.43500  
H    23.17000   23.59000   24.66600  
H    22.40200   23.83100   26.22400  
H    23.07600   22.20900   25.83400  
O    20.26600   24.04400   24.60100  
C    34.31800   23.60600   29.09000  
H    33.37900   23.68300   29.64500  
H    34.06700   23.00300   28.21400  
H    35.14700   23.22900   29.69500  
S    34.71700   25.29700   28.59300  
C    36.39900   24.98800   28.01000  
H    36.80700   26.00100   27.98400  
H    36.89200   24.39000   28.78100  
H    36.40300   24.47200   27.04600  
O    34.81700   25.90600   29.95700  
C    30.02100   26.48100   21.98700  
H    29.08900   26.73400   22.49900  
H    30.18000   27.05800   21.07300  
H    30.05400   25.44400   21.64100  
S    31.51500   26.73900   22.97000  
C    31.46400   28.54100   23.08500  
H    30.74600   28.74200   23.88400  
H    32.43600   28.94600   23.38000  
H    31.21500   29.09600   22.17600  
O    32.54000   26.40500   21.93100  
C    31.27500   32.32900   24.83300  
H    31.40400   31.69700   23.95000  
H    30.50400   33.08800   24.68000  
H    32.25200   32.71000   25.14300  
S    30.44400   31.22100   25.99300  
C    31.79400   30.02000   25.99800  
H    32.52400   30.19600   25.20400  
H    32.30200   30.04300   26.96500  
H    31.33500   29.05500   25.76500  
O    29.28000   30.62900   25.26000  
C    36.09600   25.81000   24.65100  
H    36.18800   26.16000   25.68200  
H    35.88500   24.73700   24.62400  
H    36.93200   25.98600   23.96900  
S    34.61000   26.67800   24.10200  
C    35.44800   28.17300   23.53000  
H    34.75900   29.01600   23.63000  
H    36.33200   28.35500   24.14800  
H    35.91600   28.00700   22.55700  
O    33.87000   26.99000   25.36600  
C    27.40200   29.44700   20.42100  
H    26.87700   28.97700   19.58500  
H    27.59900   30.47600   20.11000  
H    28.40700   29.03400   20.54000  
S    26.44800   29.45400   21.95600  
C    27.70300   30.44500   22.79700  
H    28.57700   29.82900   23.02100  
H    28.02000   31.41100   22.39400  
H    27.35700   30.74900   23.78900  
O    26.54400   28.09600   22.57800  
C    26.47100   33.72100   24.00800  
H    25.67000   33.01500   24.24100  
H    25.89400   34.64500   23.92800  
H    26.99200   33.47100   23.08000  
S    27.46400   33.87900   25.51000  
C    26.21800   34.71000   26.52100  
H    26.41400   34.54000   27.58200  
H    26.09500   35.75900   26.23600  
H    25.27200   34.23400   26.25300  
O    28.32100   35.02400   25.06800  
C    26.18200   31.59100   28.82100  
H    26.12300   30.71700   28.16700  
H    26.75900   32.45100   28.47200  
H    26.49900   31.25100   29.81000  
S    24.52200   32.23300   29.13300  
C    23.65700   30.74100   29.67300  
H    23.79400   29.91700   28.96900  
H    23.80800   30.45300   30.71600  
H    22.60700   31.03600   29.60000  
O    23.98100   32.42500   27.75000  
C    19.76500   28.54700   26.27800  
H    19.44300   27.80400   25.54400  
H    19.38000   28.25400   27.25800  
H    19.67900   29.60300   26.00800  
S    21.48700   28.00500   26.36300  
C    21.19000   26.34600   27.01300  
H    20.81100   25.82400   26.13100  
H    22.20000   26.07900   27.33400  
H    20.52400   26.46400   27.87200  
O    21.89200   28.82900   27.54600  
C    24.74900   21.09900   22.04600  
H    25.57500   20.94700   21.34700  
H    23.81000   20.99900   21.49500  
H    24.82200   22.03100   22.61200  
S    24.95700   19.60700   23.04400  
C    23.25000   19.41300   23.60400  
H    23.00300   20.35200   24.10600  
H    22.66500   19.28300   22.69100  
H    23.34200   18.54600   24.26400  
O    25.71300   20.29600   24.13700  
C    25.86600   22.51900   27.49400  
H    25.18800   23.19400   26.96700  
H    26.80800   23.01300   27.74600  
H    25.90600   21.52700   27.03700  
S    25.03000   22.44100   29.09400  
C    23.70600   21.34800   28.53000  
H    23.23700   22.01600   27.80400  
H    24.15000   20.39200   28.24100  
H    23.03500   21.13400   29.36600  
O    24.22300   23.69800   29.19600  
C    23.36700   27.60100   20.25900  
H    23.23700   28.54300   20.79700  
H    24.38900   27.24300   20.41100  
H    23.21800   27.78600   19.19200  
S    22.21000   26.42600   20.99700  
C    23.29400   26.07500   22.40000  
H    22.92800   25.22200   22.97700  
H    24.31900   25.83600   22.10700  
H    23.30600   26.90800   23.10800  
O    22.36800   25.27800   20.04900  
C    28.18500   22.05700   25.11800  
H    27.13600   22.35700   25.17400  
H    28.41200   21.01400   24.88300  
H    28.73100   22.17500   26.05700  
S    29.01900   23.12900   23.92600  
C    27.70200   23.08700   22.69000  
H    27.95200   23.62800   21.77400  
H    27.48800   22.04800   22.42300  
H    26.78000   23.52600   23.07900  
O    30.09500   22.28700   23.31400  
C    33.23200   33.62600   34.03200  
H    32.88800   33.55300   35.06700  
H    33.56300   32.62500   33.74300  
H    34.05800   34.33200   33.91400  
S    31.87000   34.11600   32.95000  
C    31.65000   35.70100   33.78900  
H    32.46100   36.33500   33.42300  
H    30.68500   36.16500   33.56700  
H    31.70000   35.58200   34.87400  
O    30.71900   33.26800   33.39400  
C    30.15800   25.30100   29.37900  
H    30.04200   24.49100   30.10400  
H    30.68300   26.11600   29.88400  
H    29.17000   25.57700   29.00100  
S    31.11100   24.73100   27.95400  
C    31.46600   26.35200   27.24000  
H    30.58500   26.99600   27.30100  
H    32.34100   26.80200   27.71700  
H    31.71900   26.23900   26.18200  
O    29.94500   24.27500   27.13200  
$end

$rem
JOBTYPE  SP
METHOD  B3LYP
BASIS  6-31+G(D)
SYMMETRY  FALSE
SYM_IGNORE  TRUE
MEM_TOTAL  16000
MEM_STATIC  8000
MAX_SUB_FILE_NUM  16000
BASIS_LIN_DEP_THRESH  6
THRESH  14
SCF_CONVERGENCE  8
GEN_SCFMAN  FALSE
SCF_GUESS  READ_DEN
FD_MAT_VEC_PROD  FALSE
XC_GRID  000075000302
NL_GRID  1
MAX_SCF_CYCLES  200
SKIP_SCFMAN  TRUE
ESP_GRID  0
ESP_EFIELD  1
$end

$development
almo_efield  1
$end

