$molecule
0 1
--
0 1
C    19.22700   21.57100   27.77300  
C    19.49100   20.21700   28.45300  
C    19.71900   19.00400   27.53700  
C    20.69600   19.37900   26.40900  
C    20.44600   20.74100   25.74300  
C    20.38200   21.85700   26.79900  
H    19.91800   18.03800   28.01600  
H    20.34200   20.33200   29.13700  
H    18.22400   21.72500   27.35700  
H    19.22100   22.28900   28.60200  
H    21.72000   19.36400   26.80300  
H    20.75000   18.56000   25.68100  
H    21.15100   21.06500   24.96800  
H    19.49600   20.71400   25.19500  
H    21.37300   21.94800   27.25900  
H    20.15300   22.78900   26.26800  
H    18.81200   18.76100   26.97000  
N    18.33900   19.98400   29.32100  
H    17.45500   20.35800   28.99800  
C    18.40300   19.52400   30.62000  
H    17.48600   19.59300   31.23300  
O    19.41500   18.98300   31.02900  
--
0 1
C    24.78400   25.70100   25.70600  
H    24.62300   26.12700   24.71200  
H    25.33500   26.48900   26.22600  
H    25.30700   24.75500   25.54400  
S    23.21500   25.33000   26.52300  
C    23.93300   24.40700   27.90000  
H    24.70500   23.72900   27.52500  
H    24.40500   25.11300   28.58900  
H    23.05800   24.05200   28.45000  
O    22.67700   24.28100   25.60100  
C    18.50000   26.32200   22.93500  
H    18.78800   27.03500   23.71100  
H    19.09400   26.35900   22.01900  
H    17.51400   26.69400   22.64300  
S    18.33500   24.58600   23.40900  
C    20.09200   24.20600   23.58600  
H    20.60600   24.61000   22.71000  
H    20.44500   24.63600   24.52700  
H    20.08000   23.11400   23.63800  
O    17.79500   23.87600   22.20700  
C    16.42800   20.89400   19.89200  
H    15.52600   21.20600   19.35800  
H    16.37300   20.78100   20.97800  
H    17.36900   21.40200   19.66900  
S    16.71400   19.17400   19.41700  
C    16.85700   19.30800   17.62100  
H    17.86100   19.55400   17.26500  
H    16.68900   18.30900   17.21200  
H    16.20800   20.14200   17.34200  
O    15.31900   18.64500   19.54100  
C    24.51200   16.06700   28.84200  
H    24.30500   15.40400   29.68500  
H    24.67200   15.47700   27.93600  
H    25.44100   16.59800   29.06800  
S    23.03500   17.08500   28.62200  
C    22.72400   17.77900   30.26100  
H    23.54200   18.38700   30.65500  
H    21.76300   18.28900   30.15500  
H    22.59700   16.97800   30.99300  
O    21.93000   16.07500   28.65300  
C    22.72100   14.20100   31.63300  
H    22.90700   15.27800   31.62800  
H    22.88700   13.78400   32.63000  
H    23.48800   13.72400   31.01800  
S    20.99800   13.85700   31.21100  
C    20.21200   15.20800   32.11800  
H    20.61700   16.08300   31.60300  
H    19.13400   15.06300   32.01600  
H    20.46600   15.15800   33.18000  
O    20.71700   12.64900   32.04900  
C    26.65800   19.27000   27.01100  
H    26.37200   18.55300   27.78500  
H    27.30200   20.06900   27.38900  
H    25.71800   19.66800   26.62000  
S    27.31000   18.21900   25.69400  
C    28.77600   17.79100   26.66000  
H    29.51700   17.28100   26.03900  
H    29.17800   18.77200   26.92500  
H    28.38000   17.21200   27.49800  
O    27.75400   19.27400   24.72900  
C    19.23500   20.32700   36.01800  
H    19.67100   21.05500   35.32800  
H    19.07000   20.70200   37.03100  
H    19.90600   19.47500   36.15000  
S    17.70000   19.72300   35.28100  
C    18.56900   18.56500   34.19900  
H    19.05900   19.17300   33.43400  
H    19.29300   18.01200   34.80200  
H    17.80800   17.91700   33.75900  
O    17.34200   20.78400   34.28700  
C    14.44300   19.04900   30.76300  
H    15.07400   19.76800   31.29100  
H    13.57300   18.75600   31.35700  
H    15.09400   18.17100   30.73400  
S    14.00800   19.78200   29.17000  
C    13.90100   18.21300   28.28000  
H    13.83000   18.60900   27.26400  
H    14.81400   17.61200   28.26900  
H    13.09900   17.62200   28.73000  
O    15.24600   20.50000   28.73300  
C    20.91200   14.75300   25.26500  
H    21.25800   14.03100   26.00900  
H    21.38700   15.71600   25.47000  
H    19.84500   14.96600   25.37000  
S    21.36100   14.16900   23.61400  
C    23.12000   14.01400   23.99700  
H    23.63300   13.69000   23.08800  
H    23.37600   15.05700   24.20300  
H    23.27600   13.32900   24.83400  
O    21.30500   15.37000   22.72300  
C    25.73500   22.32200   30.17500  
H    26.52000   22.59100   30.88700  
H    26.11400   22.47800   29.16100  
H    24.94300   23.06700   30.28500  
S    25.17600   20.61400   30.35800  
C    23.98200   20.84400   29.02200  
H    24.46100   21.19800   28.10600  
H    23.44100   19.91200   28.83900  
H    23.32000   21.68700   29.23700  
O    24.45900   20.58800   31.67200  
C    20.63300   21.85400   32.05600  
H    19.62000   21.80300   31.65000  
H    21.31900   21.15800   31.56700  
H    20.74200   21.69500   33.13200  
S    21.45000   23.37700   31.52600  
C    20.03200   24.36700   32.04700  
H    20.43600   25.36400   32.24100  
H    19.23000   24.37100   31.30400  
H    19.68200   24.03800   33.02800  
O    21.51000   23.34200   30.03000  
C    19.73800   25.32200   28.32200  
H    19.27200   24.48700   28.85200  
H    19.37000   25.17000   27.30400  
H    20.81200   25.15800   28.43900  
S    19.18200   26.90900   28.98500  
C    17.47700   26.51800   28.53200  
H    17.39600   26.13200   27.51300  
H    17.02100   25.68900   29.07900  
H    16.81300   27.37500   28.67100  
O    19.61000   27.99900   28.05200  
C    13.91700   13.55200   32.57000  
H    14.92700   13.35700   32.20100  
H    13.94500   13.55800   33.66200  
H    13.31000   12.72300   32.19700  
S    13.36600   15.15200   31.93800  
C    13.50300   14.73000   30.18600  
H    14.45200   14.25800   29.91900  
H    12.72500   13.99700   29.95500  
H    13.44700   15.62100   29.55600  
O    14.42400   16.18100   32.19300  
C    16.39700   13.86600   36.02900  
H    17.18200   13.21700   36.42600  
H    16.39100   14.70600   36.72900  
H    15.42500   13.37800   35.92500  
S    16.87400   14.67200   34.48400  
C    17.60700   13.18700   33.76000  
H    18.27900   12.64400   34.43000  
H    16.88900   12.44700   33.39700  
H    18.15800   13.58800   32.90500  
O    18.03700   15.54900   34.83000  
C    12.15600   21.84300   24.52800  
H    13.22700   21.68400   24.37500  
H    11.62900   21.84800   23.57100  
H    11.99900   22.80300   25.02600  
S    11.59600   20.62900   25.74400  
C    9.85400    21.04900   25.51400  
H    9.74100    22.13600   25.50700  
H    9.45400    20.51400   24.64900  
H    9.42100    20.51500   26.36400  
O    11.87800   21.27900   27.06300  
C    13.80800   21.35000   35.48800  
H    13.73400   22.43600   35.38300  
H    14.09700   20.96800   36.47100  
H    14.50800   21.01000   34.72100  
S    12.22800   20.88400   34.74600  
C    11.22100   21.79400   35.93900  
H    11.69900   21.79900   36.92200  
H    11.19100   22.83200   35.59800  
H    10.27100   21.26600   36.05200  
O    11.98600   19.43000   35.00700  
C    22.41600   18.73500   33.93300  
H    21.72700   18.61900   33.09200  
H    21.89600   19.22900   34.75700  
H    23.24600   19.38000   33.63300  
S    22.85900   17.07200   34.48500  
C    23.99200   17.54600   35.81000  
H    24.68600   18.22600   35.31000  
H    23.47200   18.07900   36.61000  
H    24.51400   16.69900   36.26200  
O    23.72000   16.51000   33.39700  
C    18.23200   15.80400   22.67400  
H    19.11300   15.95500   22.04400  
H    17.99200   16.66500   23.30400  
H    18.46200   14.93800   23.29900  
S    16.80200   15.27400   21.70500  
C    15.87200   14.90600   23.21100  
H    15.19000   14.07400   23.02100  
H    16.56500   14.62000   24.00600  
H    15.43500   15.86000   23.51800  
O    17.17400   13.95800   21.09800  
C    23.88500   28.16600   22.28900  
H    23.81700   28.51900   23.32100  
H    24.94400   27.90100   22.23500  
H    23.56900   28.92200   21.56600  
S    22.92000   26.64100   22.19600  
C    23.33300   26.23800   20.48400  
H    22.65300   25.42200   20.22600  
H    23.16000   27.12800   19.87200  
H    24.39000   25.96400   20.53800  
O    21.48600   27.06800   22.25100  
C    25.46300   17.78200   19.80600  
H    26.03700   16.86100   19.93200  
H    24.51200   17.72100   19.27000  
H    26.21900   18.51500   19.51300  
S    25.09100   18.29600   21.49700  
C    24.11700   16.85600   21.99200  
H    23.61900   17.18900   22.90600  
H    23.35900   16.81400   21.20600  
H    24.67200   15.91700   22.05700  
O    24.10200   19.40300   21.30300  
C    20.90000   18.75100   22.70600  
H    20.60300   17.93300   23.36700  
H    21.62500   18.43700   21.95200  
H    21.23700   19.60100   23.30600  
S    19.35400   19.21400   21.89200  
C    20.00100   20.79600   21.30600  
H    19.16000   21.43000   21.01300  
H    20.45900   21.27500   22.17500  
H    20.73300   20.71800   20.49800  
O    18.29800   19.44500   22.92800  
C    22.91700   22.83900   22.04900  
H    22.73500   23.38400   22.97900  
H    22.39300   23.32000   21.21900  
H    22.43500   21.85800   22.05900  
S    24.69700   22.64400   21.80700  
C    24.96600   22.00700   23.47700  
H    24.67100   22.72900   24.24300  
H    24.34800   21.11900   23.62900  
H    26.03500   21.85100   23.63900  
O    25.16700   24.06300   21.89400  
C    14.41700   23.29400   27.23100  
H    13.61500   23.25000   26.49000  
H    15.05700   22.41400   27.33700  
H    13.88400   23.49900   28.16300  
S    15.61600   24.56200   26.76400  
C    14.42300   25.90800   26.94000  
H    13.45900   25.59600   26.53000  
H    14.19600   26.19300   27.97100  
H    14.87700   26.72500   26.37500  
O    15.72000   24.40200   25.27900  
C    17.52600   13.55700   28.90800  
H    17.65500   12.56000   28.48000  
H    17.88600   13.62200   29.93800  
H    16.43800   13.64600   28.87400  
S    18.32600   14.74600   27.80600  
C    17.87800   16.26400   28.67700  
H    16.92400   16.14800   29.19700  
H    18.66800   16.36700   29.42500  
H    17.76700   17.11600   28.00100  
O    17.32000   14.74500   26.69800  
C    16.75600   22.47200   31.24900  
H    17.67500   22.66500   30.68900  
H    16.81100   21.64300   31.95900  
H    15.92100   22.44700   30.54500  
S    16.51400   24.06500   32.06600  
C    15.29400   23.29900   33.15700  
H    14.40700   22.83600   32.71900  
H    15.80400   22.69600   33.91300  
H    14.85600   24.10900   33.74700  
O    15.69700   24.93700   31.16500  
C    29.56800   23.63800   26.35700  
H    29.42500   24.63600   26.77800  
H    30.06500   23.02000   27.10900  
H    30.12000   23.75600   25.42100  
S    28.04400   22.81100   25.84800  
C    27.76600   24.07000   24.58200  
H    26.82900   23.77300   24.10400  
H    27.79400   25.04200   25.08000  
H    28.52600   24.00400   23.80000  
O    27.19700   22.94000   27.07600  
C    15.21700   19.71900   23.17200  
H    14.35000   20.22100   22.73400  
H    16.03100   20.44500   23.23800  
H    15.54900   18.80800   22.66700  
S    14.76700   19.23400   24.85300  
C    16.38800   18.61700   25.36100  
H    17.17300   19.37300   25.44600  
H    16.30600   18.00200   26.26100  
H    16.69500   18.05200   24.47700  
O    13.93400   18.00700   24.64800  
$end

$rem
JOBTYPE  SP
METHOD  B3LYP
BASIS  6-31+G(D)
SYMMETRY  FALSE
SYM_IGNORE  TRUE
MEM_TOTAL  12000
MEM_STATIC  4000
BASIS_LIN_DEP_THRESH  6
THRESH  14
SCF_CONVERGENCE  8
FD_MAT_VEC_PROD  FALSE
XC_GRID  000075000302
NL_GRID  1
MAX_SCF_CYCLES  200
FRGM_METHOD  STOLL
SCFMI_MODE  1
ALMO_EFIELD  TRUE
$end

$rem_frgm
SCF_CONVERGENCE  4
$end


@@@

$molecule
0 1
@C    19.22700   21.57100   27.77300  
@C    19.49100   20.21700   28.45300  
@C    19.71900   19.00400   27.53700  
@C    20.69600   19.37900   26.40900  
@C    20.44600   20.74100   25.74300  
@C    20.38200   21.85700   26.79900  
@H    19.91800   18.03800   28.01600  
@H    20.34200   20.33200   29.13700  
@H    18.22400   21.72500   27.35700  
@H    19.22100   22.28900   28.60200  
@H    21.72000   19.36400   26.80300  
@H    20.75000   18.56000   25.68100  
@H    21.15100   21.06500   24.96800  
@H    19.49600   20.71400   25.19500  
@H    21.37300   21.94800   27.25900  
@H    20.15300   22.78900   26.26800  
@H    18.81200   18.76100   26.97000  
@N    18.33900   19.98400   29.32100  
@H    17.45500   20.35800   28.99800  
@C    18.40300   19.52400   30.62000  
@H    17.48600   19.59300   31.23300  
@O    19.41500   18.98300   31.02900  
C    24.78400   25.70100   25.70600  
H    24.62300   26.12700   24.71200  
H    25.33500   26.48900   26.22600  
H    25.30700   24.75500   25.54400  
S    23.21500   25.33000   26.52300  
C    23.93300   24.40700   27.90000  
H    24.70500   23.72900   27.52500  
H    24.40500   25.11300   28.58900  
H    23.05800   24.05200   28.45000  
O    22.67700   24.28100   25.60100  
C    18.50000   26.32200   22.93500  
H    18.78800   27.03500   23.71100  
H    19.09400   26.35900   22.01900  
H    17.51400   26.69400   22.64300  
S    18.33500   24.58600   23.40900  
C    20.09200   24.20600   23.58600  
H    20.60600   24.61000   22.71000  
H    20.44500   24.63600   24.52700  
H    20.08000   23.11400   23.63800  
O    17.79500   23.87600   22.20700  
C    16.42800   20.89400   19.89200  
H    15.52600   21.20600   19.35800  
H    16.37300   20.78100   20.97800  
H    17.36900   21.40200   19.66900  
S    16.71400   19.17400   19.41700  
C    16.85700   19.30800   17.62100  
H    17.86100   19.55400   17.26500  
H    16.68900   18.30900   17.21200  
H    16.20800   20.14200   17.34200  
O    15.31900   18.64500   19.54100  
C    24.51200   16.06700   28.84200  
H    24.30500   15.40400   29.68500  
H    24.67200   15.47700   27.93600  
H    25.44100   16.59800   29.06800  
S    23.03500   17.08500   28.62200  
C    22.72400   17.77900   30.26100  
H    23.54200   18.38700   30.65500  
H    21.76300   18.28900   30.15500  
H    22.59700   16.97800   30.99300  
O    21.93000   16.07500   28.65300  
C    22.72100   14.20100   31.63300  
H    22.90700   15.27800   31.62800  
H    22.88700   13.78400   32.63000  
H    23.48800   13.72400   31.01800  
S    20.99800   13.85700   31.21100  
C    20.21200   15.20800   32.11800  
H    20.61700   16.08300   31.60300  
H    19.13400   15.06300   32.01600  
H    20.46600   15.15800   33.18000  
O    20.71700   12.64900   32.04900  
C    26.65800   19.27000   27.01100  
H    26.37200   18.55300   27.78500  
H    27.30200   20.06900   27.38900  
H    25.71800   19.66800   26.62000  
S    27.31000   18.21900   25.69400  
C    28.77600   17.79100   26.66000  
H    29.51700   17.28100   26.03900  
H    29.17800   18.77200   26.92500  
H    28.38000   17.21200   27.49800  
O    27.75400   19.27400   24.72900  
C    19.23500   20.32700   36.01800  
H    19.67100   21.05500   35.32800  
H    19.07000   20.70200   37.03100  
H    19.90600   19.47500   36.15000  
S    17.70000   19.72300   35.28100  
C    18.56900   18.56500   34.19900  
H    19.05900   19.17300   33.43400  
H    19.29300   18.01200   34.80200  
H    17.80800   17.91700   33.75900  
O    17.34200   20.78400   34.28700  
C    14.44300   19.04900   30.76300  
H    15.07400   19.76800   31.29100  
H    13.57300   18.75600   31.35700  
H    15.09400   18.17100   30.73400  
S    14.00800   19.78200   29.17000  
C    13.90100   18.21300   28.28000  
H    13.83000   18.60900   27.26400  
H    14.81400   17.61200   28.26900  
H    13.09900   17.62200   28.73000  
O    15.24600   20.50000   28.73300  
C    20.91200   14.75300   25.26500  
H    21.25800   14.03100   26.00900  
H    21.38700   15.71600   25.47000  
H    19.84500   14.96600   25.37000  
S    21.36100   14.16900   23.61400  
C    23.12000   14.01400   23.99700  
H    23.63300   13.69000   23.08800  
H    23.37600   15.05700   24.20300  
H    23.27600   13.32900   24.83400  
O    21.30500   15.37000   22.72300  
C    25.73500   22.32200   30.17500  
H    26.52000   22.59100   30.88700  
H    26.11400   22.47800   29.16100  
H    24.94300   23.06700   30.28500  
S    25.17600   20.61400   30.35800  
C    23.98200   20.84400   29.02200  
H    24.46100   21.19800   28.10600  
H    23.44100   19.91200   28.83900  
H    23.32000   21.68700   29.23700  
O    24.45900   20.58800   31.67200  
C    20.63300   21.85400   32.05600  
H    19.62000   21.80300   31.65000  
H    21.31900   21.15800   31.56700  
H    20.74200   21.69500   33.13200  
S    21.45000   23.37700   31.52600  
C    20.03200   24.36700   32.04700  
H    20.43600   25.36400   32.24100  
H    19.23000   24.37100   31.30400  
H    19.68200   24.03800   33.02800  
O    21.51000   23.34200   30.03000  
C    19.73800   25.32200   28.32200  
H    19.27200   24.48700   28.85200  
H    19.37000   25.17000   27.30400  
H    20.81200   25.15800   28.43900  
S    19.18200   26.90900   28.98500  
C    17.47700   26.51800   28.53200  
H    17.39600   26.13200   27.51300  
H    17.02100   25.68900   29.07900  
H    16.81300   27.37500   28.67100  
O    19.61000   27.99900   28.05200  
C    13.91700   13.55200   32.57000  
H    14.92700   13.35700   32.20100  
H    13.94500   13.55800   33.66200  
H    13.31000   12.72300   32.19700  
S    13.36600   15.15200   31.93800  
C    13.50300   14.73000   30.18600  
H    14.45200   14.25800   29.91900  
H    12.72500   13.99700   29.95500  
H    13.44700   15.62100   29.55600  
O    14.42400   16.18100   32.19300  
C    16.39700   13.86600   36.02900  
H    17.18200   13.21700   36.42600  
H    16.39100   14.70600   36.72900  
H    15.42500   13.37800   35.92500  
S    16.87400   14.67200   34.48400  
C    17.60700   13.18700   33.76000  
H    18.27900   12.64400   34.43000  
H    16.88900   12.44700   33.39700  
H    18.15800   13.58800   32.90500  
O    18.03700   15.54900   34.83000  
C    12.15600   21.84300   24.52800  
H    13.22700   21.68400   24.37500  
H    11.62900   21.84800   23.57100  
H    11.99900   22.80300   25.02600  
S    11.59600   20.62900   25.74400  
C    9.85400    21.04900   25.51400  
H    9.74100    22.13600   25.50700  
H    9.45400    20.51400   24.64900  
H    9.42100    20.51500   26.36400  
O    11.87800   21.27900   27.06300  
C    13.80800   21.35000   35.48800  
H    13.73400   22.43600   35.38300  
H    14.09700   20.96800   36.47100  
H    14.50800   21.01000   34.72100  
S    12.22800   20.88400   34.74600  
C    11.22100   21.79400   35.93900  
H    11.69900   21.79900   36.92200  
H    11.19100   22.83200   35.59800  
H    10.27100   21.26600   36.05200  
O    11.98600   19.43000   35.00700  
C    22.41600   18.73500   33.93300  
H    21.72700   18.61900   33.09200  
H    21.89600   19.22900   34.75700  
H    23.24600   19.38000   33.63300  
S    22.85900   17.07200   34.48500  
C    23.99200   17.54600   35.81000  
H    24.68600   18.22600   35.31000  
H    23.47200   18.07900   36.61000  
H    24.51400   16.69900   36.26200  
O    23.72000   16.51000   33.39700  
C    18.23200   15.80400   22.67400  
H    19.11300   15.95500   22.04400  
H    17.99200   16.66500   23.30400  
H    18.46200   14.93800   23.29900  
S    16.80200   15.27400   21.70500  
C    15.87200   14.90600   23.21100  
H    15.19000   14.07400   23.02100  
H    16.56500   14.62000   24.00600  
H    15.43500   15.86000   23.51800  
O    17.17400   13.95800   21.09800  
C    23.88500   28.16600   22.28900  
H    23.81700   28.51900   23.32100  
H    24.94400   27.90100   22.23500  
H    23.56900   28.92200   21.56600  
S    22.92000   26.64100   22.19600  
C    23.33300   26.23800   20.48400  
H    22.65300   25.42200   20.22600  
H    23.16000   27.12800   19.87200  
H    24.39000   25.96400   20.53800  
O    21.48600   27.06800   22.25100  
C    25.46300   17.78200   19.80600  
H    26.03700   16.86100   19.93200  
H    24.51200   17.72100   19.27000  
H    26.21900   18.51500   19.51300  
S    25.09100   18.29600   21.49700  
C    24.11700   16.85600   21.99200  
H    23.61900   17.18900   22.90600  
H    23.35900   16.81400   21.20600  
H    24.67200   15.91700   22.05700  
O    24.10200   19.40300   21.30300  
C    20.90000   18.75100   22.70600  
H    20.60300   17.93300   23.36700  
H    21.62500   18.43700   21.95200  
H    21.23700   19.60100   23.30600  
S    19.35400   19.21400   21.89200  
C    20.00100   20.79600   21.30600  
H    19.16000   21.43000   21.01300  
H    20.45900   21.27500   22.17500  
H    20.73300   20.71800   20.49800  
O    18.29800   19.44500   22.92800  
C    22.91700   22.83900   22.04900  
H    22.73500   23.38400   22.97900  
H    22.39300   23.32000   21.21900  
H    22.43500   21.85800   22.05900  
S    24.69700   22.64400   21.80700  
C    24.96600   22.00700   23.47700  
H    24.67100   22.72900   24.24300  
H    24.34800   21.11900   23.62900  
H    26.03500   21.85100   23.63900  
O    25.16700   24.06300   21.89400  
C    14.41700   23.29400   27.23100  
H    13.61500   23.25000   26.49000  
H    15.05700   22.41400   27.33700  
H    13.88400   23.49900   28.16300  
S    15.61600   24.56200   26.76400  
C    14.42300   25.90800   26.94000  
H    13.45900   25.59600   26.53000  
H    14.19600   26.19300   27.97100  
H    14.87700   26.72500   26.37500  
O    15.72000   24.40200   25.27900  
C    17.52600   13.55700   28.90800  
H    17.65500   12.56000   28.48000  
H    17.88600   13.62200   29.93800  
H    16.43800   13.64600   28.87400  
S    18.32600   14.74600   27.80600  
C    17.87800   16.26400   28.67700  
H    16.92400   16.14800   29.19700  
H    18.66800   16.36700   29.42500  
H    17.76700   17.11600   28.00100  
O    17.32000   14.74500   26.69800  
C    16.75600   22.47200   31.24900  
H    17.67500   22.66500   30.68900  
H    16.81100   21.64300   31.95900  
H    15.92100   22.44700   30.54500  
S    16.51400   24.06500   32.06600  
C    15.29400   23.29900   33.15700  
H    14.40700   22.83600   32.71900  
H    15.80400   22.69600   33.91300  
H    14.85600   24.10900   33.74700  
O    15.69700   24.93700   31.16500  
C    29.56800   23.63800   26.35700  
H    29.42500   24.63600   26.77800  
H    30.06500   23.02000   27.10900  
H    30.12000   23.75600   25.42100  
S    28.04400   22.81100   25.84800  
C    27.76600   24.07000   24.58200  
H    26.82900   23.77300   24.10400  
H    27.79400   25.04200   25.08000  
H    28.52600   24.00400   23.80000  
O    27.19700   22.94000   27.07600  
C    15.21700   19.71900   23.17200  
H    14.35000   20.22100   22.73400  
H    16.03100   20.44500   23.23800  
H    15.54900   18.80800   22.66700  
S    14.76700   19.23400   24.85300  
C    16.38800   18.61700   25.36100  
H    17.17300   19.37300   25.44600  
H    16.30600   18.00200   26.26100  
H    16.69500   18.05200   24.47700  
O    13.93400   18.00700   24.64800  
$end

$rem
JOBTYPE  SP
METHOD  B3LYP
BASIS  6-31+G(D)
SYMMETRY  FALSE
SYM_IGNORE  TRUE
MEM_TOTAL  12000
MEM_STATIC  4000
BASIS_LIN_DEP_THRESH  6
THRESH  14
SCF_CONVERGENCE  8
FD_MAT_VEC_PROD  FALSE
XC_GRID  000075000302
NL_GRID  1
MAX_SCF_CYCLES  200
SCF_GUESS  READ_DEN
ALMO_EFIELD  TRUE
GEN_SCFMAN  FALSE
SKIP_SCFMAN  TRUE
ESP_GRID  0
ESP_EFIELD  1
$end
