$molecule
0 1
--
0 1
C    26.70300   22.57900   26.03900  
C    27.58200   23.78400   26.41300  
C    28.91700   23.71900   25.65400  
C    28.85800   23.49600   24.13400  
C    27.88100   22.37500   23.74300  
C    26.55500   22.49600   24.51100  
H    29.53300   24.60400   25.85400  
H    27.05100   24.70500   26.14400  
H    27.15600   21.69200   26.50000  
H    25.70500   22.69100   26.48000  
H    28.45200   24.42200   23.70900  
H    29.86100   23.36200   23.71100  
H    27.79600   22.27700   22.65300  
H    28.32000   21.41200   24.03200  
H    25.96100   23.33400   24.12500  
H    25.94400   21.60300   24.33200  
H    29.52300   22.87600   26.01000  
N    27.81700   23.73600   27.85500  
H    28.77800   23.68900   28.17100  
C    26.87700   23.80800   28.86100  
H    27.38400   23.72100   29.83900  
O    25.69500   24.04400   28.67900  
--
0 1
C    25.97500   31.40300   23.37900  
H    26.11800   32.48600   23.34300  
H    24.91800   31.13400   23.45100  
H    26.53700   30.91000   24.17700  
S    26.56600   30.87100   21.75700  
C    26.11900   29.14100   22.02900  
H    25.08000   28.87200   21.81800  
H    26.75000   28.52900   21.38000  
H    26.41700   28.80000   23.02400  
O    28.05600   30.75400   21.83100  
C    24.41600   26.60200   30.61600  
H    24.07700   26.49700   29.58200  
H    23.84200   27.27500   31.25800  
H    25.45300   26.94600   30.63200  
S    24.39100   24.99400   31.44100  
C    22.85900   24.39500   30.69300  
H    22.98800   24.14500   29.63700  
H    22.56300   23.54900   31.31800  
H    22.07600   25.15600   30.73300  
O    23.88000   25.31300   32.81200  
C    29.57300   26.36200   29.68100  
H    29.28700   25.81000   30.58000  
H    29.00300   25.97800   28.83100  
H    30.62700   26.14700   29.48700  
S    29.31200   28.13900   29.87900  
C    29.78000   28.38700   31.60700  
H    29.33400   27.61800   32.24400  
H    30.84400   28.45400   31.84500  
H    29.37400   29.36400   31.88200  
O    27.81900   28.22000   29.82200  
C    31.12900   25.20800   34.45200  
H    30.38500   26.00300   34.54500  
H    30.62200   24.26100   34.65100  
H    32.04100   25.42700   35.01500  
S    31.77300   25.14300   32.76500  
C    33.29500   24.19000   32.97100  
H    33.90000   24.20200   32.06000  
H    33.87200   24.74300   33.71600  
H    33.05500   23.17200   33.28600  
O    32.26800   26.54700   32.61000  
C    31.17400   20.57500   23.84500  
H    30.38800   20.37800   24.57900  
H    32.15700   20.36600   24.27300  
H    31.13800   21.60700   23.48700  
S    30.82700   19.42300   22.49600  
C    31.58800   17.95700   23.22900  
H    31.61000   17.25600   22.39100  
H    32.58500   18.24100   23.57400  
H    30.93100   17.56300   24.00900  
O    31.82200   19.77400   21.43400  
C    32.84600   19.69700   26.83100  
H    32.26700   20.59600   27.05500  
H    32.37500   19.12400   26.02800  
H    32.85300   19.19500   27.80200  
S    34.56000   20.03200   26.36700  
C    35.12500   18.45300   25.69300  
H    36.14000   18.71500   25.38300  
H    35.08500   17.69300   26.47700  
H    34.41300   18.22500   24.89600  
O    35.25600   20.30100   27.66600  
C    30.15200   21.25100   28.43600  
H    30.41900   20.20000   28.30000  
H    29.08100   21.38000   28.61400  
H    30.45500   21.69400   27.48400  
S    30.91200   21.99800   29.89500  
C    30.04700   21.19400   31.26200  
H    30.19000   20.11300   31.19100  
H    30.42200   21.40400   32.26700  
H    29.00400   21.51100   31.17900  
O    30.39400   23.40200   29.93500  
C    27.36000   21.76600   19.87900  
H    27.77700   21.09800   20.63600  
H    26.85100   22.59500   20.37900  
H    26.58900   21.33200   19.23700  
S    28.66800   22.29800   18.75200  
C    29.07900   20.71400   17.98400  
H    29.30500   19.98600   18.76800  
H    28.19600   20.45100   17.39700  
H    29.96200   20.90600   17.36900  
O    29.85300   22.63500   19.60200  
C    25.96500   22.76300   34.76500  
H    25.42900   23.36900   34.02900  
H    25.37000   21.86000   34.92400  
H    26.10300   23.17400   35.76800  
S    27.53500   22.27800   34.01400  
C    27.97000   23.75200   33.06200  
H    28.22500   24.55000   33.76400  
H    28.83200   23.48600   32.44600  
H    27.18400   24.13500   32.40600  
O    27.05400   21.34400   32.94800  
C    23.08500   20.14800   25.74800  
H    23.82000   19.34400   25.83500  
H    22.80700   20.22500   24.69400  
H    23.50000   21.04800   26.21000  
S    21.56600   19.74900   26.64200  
C    21.29300   18.12200   25.90300  
H    21.92200   17.35400   26.36100  
H    20.27600   17.92400   26.24900  
H    21.34900   18.23000   24.81700  
O    20.53900   20.67500   26.06800  
C    20.78900   27.96900   25.41200  
H    21.22500   27.32100   26.17600  
H    21.55200   28.69500   25.12000  
H    19.95800   28.43800   25.94500  
S    20.26700   27.10600   23.91200  
C    19.31000   25.84800   24.78800  
H    18.87500   25.17000   24.04800  
H    20.00200   25.36100   25.48000  
H    18.51400   26.31200   25.37600  
O    21.56100   26.46200   23.52500  
C    27.16000   28.93300   25.95200  
H    27.01600   29.26500   26.98300  
H    27.69000   29.70200   25.38400  
H    26.18100   28.71000   25.52000  
S    27.98400   27.33300   25.78500  
C    29.66300   27.82400   26.23900  
H    30.01800   28.66400   25.63600  
H    29.45300   28.33400   27.18300  
H    30.40700   27.03000   26.34300  
O    28.00200   27.13600   24.30100  
C    29.90400   25.90900   18.43100  
H    30.95900   26.09500   18.64600  
H    29.77800   24.84400   18.64400  
H    29.61000   26.12900   17.40100  
S    28.62500   26.62700   19.48600  
C    29.00500   25.85500   21.07500  
H    28.29100   26.12100   21.85900  
H    28.98900   24.76800   20.95800  
H    30.03900   26.14700   21.27700  
O    27.39100   25.88800   19.07000  
C    25.14100   28.78700   33.64800  
H    24.79200   29.58400   34.31000  
H    24.29300   28.20200   33.28400  
H    25.74900   28.12300   34.26700  
S    26.06500   29.42100   32.23100  
C    27.22400   30.43400   33.17800  
H    27.82800   29.72500   33.75000  
H    27.79200   30.91400   32.37600  
H    26.64900   31.15000   33.77000  
O    25.12500   30.44800   31.68200  
C    24.29000   29.16000   28.48900  
H    24.27100   29.42400   29.54900  
H    23.60200   28.32800   28.32000  
H    25.27600   28.78800   28.20000  
S    23.90000   30.68500   27.60100  
C    22.12400   30.58600   27.91700  
H    21.68800   31.58800   27.87900  
H    21.73400   29.81300   27.25000  
H    22.09600   30.17500   28.93000  
O    23.96800   30.24100   26.17300  
C    37.59500   21.05100   21.97800  
H    38.45600   21.09200   22.65000  
H    37.68600   20.09300   21.45800  
H    37.61600   21.95900   21.37100  
S    36.20900   20.94400   23.13200  
C    34.88900   21.06800   21.90400  
H    33.99500   21.41900   22.42500  
H    35.13300   21.74900   21.08400  
H    34.76000   20.17600   21.28600  
O    36.08800   22.27400   23.80900  
C    20.48400   20.39300   22.82900  
H    21.42100   20.85900   23.14500  
H    20.00500   19.93800   23.70000  
H    20.75500   19.68400   22.04400  
S    19.44000   21.74300   22.23400  
C    18.99600   22.32700   23.88500  
H    18.74800   21.48800   24.53900  
H    19.86000   22.86900   24.27900  
H    18.09300   22.92800   23.74900  
O    18.23100   21.08000   21.65100  
C    24.36800   26.37600   25.66100  
H    24.88500   27.05700   26.34200  
H    25.08000   25.90000   24.98200  
H    23.56100   26.88800   25.13000  
S    23.59500   24.98300   26.51300  
C    22.95500   23.98300   25.15000  
H    22.24600   24.63900   24.63800  
H    23.73000   23.59200   24.48700  
H    22.33200   23.20300   25.59500  
O    22.42400   25.60600   27.20700  
C    23.53000   14.38000   24.10500  
H    22.66900   14.39400   23.43300  
H    24.44800   14.24200   23.52800  
H    23.29500   13.52500   24.74500  
S    23.66500   15.90600   25.06400  
C    23.73000   16.90100   23.55700  
H    22.92600   16.73300   22.83700  
H    23.75700   17.96900   23.78800  
H    24.70800   16.74800   23.09300  
O    25.05100   15.82700   25.62300  
C    27.47000   16.11400   23.09100  
H    27.64600   16.60700   22.13200  
H    26.46700   15.68200   23.13800  
H    27.65400   16.73400   23.97300  
S    28.68300   14.77800   22.99600  
C    28.38000   14.14900   24.66200  
H    28.73900   14.88100   25.39100  
H    27.33100   13.96400   24.90600  
H    28.99100   13.25900   24.83600  
O    29.94900   15.57200   23.08700  
C    30.75200   29.03800   22.83600  
H    31.02700   27.99400   23.00700  
H    29.81600   29.18300   23.38200  
H    30.55600   29.16500   21.76800  
S    32.06300   30.14300   23.40500  
C    31.08500   31.59000   22.93900  
H    30.90800   31.53400   21.86200  
H    30.14300   31.52400   23.49000  
H    31.64200   32.49000   23.21000  
O    32.94800   30.05600   22.20100  
C    24.25500   21.85700   21.09300  
H    25.03100   22.05100   21.83800  
H    24.42100   22.39100   20.15400  
H    23.25100   22.05900   21.47500  
S    24.36800   20.10500   20.66600  
C    22.96800   20.04300   19.52400  
H    22.24200   20.60600   20.11700  
H    23.27300   20.59600   18.63200  
H    22.61900   19.04000   19.26700  
O    23.75600   19.42100   21.84800  
C    24.79300   20.08700   30.95600  
H    25.80000   19.74700   31.20900  
H    24.34200   20.57300   31.82500  
H    24.14000   19.21400   30.87800  
S    24.62400   21.18200   29.52800  
C    22.82000   21.10500   29.46300  
H    22.30500   21.44500   30.36600  
H    22.43500   21.78700   28.70100  
H    22.52000   20.06200   29.33100  
O    25.02000   20.24300   28.43100  
C    23.00800   25.27900   21.11600  
H    24.04500   24.95000   21.01200  
H    23.13700   26.36000   21.20900  
H    22.45400   24.90500   21.98100  
S    22.06000   24.88000   19.63000  
C    20.38000   25.17100   20.22600  
H    19.66200   25.18700   19.40200  
H    20.05200   24.45600   20.98500  
H    20.26500   26.18600   20.61700  
O    22.27500   23.42200   19.36900  
C    34.12700   25.44500   19.35200  
H    34.48100   24.65900   18.68000  
H    33.08200   25.65700   19.11100  
H    34.76100   26.33200   19.26800  
S    34.11500   24.67700   20.98800  
C    32.59100   23.76900   20.64300  
H    31.70600   24.36000   20.39700  
H    32.60000   22.91900   19.95600  
H    32.29700   23.24700   21.55700  
O    33.62200   25.83000   21.80500  
C    26.97300   18.52500   26.17300  
H    26.84800   18.65600   25.09600  
H    26.19300   17.86000   26.55300  
H    26.80200   19.40300   26.80100  
S    28.59400   17.81100   26.53000  
C    28.60000   17.78400   28.33700  
H    29.58600   18.02900   28.73800  
H    27.96100   18.45100   28.92200  
H    28.33300   16.75400   28.58500  
O    29.49400   18.97100   26.23700  
C    33.55600   24.68500   24.79400  
H    34.31800   23.93300   24.57100  
H    32.52300   24.46900   24.51100  
H    33.89300   25.63100   24.36200  
S    33.50400   24.88800   26.58800  
C    32.67400   23.32400   26.95000  
H    31.96300   23.56300   27.74500  
H    32.21900   22.91300   26.04500  
H    33.54300   22.70900   27.19900  
O    32.44800   25.93700   26.75100  
$end

$rem
JOBTYPE  SP
METHOD  B3LYP
BASIS  6-31+G(D)
SYMMETRY  FALSE
SYM_IGNORE  TRUE
MEM_TOTAL  12000
MEM_STATIC  4000
BASIS_LIN_DEP_THRESH  6
THRESH  14
SCF_CONVERGENCE  8
FD_MAT_VEC_PROD  FALSE
XC_GRID  000075000302
NL_GRID  1
MAX_SCF_CYCLES  200
FRGM_METHOD  STOLL
SCFMI_MODE  1
ALMO_EFIELD  TRUE
$end

$rem_frgm
SCF_CONVERGENCE  4
$end


@@@

$molecule
0 1
@C    26.70300   22.57900   26.03900  
@C    27.58200   23.78400   26.41300  
@C    28.91700   23.71900   25.65400  
@C    28.85800   23.49600   24.13400  
@C    27.88100   22.37500   23.74300  
@C    26.55500   22.49600   24.51100  
@H    29.53300   24.60400   25.85400  
@H    27.05100   24.70500   26.14400  
@H    27.15600   21.69200   26.50000  
@H    25.70500   22.69100   26.48000  
@H    28.45200   24.42200   23.70900  
@H    29.86100   23.36200   23.71100  
@H    27.79600   22.27700   22.65300  
@H    28.32000   21.41200   24.03200  
@H    25.96100   23.33400   24.12500  
@H    25.94400   21.60300   24.33200  
@H    29.52300   22.87600   26.01000  
@N    27.81700   23.73600   27.85500  
@H    28.77800   23.68900   28.17100  
@C    26.87700   23.80800   28.86100  
@H    27.38400   23.72100   29.83900  
@O    25.69500   24.04400   28.67900  
C    25.97500   31.40300   23.37900  
H    26.11800   32.48600   23.34300  
H    24.91800   31.13400   23.45100  
H    26.53700   30.91000   24.17700  
S    26.56600   30.87100   21.75700  
C    26.11900   29.14100   22.02900  
H    25.08000   28.87200   21.81800  
H    26.75000   28.52900   21.38000  
H    26.41700   28.80000   23.02400  
O    28.05600   30.75400   21.83100  
C    24.41600   26.60200   30.61600  
H    24.07700   26.49700   29.58200  
H    23.84200   27.27500   31.25800  
H    25.45300   26.94600   30.63200  
S    24.39100   24.99400   31.44100  
C    22.85900   24.39500   30.69300  
H    22.98800   24.14500   29.63700  
H    22.56300   23.54900   31.31800  
H    22.07600   25.15600   30.73300  
O    23.88000   25.31300   32.81200  
C    29.57300   26.36200   29.68100  
H    29.28700   25.81000   30.58000  
H    29.00300   25.97800   28.83100  
H    30.62700   26.14700   29.48700  
S    29.31200   28.13900   29.87900  
C    29.78000   28.38700   31.60700  
H    29.33400   27.61800   32.24400  
H    30.84400   28.45400   31.84500  
H    29.37400   29.36400   31.88200  
O    27.81900   28.22000   29.82200  
C    31.12900   25.20800   34.45200  
H    30.38500   26.00300   34.54500  
H    30.62200   24.26100   34.65100  
H    32.04100   25.42700   35.01500  
S    31.77300   25.14300   32.76500  
C    33.29500   24.19000   32.97100  
H    33.90000   24.20200   32.06000  
H    33.87200   24.74300   33.71600  
H    33.05500   23.17200   33.28600  
O    32.26800   26.54700   32.61000  
C    31.17400   20.57500   23.84500  
H    30.38800   20.37800   24.57900  
H    32.15700   20.36600   24.27300  
H    31.13800   21.60700   23.48700  
S    30.82700   19.42300   22.49600  
C    31.58800   17.95700   23.22900  
H    31.61000   17.25600   22.39100  
H    32.58500   18.24100   23.57400  
H    30.93100   17.56300   24.00900  
O    31.82200   19.77400   21.43400  
C    32.84600   19.69700   26.83100  
H    32.26700   20.59600   27.05500  
H    32.37500   19.12400   26.02800  
H    32.85300   19.19500   27.80200  
S    34.56000   20.03200   26.36700  
C    35.12500   18.45300   25.69300  
H    36.14000   18.71500   25.38300  
H    35.08500   17.69300   26.47700  
H    34.41300   18.22500   24.89600  
O    35.25600   20.30100   27.66600  
C    30.15200   21.25100   28.43600  
H    30.41900   20.20000   28.30000  
H    29.08100   21.38000   28.61400  
H    30.45500   21.69400   27.48400  
S    30.91200   21.99800   29.89500  
C    30.04700   21.19400   31.26200  
H    30.19000   20.11300   31.19100  
H    30.42200   21.40400   32.26700  
H    29.00400   21.51100   31.17900  
O    30.39400   23.40200   29.93500  
C    27.36000   21.76600   19.87900  
H    27.77700   21.09800   20.63600  
H    26.85100   22.59500   20.37900  
H    26.58900   21.33200   19.23700  
S    28.66800   22.29800   18.75200  
C    29.07900   20.71400   17.98400  
H    29.30500   19.98600   18.76800  
H    28.19600   20.45100   17.39700  
H    29.96200   20.90600   17.36900  
O    29.85300   22.63500   19.60200  
C    25.96500   22.76300   34.76500  
H    25.42900   23.36900   34.02900  
H    25.37000   21.86000   34.92400  
H    26.10300   23.17400   35.76800  
S    27.53500   22.27800   34.01400  
C    27.97000   23.75200   33.06200  
H    28.22500   24.55000   33.76400  
H    28.83200   23.48600   32.44600  
H    27.18400   24.13500   32.40600  
O    27.05400   21.34400   32.94800  
C    23.08500   20.14800   25.74800  
H    23.82000   19.34400   25.83500  
H    22.80700   20.22500   24.69400  
H    23.50000   21.04800   26.21000  
S    21.56600   19.74900   26.64200  
C    21.29300   18.12200   25.90300  
H    21.92200   17.35400   26.36100  
H    20.27600   17.92400   26.24900  
H    21.34900   18.23000   24.81700  
O    20.53900   20.67500   26.06800  
C    20.78900   27.96900   25.41200  
H    21.22500   27.32100   26.17600  
H    21.55200   28.69500   25.12000  
H    19.95800   28.43800   25.94500  
S    20.26700   27.10600   23.91200  
C    19.31000   25.84800   24.78800  
H    18.87500   25.17000   24.04800  
H    20.00200   25.36100   25.48000  
H    18.51400   26.31200   25.37600  
O    21.56100   26.46200   23.52500  
C    27.16000   28.93300   25.95200  
H    27.01600   29.26500   26.98300  
H    27.69000   29.70200   25.38400  
H    26.18100   28.71000   25.52000  
S    27.98400   27.33300   25.78500  
C    29.66300   27.82400   26.23900  
H    30.01800   28.66400   25.63600  
H    29.45300   28.33400   27.18300  
H    30.40700   27.03000   26.34300  
O    28.00200   27.13600   24.30100  
C    29.90400   25.90900   18.43100  
H    30.95900   26.09500   18.64600  
H    29.77800   24.84400   18.64400  
H    29.61000   26.12900   17.40100  
S    28.62500   26.62700   19.48600  
C    29.00500   25.85500   21.07500  
H    28.29100   26.12100   21.85900  
H    28.98900   24.76800   20.95800  
H    30.03900   26.14700   21.27700  
O    27.39100   25.88800   19.07000  
C    25.14100   28.78700   33.64800  
H    24.79200   29.58400   34.31000  
H    24.29300   28.20200   33.28400  
H    25.74900   28.12300   34.26700  
S    26.06500   29.42100   32.23100  
C    27.22400   30.43400   33.17800  
H    27.82800   29.72500   33.75000  
H    27.79200   30.91400   32.37600  
H    26.64900   31.15000   33.77000  
O    25.12500   30.44800   31.68200  
C    24.29000   29.16000   28.48900  
H    24.27100   29.42400   29.54900  
H    23.60200   28.32800   28.32000  
H    25.27600   28.78800   28.20000  
S    23.90000   30.68500   27.60100  
C    22.12400   30.58600   27.91700  
H    21.68800   31.58800   27.87900  
H    21.73400   29.81300   27.25000  
H    22.09600   30.17500   28.93000  
O    23.96800   30.24100   26.17300  
C    37.59500   21.05100   21.97800  
H    38.45600   21.09200   22.65000  
H    37.68600   20.09300   21.45800  
H    37.61600   21.95900   21.37100  
S    36.20900   20.94400   23.13200  
C    34.88900   21.06800   21.90400  
H    33.99500   21.41900   22.42500  
H    35.13300   21.74900   21.08400  
H    34.76000   20.17600   21.28600  
O    36.08800   22.27400   23.80900  
C    20.48400   20.39300   22.82900  
H    21.42100   20.85900   23.14500  
H    20.00500   19.93800   23.70000  
H    20.75500   19.68400   22.04400  
S    19.44000   21.74300   22.23400  
C    18.99600   22.32700   23.88500  
H    18.74800   21.48800   24.53900  
H    19.86000   22.86900   24.27900  
H    18.09300   22.92800   23.74900  
O    18.23100   21.08000   21.65100  
C    24.36800   26.37600   25.66100  
H    24.88500   27.05700   26.34200  
H    25.08000   25.90000   24.98200  
H    23.56100   26.88800   25.13000  
S    23.59500   24.98300   26.51300  
C    22.95500   23.98300   25.15000  
H    22.24600   24.63900   24.63800  
H    23.73000   23.59200   24.48700  
H    22.33200   23.20300   25.59500  
O    22.42400   25.60600   27.20700  
C    23.53000   14.38000   24.10500  
H    22.66900   14.39400   23.43300  
H    24.44800   14.24200   23.52800  
H    23.29500   13.52500   24.74500  
S    23.66500   15.90600   25.06400  
C    23.73000   16.90100   23.55700  
H    22.92600   16.73300   22.83700  
H    23.75700   17.96900   23.78800  
H    24.70800   16.74800   23.09300  
O    25.05100   15.82700   25.62300  
C    27.47000   16.11400   23.09100  
H    27.64600   16.60700   22.13200  
H    26.46700   15.68200   23.13800  
H    27.65400   16.73400   23.97300  
S    28.68300   14.77800   22.99600  
C    28.38000   14.14900   24.66200  
H    28.73900   14.88100   25.39100  
H    27.33100   13.96400   24.90600  
H    28.99100   13.25900   24.83600  
O    29.94900   15.57200   23.08700  
C    30.75200   29.03800   22.83600  
H    31.02700   27.99400   23.00700  
H    29.81600   29.18300   23.38200  
H    30.55600   29.16500   21.76800  
S    32.06300   30.14300   23.40500  
C    31.08500   31.59000   22.93900  
H    30.90800   31.53400   21.86200  
H    30.14300   31.52400   23.49000  
H    31.64200   32.49000   23.21000  
O    32.94800   30.05600   22.20100  
C    24.25500   21.85700   21.09300  
H    25.03100   22.05100   21.83800  
H    24.42100   22.39100   20.15400  
H    23.25100   22.05900   21.47500  
S    24.36800   20.10500   20.66600  
C    22.96800   20.04300   19.52400  
H    22.24200   20.60600   20.11700  
H    23.27300   20.59600   18.63200  
H    22.61900   19.04000   19.26700  
O    23.75600   19.42100   21.84800  
C    24.79300   20.08700   30.95600  
H    25.80000   19.74700   31.20900  
H    24.34200   20.57300   31.82500  
H    24.14000   19.21400   30.87800  
S    24.62400   21.18200   29.52800  
C    22.82000   21.10500   29.46300  
H    22.30500   21.44500   30.36600  
H    22.43500   21.78700   28.70100  
H    22.52000   20.06200   29.33100  
O    25.02000   20.24300   28.43100  
C    23.00800   25.27900   21.11600  
H    24.04500   24.95000   21.01200  
H    23.13700   26.36000   21.20900  
H    22.45400   24.90500   21.98100  
S    22.06000   24.88000   19.63000  
C    20.38000   25.17100   20.22600  
H    19.66200   25.18700   19.40200  
H    20.05200   24.45600   20.98500  
H    20.26500   26.18600   20.61700  
O    22.27500   23.42200   19.36900  
C    34.12700   25.44500   19.35200  
H    34.48100   24.65900   18.68000  
H    33.08200   25.65700   19.11100  
H    34.76100   26.33200   19.26800  
S    34.11500   24.67700   20.98800  
C    32.59100   23.76900   20.64300  
H    31.70600   24.36000   20.39700  
H    32.60000   22.91900   19.95600  
H    32.29700   23.24700   21.55700  
O    33.62200   25.83000   21.80500  
C    26.97300   18.52500   26.17300  
H    26.84800   18.65600   25.09600  
H    26.19300   17.86000   26.55300  
H    26.80200   19.40300   26.80100  
S    28.59400   17.81100   26.53000  
C    28.60000   17.78400   28.33700  
H    29.58600   18.02900   28.73800  
H    27.96100   18.45100   28.92200  
H    28.33300   16.75400   28.58500  
O    29.49400   18.97100   26.23700  
C    33.55600   24.68500   24.79400  
H    34.31800   23.93300   24.57100  
H    32.52300   24.46900   24.51100  
H    33.89300   25.63100   24.36200  
S    33.50400   24.88800   26.58800  
C    32.67400   23.32400   26.95000  
H    31.96300   23.56300   27.74500  
H    32.21900   22.91300   26.04500  
H    33.54300   22.70900   27.19900  
O    32.44800   25.93700   26.75100  
$end

$rem
JOBTYPE  SP
METHOD  B3LYP
BASIS  6-31+G(D)
SYMMETRY  FALSE
SYM_IGNORE  TRUE
MEM_TOTAL  12000
MEM_STATIC  4000
BASIS_LIN_DEP_THRESH  6
THRESH  14
SCF_CONVERGENCE  8
FD_MAT_VEC_PROD  FALSE
XC_GRID  000075000302
NL_GRID  1
MAX_SCF_CYCLES  200
SCF_GUESS  READ_DEN
ALMO_EFIELD  TRUE
GEN_SCFMAN  FALSE
SKIP_SCFMAN  TRUE
ESP_GRID  0
ESP_EFIELD  1
$end
