$molecule
0 1
--
0 1
C    29.96400   25.69900   26.21900  
C    29.28300   26.68300   27.18500  
C    28.09800   26.02400   27.91100  
C    28.56600   24.75800   28.64700  
C    29.25100   23.78500   27.67300  
C    30.45500   24.47200   27.00600  
H    27.65400   26.78700   28.56100  
H    29.95700   27.12000   27.93200  
H    29.30600   25.53000   25.35800  
H    30.87700   26.13800   25.80100  
H    29.19200   24.96600   29.52300  
H    27.66300   24.27300   29.03800  
H    29.43400   22.88000   28.26400  
H    28.51700   23.38500   26.96300  
H    31.18300   24.84800   27.73600  
H    30.94000   23.82500   26.26500  
H    27.42100   25.63500   27.14000  
N    28.70500   27.79300   26.43000  
H    28.39700   27.52500   25.50300  
C    28.21200   28.98500   26.91700  
H    27.94700   29.74700   26.16300  
O    28.28500   29.29600   28.09300  
--
0 1
C    25.31100   30.89500   25.48500  
H    24.80500   30.13200   24.88700  
H    26.29600   31.06300   25.04200  
H    25.37300   30.64900   26.54800  
S    24.39200   32.43400   25.25800  
C    22.74300   31.73000   25.48700  
H    22.74500   30.98400   24.68800  
H    22.76700   31.34500   26.50900  
H    22.08600   32.59100   25.33800  
O    24.42800   32.51800   23.76400  
C    34.25800   30.32300   29.13700  
H    33.86700   30.50100   28.13200  
H    35.20100   29.80700   28.94000  
H    33.57500   29.67900   29.69600  
S    34.39100   31.89700   30.01300  
C    34.59500   31.30400   31.70800  
H    35.54200   30.76500   31.63200  
H    34.68000   32.21500   32.30600  
H    33.74400   30.71300   32.05600  
O    32.95300   32.31300   30.05400  
C    27.32800   27.44500   32.30700  
H    27.33700   26.47400   32.80800  
H    28.27100   27.56600   31.76700  
H    27.09000   28.25400   33.00300  
S    25.92800   27.39800   31.16500  
C    25.83400   29.15500   30.75000  
H    24.83000   29.43400   30.42100  
H    26.14900   29.78600   31.58500  
H    26.61900   29.25500   29.99500  
O    24.72500   27.02500   31.97400  
C    35.75200   22.27000   32.57500  
H    35.56300   21.50400   31.81800  
H    36.37000   23.07600   32.17000  
H    36.17400   21.84700   33.49000  
S    34.08300   22.92100   32.81400  
C    33.88000   23.24500   31.04800  
H    32.98200   23.85900   30.95000  
H    34.72400   23.82300   30.66100  
H    33.74800   22.34900   30.43700  
O    34.21200   24.20100   33.58000  
C    22.43400   24.47400   32.64700  
H    23.36900   24.87600   32.24700  
H    21.75400   24.04200   31.90800  
H    21.84100   25.21400   33.19200  
S    22.91800   23.14300   33.76900  
C    24.23000   24.07200   34.59500  
H    23.72700   24.72800   35.31000  
H    24.86400   23.35300   35.12100  
H    24.85300   24.56300   33.84300  
O    23.79500   22.17500   33.03800  
C    30.74700   33.62800   22.82700  
H    29.68100   33.40300   22.74100  
H    31.29600   32.75300   23.18500  
H    30.91500   34.56200   23.36900  
S    31.18400   33.89300   21.09400  
C    29.80500   34.97500   20.65700  
H    30.16500   35.44200   19.73700  
H    28.91500   34.40500   20.37900  
H    29.60800   35.65200   21.49200  
O    30.87700   32.59900   20.40700  
C    26.14400   31.66000   20.98300  
H    25.45800   32.12600   21.69400  
H    27.03000   32.23100   20.69300  
H    25.57100   31.31200   20.12000  
S    26.81600   30.19500   21.79800  
C    27.98500   31.22800   22.71000  
H    28.79900   31.61100   22.08900  
H    27.46900   32.03800   23.23200  
H    28.35700   30.63000   23.54500  
O    27.64600   29.55200   20.73100  
C    31.08800   20.38600   29.43000  
H    30.71300   21.41100   29.36600  
H    30.62800   19.96500   30.32800  
H    32.16400   20.29300   29.59300  
S    30.70700   19.34200   28.00500  
C    28.93100   19.37700   28.34100  
H    28.77000   19.01400   29.35900  
H    28.51800   20.37700   28.18300  
H    28.51000   18.66500   27.62800  
O    31.09200   17.97300   28.47100  
C    26.95700   23.14500   32.19600  
H    26.86100   22.87900   33.25200  
H    27.47400   24.07700   31.95300  
H    25.93400   23.18300   31.81200  
S    27.57500   21.68300   31.33300  
C    26.36600   20.43300   31.82300  
H    25.82700   20.82400   32.69000  
H    25.58400   20.29500   31.07100  
H    26.81000   19.46100   32.05300  
O    28.73800   21.30400   32.19600  
C    22.48900   22.29400   27.71400  
H    21.62700   22.92400   27.94700  
H    22.48700   22.05800   26.64700  
H    22.29100   21.43100   28.35500  
S    24.03600   23.04900   28.26500  
C    23.58300   23.72800   29.87700  
H    22.59200   24.18600   29.84800  
H    23.71500   23.00200   30.68300  
H    24.35800   24.46500   30.09900  
O    24.09800   24.20000   27.31000  
C    36.56800   26.81200   26.85200  
H    37.35200   27.48200   27.21600  
H    36.44900   25.90600   27.45100  
H    36.61900   26.34900   25.86400  
S    34.93700   27.58500   26.94600  
C    34.09400   26.79400   25.55800  
H    33.88100   25.74900   25.79500  
H    33.12300   27.29300   25.62300  
H    34.60000   26.81200   24.58900  
O    34.97700   29.00300   26.46800  
C    30.27800   24.05600   22.13100  
H    30.30500   24.85700   22.87300  
H    30.49400   24.38800   21.11200  
H    29.28900   23.59300   22.07500  
S    31.34500   22.71800   22.71100  
C    32.91900   23.58100   22.50100  
H    32.87600   24.49400   23.09900  
H    33.76900   22.97700   22.82900  
H    33.10700   23.81000   21.44900  
O    31.37200   21.65900   21.65300  
C    34.24100   23.02400   26.76300  
H    35.19900   22.64700   27.12700  
H    34.22200   23.43300   25.74900  
H    33.85500   23.73500   27.49800  
S    33.23000   21.52600   26.76300  
C    34.52800   20.35200   26.31400  
H    34.86900   20.31000   25.27600  
H    35.46700   20.47400   26.86100  
H    34.01200   19.43300   26.60400  
O    32.47500   21.60700   25.47400  
C    28.75500   34.72800   25.35400  
H    29.10800   33.77900   24.94200  
H    28.63400   35.48700   24.57700  
H    29.48500   35.11800   26.06800  
S    27.28600   34.61500   26.40000  
C    27.40800   36.26300   27.13000  
H    27.13100   36.92000   26.30100  
H    26.64800   36.42700   27.89800  
H    28.36600   36.50400   27.59800  
O    27.81600   33.77500   27.52000  
C    30.67900   29.11000   22.68800  
H    29.99300   28.54400   23.32300  
H    31.14400   29.94700   23.21600  
H    30.12500   29.66700   21.92800  
S    32.11800   28.28100   21.97400  
C    31.90400   28.92900   20.30000  
H    32.44100   28.34000   19.55200  
H    30.82300   28.97400   20.14500  
H    32.38400   29.91100   20.28400  
O    31.69200   26.84900   21.88200  
C    26.25700   25.21600   24.31900  
H    27.28300   25.07500   24.66900  
H    25.51900   25.24000   25.12600  
H    25.93600   24.47600   23.58200  
S    26.19600   26.81900   23.48700  
C    27.53800   26.35700   22.36800  
H    28.48100   26.09700   22.85500  
H    27.18400   25.54100   21.73300  
H    27.77400   27.15600   21.66100  
O    27.03100   27.81300   24.23300  
C    24.56900   19.31900   24.48400  
H    24.89700   19.95100   25.31400  
H    23.57200   18.94900   24.73400  
H    25.44300   18.71400   24.22800  
S    24.44000   20.43400   23.06800  
C    23.76300   21.78500   24.06000  
H    23.60600   22.59600   23.34400  
H    22.88300   21.48400   24.63300  
H    24.46200   22.06700   24.85100  
O    23.18300   20.02100   22.36600  
C    37.70000   21.45300   24.67600  
H    37.51700   21.22200   25.72800  
H    37.76200   20.49200   24.15800  
H    38.59200   22.05700   24.49300  
S    36.29600   22.40200   24.04900  
C    37.16100   22.58600   22.47300  
H    36.70900   23.41500   21.92200  
H    38.23500   22.75500   22.58000  
H    37.03000   21.62300   21.97400  
O    36.39000   23.69300   24.80100  
C    24.61000   32.74800   30.35100  
H    25.36900   32.00700   30.61600  
H    24.29200   33.06100   31.34800  
H    23.87600   32.24900   29.71400  
S    25.29200   34.14900   29.43700  
C    26.29100   34.63200   30.86400  
H    26.83000   33.72500   31.15100  
H    27.08600   35.33500   30.60200  
H    25.61200   34.99800   31.63800  
O    24.20800   35.16500   29.25400  
C    22.26200   28.10200   30.01600  
H    21.77200   28.74000   30.75700  
H    21.56600   27.26000   30.06800  
H    23.27800   27.85300   30.33200  
S    22.32100   28.95200   28.42300  
C    23.55300   27.85700   27.68200  
H    23.79400   28.27300   26.70000  
H    24.53200   27.76300   28.15900  
H    23.12400   26.85200   27.69300  
O    22.99600   30.23500   28.79600  
C    31.49700   32.92600   26.75300  
H    32.44300   32.48900   26.42400  
H    31.21700   33.88300   26.30500  
H    31.32200   33.16600   27.80400  
S    30.22400   31.67200   26.48200  
C    31.20400   30.55900   27.51500  
H    31.78500   31.03600   28.30900  
H    30.49800   29.82500   27.91000  
H    31.88800   30.05900   26.82500  
O    30.47300   31.33300   25.04600  
C    23.11200   17.40500   29.42800  
H    23.66200   17.08000   30.31500  
H    22.04900   17.44200   29.67800  
H    23.30500   16.62700   28.68500  
S    23.69200   19.03700   28.91100  
C    25.42700   18.53500   28.91000  
H    25.54200   18.00600   29.86000  
H    25.60400   17.78700   28.13300  
H    25.99300   19.46800   28.84500  
O    23.44100   19.90900   30.10100  
C    21.68300   29.47800   21.70600  
H    21.62100   30.00000   20.74700  
H    21.15500   28.54500   21.49100  
H    21.16300   30.01800   22.50200  
S    23.40700   29.33400   22.22500  
C    23.83100   28.27700   20.82200  
H    24.92300   28.28800   20.77500  
H    23.40000   27.28200   20.96100  
H    23.53300   28.71700   19.86700  
O    23.29400   28.42900   23.41200  
C    27.72200   22.26800   24.25100  
H    28.49100   23.02700   24.08300  
H    26.96100   22.10000   23.48600  
H    27.19800   22.70500   25.10500  
S    28.56600   20.72700   24.67200  
C    28.47200   20.04900   22.99900  
H    28.65500   18.97200   22.97600  
H    27.57600   20.36600   22.45900  
H    29.24600   20.57000   22.43100  
O    27.57100   19.98300   25.50700  
C    28.99300   32.67100   30.01100  
H    28.65700   33.69400   30.19700  
H    29.82300   32.61700   29.30200  
H    28.23600   32.00400   29.59100  
S    29.40900   31.96600   31.62200  
C    30.22700   30.46200   31.04200  
H    29.76100   30.24100   30.07900  
H    31.27800   30.72100   30.89200  
H    30.08800   29.60700   31.70900  
O    28.05400   31.54100   32.09600  
C    27.40000   22.09300   19.47900  
H    28.12200   21.59400   20.13100  
H    27.27500   21.38400   18.65700  
H    27.69000   23.10700   19.19400  
S    25.81900   22.17900   20.35000  
C    24.74200   23.11200   19.23900  
H    24.64800   22.57400   18.29200  
H    23.85500   23.24600   19.86200  
H    25.17200   24.06900   18.93300  
O    26.04800   23.09000   21.51500  
C    33.37000   26.97200   31.84700  
H    33.70500   25.95400   32.06200  
H    33.79400   27.41600   30.94200  
H    33.61000   27.58100   32.72200  
S    31.58900   27.03000   31.54500  
C    31.16000   25.80300   32.80000  
H    31.68100   24.87200   32.56100  
H    31.46900   26.15900   33.78700  
H    30.07300   25.69400   32.82400  
O    31.44900   26.20200   30.30600  
$end

$rem
JOBTYPE  SP
METHOD  B3LYP
BASIS  6-31+G(D)
SYMMETRY  FALSE
SYM_IGNORE  TRUE
MEM_TOTAL  12000
MEM_STATIC  4000
BASIS_LIN_DEP_THRESH  6
THRESH  14
SCF_CONVERGENCE  8
FD_MAT_VEC_PROD  FALSE
XC_GRID  000075000302
NL_GRID  1
MAX_SCF_CYCLES  200
FRGM_METHOD  STOLL
SCFMI_MODE  1
ALMO_EFIELD  TRUE
$end

$rem_frgm
SCF_CONVERGENCE  4
$end


@@@

$molecule
0 1
@C    29.96400   25.69900   26.21900  
@C    29.28300   26.68300   27.18500  
@C    28.09800   26.02400   27.91100  
@C    28.56600   24.75800   28.64700  
@C    29.25100   23.78500   27.67300  
@C    30.45500   24.47200   27.00600  
@H    27.65400   26.78700   28.56100  
@H    29.95700   27.12000   27.93200  
@H    29.30600   25.53000   25.35800  
@H    30.87700   26.13800   25.80100  
@H    29.19200   24.96600   29.52300  
@H    27.66300   24.27300   29.03800  
@H    29.43400   22.88000   28.26400  
@H    28.51700   23.38500   26.96300  
@H    31.18300   24.84800   27.73600  
@H    30.94000   23.82500   26.26500  
@H    27.42100   25.63500   27.14000  
@N    28.70500   27.79300   26.43000  
@H    28.39700   27.52500   25.50300  
@C    28.21200   28.98500   26.91700  
@H    27.94700   29.74700   26.16300  
@O    28.28500   29.29600   28.09300  
C    25.31100   30.89500   25.48500  
H    24.80500   30.13200   24.88700  
H    26.29600   31.06300   25.04200  
H    25.37300   30.64900   26.54800  
S    24.39200   32.43400   25.25800  
C    22.74300   31.73000   25.48700  
H    22.74500   30.98400   24.68800  
H    22.76700   31.34500   26.50900  
H    22.08600   32.59100   25.33800  
O    24.42800   32.51800   23.76400  
C    34.25800   30.32300   29.13700  
H    33.86700   30.50100   28.13200  
H    35.20100   29.80700   28.94000  
H    33.57500   29.67900   29.69600  
S    34.39100   31.89700   30.01300  
C    34.59500   31.30400   31.70800  
H    35.54200   30.76500   31.63200  
H    34.68000   32.21500   32.30600  
H    33.74400   30.71300   32.05600  
O    32.95300   32.31300   30.05400  
C    27.32800   27.44500   32.30700  
H    27.33700   26.47400   32.80800  
H    28.27100   27.56600   31.76700  
H    27.09000   28.25400   33.00300  
S    25.92800   27.39800   31.16500  
C    25.83400   29.15500   30.75000  
H    24.83000   29.43400   30.42100  
H    26.14900   29.78600   31.58500  
H    26.61900   29.25500   29.99500  
O    24.72500   27.02500   31.97400  
C    35.75200   22.27000   32.57500  
H    35.56300   21.50400   31.81800  
H    36.37000   23.07600   32.17000  
H    36.17400   21.84700   33.49000  
S    34.08300   22.92100   32.81400  
C    33.88000   23.24500   31.04800  
H    32.98200   23.85900   30.95000  
H    34.72400   23.82300   30.66100  
H    33.74800   22.34900   30.43700  
O    34.21200   24.20100   33.58000  
C    22.43400   24.47400   32.64700  
H    23.36900   24.87600   32.24700  
H    21.75400   24.04200   31.90800  
H    21.84100   25.21400   33.19200  
S    22.91800   23.14300   33.76900  
C    24.23000   24.07200   34.59500  
H    23.72700   24.72800   35.31000  
H    24.86400   23.35300   35.12100  
H    24.85300   24.56300   33.84300  
O    23.79500   22.17500   33.03800  
C    30.74700   33.62800   22.82700  
H    29.68100   33.40300   22.74100  
H    31.29600   32.75300   23.18500  
H    30.91500   34.56200   23.36900  
S    31.18400   33.89300   21.09400  
C    29.80500   34.97500   20.65700  
H    30.16500   35.44200   19.73700  
H    28.91500   34.40500   20.37900  
H    29.60800   35.65200   21.49200  
O    30.87700   32.59900   20.40700  
C    26.14400   31.66000   20.98300  
H    25.45800   32.12600   21.69400  
H    27.03000   32.23100   20.69300  
H    25.57100   31.31200   20.12000  
S    26.81600   30.19500   21.79800  
C    27.98500   31.22800   22.71000  
H    28.79900   31.61100   22.08900  
H    27.46900   32.03800   23.23200  
H    28.35700   30.63000   23.54500  
O    27.64600   29.55200   20.73100  
C    31.08800   20.38600   29.43000  
H    30.71300   21.41100   29.36600  
H    30.62800   19.96500   30.32800  
H    32.16400   20.29300   29.59300  
S    30.70700   19.34200   28.00500  
C    28.93100   19.37700   28.34100  
H    28.77000   19.01400   29.35900  
H    28.51800   20.37700   28.18300  
H    28.51000   18.66500   27.62800  
O    31.09200   17.97300   28.47100  
C    26.95700   23.14500   32.19600  
H    26.86100   22.87900   33.25200  
H    27.47400   24.07700   31.95300  
H    25.93400   23.18300   31.81200  
S    27.57500   21.68300   31.33300  
C    26.36600   20.43300   31.82300  
H    25.82700   20.82400   32.69000  
H    25.58400   20.29500   31.07100  
H    26.81000   19.46100   32.05300  
O    28.73800   21.30400   32.19600  
C    22.48900   22.29400   27.71400  
H    21.62700   22.92400   27.94700  
H    22.48700   22.05800   26.64700  
H    22.29100   21.43100   28.35500  
S    24.03600   23.04900   28.26500  
C    23.58300   23.72800   29.87700  
H    22.59200   24.18600   29.84800  
H    23.71500   23.00200   30.68300  
H    24.35800   24.46500   30.09900  
O    24.09800   24.20000   27.31000  
C    36.56800   26.81200   26.85200  
H    37.35200   27.48200   27.21600  
H    36.44900   25.90600   27.45100  
H    36.61900   26.34900   25.86400  
S    34.93700   27.58500   26.94600  
C    34.09400   26.79400   25.55800  
H    33.88100   25.74900   25.79500  
H    33.12300   27.29300   25.62300  
H    34.60000   26.81200   24.58900  
O    34.97700   29.00300   26.46800  
C    30.27800   24.05600   22.13100  
H    30.30500   24.85700   22.87300  
H    30.49400   24.38800   21.11200  
H    29.28900   23.59300   22.07500  
S    31.34500   22.71800   22.71100  
C    32.91900   23.58100   22.50100  
H    32.87600   24.49400   23.09900  
H    33.76900   22.97700   22.82900  
H    33.10700   23.81000   21.44900  
O    31.37200   21.65900   21.65300  
C    34.24100   23.02400   26.76300  
H    35.19900   22.64700   27.12700  
H    34.22200   23.43300   25.74900  
H    33.85500   23.73500   27.49800  
S    33.23000   21.52600   26.76300  
C    34.52800   20.35200   26.31400  
H    34.86900   20.31000   25.27600  
H    35.46700   20.47400   26.86100  
H    34.01200   19.43300   26.60400  
O    32.47500   21.60700   25.47400  
C    28.75500   34.72800   25.35400  
H    29.10800   33.77900   24.94200  
H    28.63400   35.48700   24.57700  
H    29.48500   35.11800   26.06800  
S    27.28600   34.61500   26.40000  
C    27.40800   36.26300   27.13000  
H    27.13100   36.92000   26.30100  
H    26.64800   36.42700   27.89800  
H    28.36600   36.50400   27.59800  
O    27.81600   33.77500   27.52000  
C    30.67900   29.11000   22.68800  
H    29.99300   28.54400   23.32300  
H    31.14400   29.94700   23.21600  
H    30.12500   29.66700   21.92800  
S    32.11800   28.28100   21.97400  
C    31.90400   28.92900   20.30000  
H    32.44100   28.34000   19.55200  
H    30.82300   28.97400   20.14500  
H    32.38400   29.91100   20.28400  
O    31.69200   26.84900   21.88200  
C    26.25700   25.21600   24.31900  
H    27.28300   25.07500   24.66900  
H    25.51900   25.24000   25.12600  
H    25.93600   24.47600   23.58200  
S    26.19600   26.81900   23.48700  
C    27.53800   26.35700   22.36800  
H    28.48100   26.09700   22.85500  
H    27.18400   25.54100   21.73300  
H    27.77400   27.15600   21.66100  
O    27.03100   27.81300   24.23300  
C    24.56900   19.31900   24.48400  
H    24.89700   19.95100   25.31400  
H    23.57200   18.94900   24.73400  
H    25.44300   18.71400   24.22800  
S    24.44000   20.43400   23.06800  
C    23.76300   21.78500   24.06000  
H    23.60600   22.59600   23.34400  
H    22.88300   21.48400   24.63300  
H    24.46200   22.06700   24.85100  
O    23.18300   20.02100   22.36600  
C    37.70000   21.45300   24.67600  
H    37.51700   21.22200   25.72800  
H    37.76200   20.49200   24.15800  
H    38.59200   22.05700   24.49300  
S    36.29600   22.40200   24.04900  
C    37.16100   22.58600   22.47300  
H    36.70900   23.41500   21.92200  
H    38.23500   22.75500   22.58000  
H    37.03000   21.62300   21.97400  
O    36.39000   23.69300   24.80100  
C    24.61000   32.74800   30.35100  
H    25.36900   32.00700   30.61600  
H    24.29200   33.06100   31.34800  
H    23.87600   32.24900   29.71400  
S    25.29200   34.14900   29.43700  
C    26.29100   34.63200   30.86400  
H    26.83000   33.72500   31.15100  
H    27.08600   35.33500   30.60200  
H    25.61200   34.99800   31.63800  
O    24.20800   35.16500   29.25400  
C    22.26200   28.10200   30.01600  
H    21.77200   28.74000   30.75700  
H    21.56600   27.26000   30.06800  
H    23.27800   27.85300   30.33200  
S    22.32100   28.95200   28.42300  
C    23.55300   27.85700   27.68200  
H    23.79400   28.27300   26.70000  
H    24.53200   27.76300   28.15900  
H    23.12400   26.85200   27.69300  
O    22.99600   30.23500   28.79600  
C    31.49700   32.92600   26.75300  
H    32.44300   32.48900   26.42400  
H    31.21700   33.88300   26.30500  
H    31.32200   33.16600   27.80400  
S    30.22400   31.67200   26.48200  
C    31.20400   30.55900   27.51500  
H    31.78500   31.03600   28.30900  
H    30.49800   29.82500   27.91000  
H    31.88800   30.05900   26.82500  
O    30.47300   31.33300   25.04600  
C    23.11200   17.40500   29.42800  
H    23.66200   17.08000   30.31500  
H    22.04900   17.44200   29.67800  
H    23.30500   16.62700   28.68500  
S    23.69200   19.03700   28.91100  
C    25.42700   18.53500   28.91000  
H    25.54200   18.00600   29.86000  
H    25.60400   17.78700   28.13300  
H    25.99300   19.46800   28.84500  
O    23.44100   19.90900   30.10100  
C    21.68300   29.47800   21.70600  
H    21.62100   30.00000   20.74700  
H    21.15500   28.54500   21.49100  
H    21.16300   30.01800   22.50200  
S    23.40700   29.33400   22.22500  
C    23.83100   28.27700   20.82200  
H    24.92300   28.28800   20.77500  
H    23.40000   27.28200   20.96100  
H    23.53300   28.71700   19.86700  
O    23.29400   28.42900   23.41200  
C    27.72200   22.26800   24.25100  
H    28.49100   23.02700   24.08300  
H    26.96100   22.10000   23.48600  
H    27.19800   22.70500   25.10500  
S    28.56600   20.72700   24.67200  
C    28.47200   20.04900   22.99900  
H    28.65500   18.97200   22.97600  
H    27.57600   20.36600   22.45900  
H    29.24600   20.57000   22.43100  
O    27.57100   19.98300   25.50700  
C    28.99300   32.67100   30.01100  
H    28.65700   33.69400   30.19700  
H    29.82300   32.61700   29.30200  
H    28.23600   32.00400   29.59100  
S    29.40900   31.96600   31.62200  
C    30.22700   30.46200   31.04200  
H    29.76100   30.24100   30.07900  
H    31.27800   30.72100   30.89200  
H    30.08800   29.60700   31.70900  
O    28.05400   31.54100   32.09600  
C    27.40000   22.09300   19.47900  
H    28.12200   21.59400   20.13100  
H    27.27500   21.38400   18.65700  
H    27.69000   23.10700   19.19400  
S    25.81900   22.17900   20.35000  
C    24.74200   23.11200   19.23900  
H    24.64800   22.57400   18.29200  
H    23.85500   23.24600   19.86200  
H    25.17200   24.06900   18.93300  
O    26.04800   23.09000   21.51500  
C    33.37000   26.97200   31.84700  
H    33.70500   25.95400   32.06200  
H    33.79400   27.41600   30.94200  
H    33.61000   27.58100   32.72200  
S    31.58900   27.03000   31.54500  
C    31.16000   25.80300   32.80000  
H    31.68100   24.87200   32.56100  
H    31.46900   26.15900   33.78700  
H    30.07300   25.69400   32.82400  
O    31.44900   26.20200   30.30600  
$end

$rem
JOBTYPE  SP
METHOD  B3LYP
BASIS  6-31+G(D)
SYMMETRY  FALSE
SYM_IGNORE  TRUE
MEM_TOTAL  12000
MEM_STATIC  4000
BASIS_LIN_DEP_THRESH  6
THRESH  14
SCF_CONVERGENCE  8
FD_MAT_VEC_PROD  FALSE
XC_GRID  000075000302
NL_GRID  1
MAX_SCF_CYCLES  200
SCF_GUESS  READ_DEN
ALMO_EFIELD  TRUE
GEN_SCFMAN  FALSE
SKIP_SCFMAN  TRUE
ESP_GRID  0
ESP_EFIELD  1
$end
