$molecule
0 1
--
0 1
C    24.98900   29.25000   25.74300  
C    26.01400   29.16800   26.88600  
C    26.47600   27.72200   27.12700  
C    27.07600   27.11000   25.85100  
C    26.09300   27.17800   24.67000  
C    25.43500   28.55000   24.44900  
H    27.24100   27.62800   27.90700  
H    26.83800   29.74400   26.44700  
H    24.09900   28.85500   26.24700  
H    24.78000   30.30600   25.53200  
H    28.03400   27.60400   25.64700  
H    27.35600   26.05200   25.92300  
H    26.71400   26.92800   23.80100  
H    25.24300   26.49200   24.77000  
H    26.05900   29.28700   23.92900  
H    24.56600   28.34300   23.81300  
H    25.65600   27.04700   27.40300  
N    25.44000   29.76900   28.09000  
H    25.05700   29.27700   28.88800  
C    25.31900   31.13300   28.24700  
H    25.09200   31.35800   29.30500  
O    25.56600   31.92900   27.35800  
--
0 1
C    23.47200   25.89100   22.16400  
H    22.91000   25.15200   21.58800  
H    23.67500   25.82000   23.23500  
H    23.03900   26.88400   22.01500  
S    25.08700   26.05700   21.37100  
C    24.57600   25.87900   19.64700  
H    23.85200   25.07400   19.49700  
H    24.20600   26.87700   19.39800  
H    25.46400   25.63600   19.05900  
O    25.72700   24.74600   21.70600  
C    32.51700   26.88200   23.83500  
H    32.45600   25.89200   24.29300  
H    32.94100   26.90200   22.82700  
H    33.01300   27.58800   24.50600  
S    30.85900   27.60000   23.89400  
C    30.05200   26.51700   22.69400  
H    30.63100   26.43900   21.77000  
H    29.89200   25.51600   23.10200  
H    29.10000   26.96800   22.40500  
O    30.96000   28.89200   23.14500  
C    27.32600   23.45000   31.97300  
H    27.43400   24.53100   32.10000  
H    26.76800   23.22800   31.06000  
H    26.68600   22.96400   32.71400  
S    29.01800   22.82900   32.10300  
C    28.61100   21.10100   32.43600  
H    28.05200   21.12200   33.37500  
H    28.16200   20.43600   31.69200  
H    29.53300   20.56400   32.67200  
O    29.45200   23.39500   33.41900  
C    31.08400   29.81600   31.81300  
H    30.61200   29.84300   30.82800  
H    31.69800   28.91800   31.92100  
H    30.32900   29.95800   32.59100  
S    32.23700   31.20400   31.89600  
C    31.18100   32.67100   31.88200  
H    30.46700   32.77400   32.70300  
H    31.90100   33.48600   31.98800  
H    30.62600   32.90500   30.97000  
O    32.84600   31.21400   30.52900  
C    24.21700   29.91600   16.30000  
H    24.48700   30.88200   16.73300  
H    24.33400   30.18300   15.24700  
H    23.18900   29.59400   16.48700  
S    25.31900   28.56300   16.77000  
C    24.06900   27.27000   16.59800  
H    23.07500   27.42000   17.02800  
H    24.00200   27.14700   15.51400  
H    24.46300   26.39300   17.11800  
O    25.54500   28.62300   18.24900  
C    27.03700   35.64900   27.00600  
H    26.45900   36.53000   27.29600  
H    27.12400   34.90300   27.80000  
H    27.99500   35.97000   26.58700  
S    26.03700   35.06500   25.61900  
C    27.21000   33.84500   24.98700  
H    26.93300   32.91800   25.49600  
H    27.17800   33.75900   23.89800  
H    28.24600   34.05400   25.26400  
O    26.25700   36.16200   24.62400  
C    26.33300   31.21300   21.36600  
H    25.93600   31.86900   20.58700  
H    26.21800   30.18200   21.02300  
H    25.86900   31.44500   22.32800  
S    28.03700   31.80600   21.46500  
C    28.15800   31.00800   23.08200  
H    28.02600   29.93200   22.94500  
H    29.17200   31.23000   23.42400  
H    27.45200   31.46300   23.78100  
O    27.97600   33.27000   21.77100  
C    30.41900   30.03900   26.73900  
H    31.43500   29.85100   26.38100  
H    30.11200   29.13800   27.27600  
H    29.65300   30.20800   25.97800  
S    30.55400   31.36300   27.96100  
C    28.85700   31.24900   28.57200  
H    28.74000   30.34300   29.17100  
H    28.63500   32.11600   29.19900  
H    28.22300   30.99200   27.71900  
O    30.68500   32.66300   27.23000  
C    31.43200   19.55800   28.51900  
H    31.43400   19.53900   29.61200  
H    31.61100   18.55800   28.11600  
H    32.25400   20.20900   28.21000  
S    29.86200   20.24400   27.94600  
C    30.15600   21.82400   28.77300  
H    30.62100   21.75000   29.75900  
H    30.80100   22.40400   28.10900  
H    29.14300   22.22600   28.86200  
O    28.94500   19.55000   28.90500  
C    24.37900   25.37200   31.78800  
H    25.29000   25.83600   32.17500  
H    23.56900   26.03600   32.10300  
H    24.21300   24.30900   31.97600  
S    24.47300   25.54500   29.99200  
C    22.70200   25.28300   29.75000  
H    22.44500   24.44100   30.39800  
H    22.09700   26.17400   29.93600  
H    22.56000   25.01700   28.69900  
O    25.12700   24.30800   29.45900  
C    24.02600   23.89900   26.62800  
H    23.83200   24.96500   26.77300  
H    23.30300   23.34600   27.23300  
H    25.01400   23.71400   27.05600  
S    24.16900   23.52400   24.86700  
C    22.39200   23.58200   24.54100  
H    22.25800   23.41000   23.47000  
H    21.83400   22.79600   25.05700  
H    22.12200   24.58500   24.87900  
O    24.41000   22.05000   24.96700  
C    28.96800   28.63800   19.80700  
H    28.85600   29.68300   19.50500  
H    27.95900   28.21800   19.82600  
H    29.51900   28.50600   20.74200  
S    29.94600   27.75300   18.57300  
C    28.65100   27.36800   17.37300  
H    28.35200   28.30800   16.90000  
H    29.00900   26.64500   16.63600  
H    27.75300   26.92400   17.81100  
O    30.29100   26.42100   19.16200  
C    23.02300   33.17200   24.04100  
H    23.73800   33.09800   23.21800  
H    23.62600   33.34500   24.93600  
H    22.45400   32.25500   24.21500  
S    21.73800   34.41700   23.78800  
C    22.89200   35.80700   23.77000  
H    23.42300   35.88900   24.72200  
H    23.60500   35.62300   22.96200  
H    22.25700   36.68500   23.62800  
O    21.00100   34.50200   25.08900  
C    28.95900   28.42900   34.78600  
H    28.89200   27.80400   35.68000  
H    29.35400   27.79200   33.99100  
H    29.70600   29.18000   35.05600  
S    27.38500   28.99100   34.09900  
C    26.46600   29.37200   35.60700  
H    26.95900   30.23800   36.05700  
H    25.49100   29.65300   35.20100  
H    26.49300   28.38200   36.06900  
O    26.58200   27.76100   33.80800  
C    25.71300   20.94300   29.65400  
H    26.50800   20.43400   29.10300  
H    25.76400   22.02900   29.53700  
H    25.59800   20.61900   30.69200  
S    24.15100   20.56100   28.83000  
C    23.12900   21.60300   29.89500  
H    22.13000   21.73100   29.47200  
H    23.13400   21.15300   30.89100  
H    23.70400   22.53100   29.95100  
O    23.94700   19.12300   29.19000  
C    18.66500   28.42600   25.30700  
H    18.06600   28.57100   26.20900  
H    18.73000   29.26300   24.60800  
H    18.35800   27.44300   24.94000  
S    20.38000   28.22100   25.83900  
C    21.01800   28.04700   24.15700  
H    21.29100   28.99100   23.67900  
H    21.84600   27.33400   24.13400  
H    20.23700   27.61600   23.52500  
O    20.46600   26.73400   25.98400  
C    35.78900   29.45500   28.42300  
H    36.31300   28.72400   27.80300  
H    36.19300   30.43500   28.15700  
H    35.73700   29.27100   29.49900  
S    34.15500   29.23800   27.68200  
C    33.45800   28.19400   28.98200  
H    32.45000   27.93100   28.64900  
H    34.16100   27.38900   29.20900  
H    33.31200   28.88100   29.81900  
O    34.24700   28.30900   26.51200  
C    22.22000   29.09600   32.52400  
H    21.23800   29.49500   32.79000  
H    22.14500   28.03800   32.26200  
H    22.87300   29.29400   33.37800  
S    22.84900   29.92900   31.05000  
C    21.58500   29.50900   29.82900  
H    21.28300   28.46000   29.86800  
H    20.66400   30.07900   29.97600  
H    22.09900   29.72800   28.88900  
O    24.19100   29.37900   30.67700  
C    28.91600   21.95900   17.79900  
H    29.01100   21.77400   16.72600  
H    29.84300   21.57400   18.23200  
H    27.97900   21.63200   18.25800  
S    28.87500   23.74800   18.04400  
C    28.69900   23.58200   19.83500  
H    29.47600   22.93300   20.24500  
H    28.73800   24.61100   20.20300  
H    27.67600   23.35100   20.14400  
O    27.43900   24.03700   17.73100  
C    27.75500   28.19400   30.63600  
H    28.31500   28.94400   31.20100  
H    27.18000   28.69000   29.85100  
H    26.98600   27.75200   31.27500  
S    28.79900   26.86000   30.00600  
C    29.56700   26.31400   31.54800  
H    30.08300   25.36100   31.40800  
H    30.10900   27.16400   31.97000  
H    28.74300   26.11000   32.23600  
O    29.96300   27.58800   29.41000  
C    21.34700   28.99400   20.36400  
H    20.70400   29.25800   19.52100  
H    22.13700   28.28700   20.09600  
H    20.70300   28.59000   21.14900  
S    22.24500   30.47700   20.87400  
C    23.22500   30.72000   19.37500  
H    22.57100   30.65200   18.50200  
H    23.71100   31.64800   19.68600  
H    23.99700   29.94600   19.35200  
O    23.22800   30.05800   21.92200  
C    21.30800   32.04100   27.26100  
H    21.46900   30.96200   27.19100  
H    21.81300   32.47400   26.39400  
H    21.73900   32.27100   28.23800  
S    19.50500   32.12800   27.34900  
C    19.47900   33.51100   28.51100  
H    20.28900   33.44000   29.24100  
H    19.53500   34.36200   27.82700  
H    18.49800   33.65200   28.97200  
O    19.21000   31.05300   28.34800  
C    27.51300   22.21900   25.93700  
H    27.64400   22.50900   26.98300  
H    26.48600   21.89800   25.74400  
H    28.21900   21.38800   25.85000  
S    27.93500   23.71200   25.01100  
C    27.60800   23.26900   23.29000  
H    28.29600   22.43500   23.12800  
H    26.59100   22.87300   23.23200  
H    27.67800   24.24500   22.80400  
O    29.43200   23.69400   25.04000  
C    25.84200   32.09500   32.77100  
H    26.15100   31.07600   32.52300  
H    25.47300   32.18000   33.79700  
H    25.06700   32.48500   32.10700  
S    27.34100   33.09500   32.90200  
C    26.40700   34.59900   33.26400  
H    26.98000   35.39600   32.78300  
H    25.42300   34.54100   32.79100  
H    26.30000   34.65900   34.35000  
O    28.02300   33.24500   31.57800  
C    22.89400   35.54200   28.49700  
H    21.83800   35.30500   28.34900  
H    22.93000   36.63500   28.49100  
H    23.51400   35.15400   27.68500  
S    23.33700   34.78100   30.07500  
C    25.10700   34.64700   29.73700  
H    25.26600   34.08600   28.81300  
H    25.48100   35.67300   29.70700  
H    25.47100   34.11200   30.61900  
O    22.97700   33.35900   29.77900  
$end

$rem
JOBTYPE  SP
METHOD  B3LYP
BASIS  6-31+G(D)
SYMMETRY  FALSE
SYM_IGNORE  TRUE
MEM_TOTAL  12000
MEM_STATIC  4000
BASIS_LIN_DEP_THRESH  6
THRESH  14
SCF_CONVERGENCE  8
FD_MAT_VEC_PROD  FALSE
XC_GRID  000075000302
NL_GRID  1
MAX_SCF_CYCLES  200
FRGM_METHOD  STOLL
SCFMI_MODE  1
ALMO_EFIELD  TRUE
$end

$rem_frgm
SCF_CONVERGENCE  4
$end


@@@

$molecule
0 1
@C    24.98900   29.25000   25.74300  
@C    26.01400   29.16800   26.88600  
@C    26.47600   27.72200   27.12700  
@C    27.07600   27.11000   25.85100  
@C    26.09300   27.17800   24.67000  
@C    25.43500   28.55000   24.44900  
@H    27.24100   27.62800   27.90700  
@H    26.83800   29.74400   26.44700  
@H    24.09900   28.85500   26.24700  
@H    24.78000   30.30600   25.53200  
@H    28.03400   27.60400   25.64700  
@H    27.35600   26.05200   25.92300  
@H    26.71400   26.92800   23.80100  
@H    25.24300   26.49200   24.77000  
@H    26.05900   29.28700   23.92900  
@H    24.56600   28.34300   23.81300  
@H    25.65600   27.04700   27.40300  
@N    25.44000   29.76900   28.09000  
@H    25.05700   29.27700   28.88800  
@C    25.31900   31.13300   28.24700  
@H    25.09200   31.35800   29.30500  
@O    25.56600   31.92900   27.35800  
C    23.47200   25.89100   22.16400  
H    22.91000   25.15200   21.58800  
H    23.67500   25.82000   23.23500  
H    23.03900   26.88400   22.01500  
S    25.08700   26.05700   21.37100  
C    24.57600   25.87900   19.64700  
H    23.85200   25.07400   19.49700  
H    24.20600   26.87700   19.39800  
H    25.46400   25.63600   19.05900  
O    25.72700   24.74600   21.70600  
C    32.51700   26.88200   23.83500  
H    32.45600   25.89200   24.29300  
H    32.94100   26.90200   22.82700  
H    33.01300   27.58800   24.50600  
S    30.85900   27.60000   23.89400  
C    30.05200   26.51700   22.69400  
H    30.63100   26.43900   21.77000  
H    29.89200   25.51600   23.10200  
H    29.10000   26.96800   22.40500  
O    30.96000   28.89200   23.14500  
C    27.32600   23.45000   31.97300  
H    27.43400   24.53100   32.10000  
H    26.76800   23.22800   31.06000  
H    26.68600   22.96400   32.71400  
S    29.01800   22.82900   32.10300  
C    28.61100   21.10100   32.43600  
H    28.05200   21.12200   33.37500  
H    28.16200   20.43600   31.69200  
H    29.53300   20.56400   32.67200  
O    29.45200   23.39500   33.41900  
C    31.08400   29.81600   31.81300  
H    30.61200   29.84300   30.82800  
H    31.69800   28.91800   31.92100  
H    30.32900   29.95800   32.59100  
S    32.23700   31.20400   31.89600  
C    31.18100   32.67100   31.88200  
H    30.46700   32.77400   32.70300  
H    31.90100   33.48600   31.98800  
H    30.62600   32.90500   30.97000  
O    32.84600   31.21400   30.52900  
C    24.21700   29.91600   16.30000  
H    24.48700   30.88200   16.73300  
H    24.33400   30.18300   15.24700  
H    23.18900   29.59400   16.48700  
S    25.31900   28.56300   16.77000  
C    24.06900   27.27000   16.59800  
H    23.07500   27.42000   17.02800  
H    24.00200   27.14700   15.51400  
H    24.46300   26.39300   17.11800  
O    25.54500   28.62300   18.24900  
C    27.03700   35.64900   27.00600  
H    26.45900   36.53000   27.29600  
H    27.12400   34.90300   27.80000  
H    27.99500   35.97000   26.58700  
S    26.03700   35.06500   25.61900  
C    27.21000   33.84500   24.98700  
H    26.93300   32.91800   25.49600  
H    27.17800   33.75900   23.89800  
H    28.24600   34.05400   25.26400  
O    26.25700   36.16200   24.62400  
C    26.33300   31.21300   21.36600  
H    25.93600   31.86900   20.58700  
H    26.21800   30.18200   21.02300  
H    25.86900   31.44500   22.32800  
S    28.03700   31.80600   21.46500  
C    28.15800   31.00800   23.08200  
H    28.02600   29.93200   22.94500  
H    29.17200   31.23000   23.42400  
H    27.45200   31.46300   23.78100  
O    27.97600   33.27000   21.77100  
C    30.41900   30.03900   26.73900  
H    31.43500   29.85100   26.38100  
H    30.11200   29.13800   27.27600  
H    29.65300   30.20800   25.97800  
S    30.55400   31.36300   27.96100  
C    28.85700   31.24900   28.57200  
H    28.74000   30.34300   29.17100  
H    28.63500   32.11600   29.19900  
H    28.22300   30.99200   27.71900  
O    30.68500   32.66300   27.23000  
C    31.43200   19.55800   28.51900  
H    31.43400   19.53900   29.61200  
H    31.61100   18.55800   28.11600  
H    32.25400   20.20900   28.21000  
S    29.86200   20.24400   27.94600  
C    30.15600   21.82400   28.77300  
H    30.62100   21.75000   29.75900  
H    30.80100   22.40400   28.10900  
H    29.14300   22.22600   28.86200  
O    28.94500   19.55000   28.90500  
C    24.37900   25.37200   31.78800  
H    25.29000   25.83600   32.17500  
H    23.56900   26.03600   32.10300  
H    24.21300   24.30900   31.97600  
S    24.47300   25.54500   29.99200  
C    22.70200   25.28300   29.75000  
H    22.44500   24.44100   30.39800  
H    22.09700   26.17400   29.93600  
H    22.56000   25.01700   28.69900  
O    25.12700   24.30800   29.45900  
C    24.02600   23.89900   26.62800  
H    23.83200   24.96500   26.77300  
H    23.30300   23.34600   27.23300  
H    25.01400   23.71400   27.05600  
S    24.16900   23.52400   24.86700  
C    22.39200   23.58200   24.54100  
H    22.25800   23.41000   23.47000  
H    21.83400   22.79600   25.05700  
H    22.12200   24.58500   24.87900  
O    24.41000   22.05000   24.96700  
C    28.96800   28.63800   19.80700  
H    28.85600   29.68300   19.50500  
H    27.95900   28.21800   19.82600  
H    29.51900   28.50600   20.74200  
S    29.94600   27.75300   18.57300  
C    28.65100   27.36800   17.37300  
H    28.35200   28.30800   16.90000  
H    29.00900   26.64500   16.63600  
H    27.75300   26.92400   17.81100  
O    30.29100   26.42100   19.16200  
C    23.02300   33.17200   24.04100  
H    23.73800   33.09800   23.21800  
H    23.62600   33.34500   24.93600  
H    22.45400   32.25500   24.21500  
S    21.73800   34.41700   23.78800  
C    22.89200   35.80700   23.77000  
H    23.42300   35.88900   24.72200  
H    23.60500   35.62300   22.96200  
H    22.25700   36.68500   23.62800  
O    21.00100   34.50200   25.08900  
C    28.95900   28.42900   34.78600  
H    28.89200   27.80400   35.68000  
H    29.35400   27.79200   33.99100  
H    29.70600   29.18000   35.05600  
S    27.38500   28.99100   34.09900  
C    26.46600   29.37200   35.60700  
H    26.95900   30.23800   36.05700  
H    25.49100   29.65300   35.20100  
H    26.49300   28.38200   36.06900  
O    26.58200   27.76100   33.80800  
C    25.71300   20.94300   29.65400  
H    26.50800   20.43400   29.10300  
H    25.76400   22.02900   29.53700  
H    25.59800   20.61900   30.69200  
S    24.15100   20.56100   28.83000  
C    23.12900   21.60300   29.89500  
H    22.13000   21.73100   29.47200  
H    23.13400   21.15300   30.89100  
H    23.70400   22.53100   29.95100  
O    23.94700   19.12300   29.19000  
C    18.66500   28.42600   25.30700  
H    18.06600   28.57100   26.20900  
H    18.73000   29.26300   24.60800  
H    18.35800   27.44300   24.94000  
S    20.38000   28.22100   25.83900  
C    21.01800   28.04700   24.15700  
H    21.29100   28.99100   23.67900  
H    21.84600   27.33400   24.13400  
H    20.23700   27.61600   23.52500  
O    20.46600   26.73400   25.98400  
C    35.78900   29.45500   28.42300  
H    36.31300   28.72400   27.80300  
H    36.19300   30.43500   28.15700  
H    35.73700   29.27100   29.49900  
S    34.15500   29.23800   27.68200  
C    33.45800   28.19400   28.98200  
H    32.45000   27.93100   28.64900  
H    34.16100   27.38900   29.20900  
H    33.31200   28.88100   29.81900  
O    34.24700   28.30900   26.51200  
C    22.22000   29.09600   32.52400  
H    21.23800   29.49500   32.79000  
H    22.14500   28.03800   32.26200  
H    22.87300   29.29400   33.37800  
S    22.84900   29.92900   31.05000  
C    21.58500   29.50900   29.82900  
H    21.28300   28.46000   29.86800  
H    20.66400   30.07900   29.97600  
H    22.09900   29.72800   28.88900  
O    24.19100   29.37900   30.67700  
C    28.91600   21.95900   17.79900  
H    29.01100   21.77400   16.72600  
H    29.84300   21.57400   18.23200  
H    27.97900   21.63200   18.25800  
S    28.87500   23.74800   18.04400  
C    28.69900   23.58200   19.83500  
H    29.47600   22.93300   20.24500  
H    28.73800   24.61100   20.20300  
H    27.67600   23.35100   20.14400  
O    27.43900   24.03700   17.73100  
C    27.75500   28.19400   30.63600  
H    28.31500   28.94400   31.20100  
H    27.18000   28.69000   29.85100  
H    26.98600   27.75200   31.27500  
S    28.79900   26.86000   30.00600  
C    29.56700   26.31400   31.54800  
H    30.08300   25.36100   31.40800  
H    30.10900   27.16400   31.97000  
H    28.74300   26.11000   32.23600  
O    29.96300   27.58800   29.41000  
C    21.34700   28.99400   20.36400  
H    20.70400   29.25800   19.52100  
H    22.13700   28.28700   20.09600  
H    20.70300   28.59000   21.14900  
S    22.24500   30.47700   20.87400  
C    23.22500   30.72000   19.37500  
H    22.57100   30.65200   18.50200  
H    23.71100   31.64800   19.68600  
H    23.99700   29.94600   19.35200  
O    23.22800   30.05800   21.92200  
C    21.30800   32.04100   27.26100  
H    21.46900   30.96200   27.19100  
H    21.81300   32.47400   26.39400  
H    21.73900   32.27100   28.23800  
S    19.50500   32.12800   27.34900  
C    19.47900   33.51100   28.51100  
H    20.28900   33.44000   29.24100  
H    19.53500   34.36200   27.82700  
H    18.49800   33.65200   28.97200  
O    19.21000   31.05300   28.34800  
C    27.51300   22.21900   25.93700  
H    27.64400   22.50900   26.98300  
H    26.48600   21.89800   25.74400  
H    28.21900   21.38800   25.85000  
S    27.93500   23.71200   25.01100  
C    27.60800   23.26900   23.29000  
H    28.29600   22.43500   23.12800  
H    26.59100   22.87300   23.23200  
H    27.67800   24.24500   22.80400  
O    29.43200   23.69400   25.04000  
C    25.84200   32.09500   32.77100  
H    26.15100   31.07600   32.52300  
H    25.47300   32.18000   33.79700  
H    25.06700   32.48500   32.10700  
S    27.34100   33.09500   32.90200  
C    26.40700   34.59900   33.26400  
H    26.98000   35.39600   32.78300  
H    25.42300   34.54100   32.79100  
H    26.30000   34.65900   34.35000  
O    28.02300   33.24500   31.57800  
C    22.89400   35.54200   28.49700  
H    21.83800   35.30500   28.34900  
H    22.93000   36.63500   28.49100  
H    23.51400   35.15400   27.68500  
S    23.33700   34.78100   30.07500  
C    25.10700   34.64700   29.73700  
H    25.26600   34.08600   28.81300  
H    25.48100   35.67300   29.70700  
H    25.47100   34.11200   30.61900  
O    22.97700   33.35900   29.77900  
$end

$rem
JOBTYPE  SP
METHOD  B3LYP
BASIS  6-31+G(D)
SYMMETRY  FALSE
SYM_IGNORE  TRUE
MEM_TOTAL  12000
MEM_STATIC  4000
BASIS_LIN_DEP_THRESH  6
THRESH  14
SCF_CONVERGENCE  8
FD_MAT_VEC_PROD  FALSE
XC_GRID  000075000302
NL_GRID  1
MAX_SCF_CYCLES  200
SCF_GUESS  READ_DEN
ALMO_EFIELD  TRUE
GEN_SCFMAN  FALSE
SKIP_SCFMAN  TRUE
ESP_GRID  0
ESP_EFIELD  1
$end
