$molecule
0 1
--
0 1
C    24.29400   20.67200   25.12100  
C    24.17200   22.15200   25.52100  
C    25.52400   22.86000   25.70500  
C    26.57500   22.48100   24.64800  
C    26.65700   20.98400   24.30700  
C    25.26700   20.42800   23.95600  
H    25.30200   23.93100   25.78600  
H    23.72900   22.62600   24.63700  
H    24.68400   20.20600   26.03400  
H    23.30500   20.23500   24.93800  
H    26.55600   23.09000   23.73600  
H    27.55700   22.65100   25.10500  
H    27.39900   20.64800   23.57200  
H    27.03500   20.56300   25.24600  
H    24.88900   20.84200   23.01300  
H    25.46200   19.37500   23.71700  
H    25.91100   22.52000   26.67400  
N    23.38000   22.35900   26.73200  
H    23.79600   22.08900   27.61500  
C    22.03600   22.65600   26.80600  
H    21.67900   22.78900   27.84400  
O    21.40100   22.91800   25.79900  
--
0 1
C    22.43600   26.06900   25.91000  
H    23.20400   26.64800   25.39300  
H    22.89700   25.66500   26.81500  
H    21.96000   25.24700   25.36900  
S    21.16900   27.12700   26.64600  
C    21.08300   28.03100   25.08300  
H    20.44100   28.89600   25.26800  
H    22.09100   28.37100   24.83600  
H    20.72700   27.41600   24.25200  
O    21.96100   27.81200   27.71600  
C    26.24500   15.67400   19.34600  
H    25.76000   14.69500   19.32300  
H    26.93900   15.79200   18.51000  
H    26.85300   15.75500   20.25000  
S    25.02300   17.00600   19.32700  
C    26.09500   18.34700   19.89000  
H    26.70000   18.72000   19.05900  
H    25.43600   19.15700   20.21300  
H    26.70600   17.91400   20.68500  
O    24.08500   16.73400   20.46200  
C    27.87700   24.04500   29.80400  
H    28.49600   24.77600   29.27800  
H    28.32600   23.05200   29.88900  
H    26.90800   23.92400   29.31200  
S    27.64500   24.44900   31.55000  
C    26.60800   25.89500   31.23700  
H    25.67400   25.67500   31.76000  
H    27.10100   26.71200   31.77000  
H    26.48600   25.92500   30.15100  
O    28.87700   25.07400   32.12700  
C    29.50400   19.99100   28.82000  
H    28.62000   19.93900   29.46000  
H    30.03100   19.03900   28.92100  
H    30.12300   20.77900   29.25500  
S    29.24300   20.19500   27.04300  
C    28.56400   18.53700   26.81100  
H    28.28700   18.53900   25.75300  
H    29.28800   17.72300   26.90900  
H    27.67000   18.29300   27.39100  
O    30.59300   20.15000   26.39800  
C    32.38400   18.01400   28.57100  
H    31.90600   18.68000   27.84800  
H    32.26000   18.51700   29.53400  
H    33.46100   17.99000   28.38600  
S    31.71300   16.33900   28.66200  
C    32.21800   15.53400   27.12500  
H    31.79800   15.99700   26.22800  
H    33.30000   15.58800   26.98300  
H    31.96600   14.47200   27.07100  
O    30.22300   16.27500   28.79500  
C    25.06900   19.65100   28.99900  
H    23.99900   19.87000   28.94700  
H    25.44200   19.64800   27.97200  
H    25.21900   18.78800   29.65300  
S    25.82400   21.06000   29.84000  
C    25.08500   20.75700   31.46100  
H    24.93700   21.65500   32.06600  
H    24.07600   20.38000   31.27700  
H    25.87500   20.09900   31.83100  
O    25.00200   22.22800   29.39000  
C    24.21100   24.30500   19.71400  
H    23.32700   23.93500   19.18900  
H    23.99200   24.89500   20.60800  
H    24.91300   24.83300   19.06400  
S    25.00300   22.77400   20.25600  
C    26.07700   22.44300   18.84100  
H    25.53400   22.79400   17.96000  
H    26.96100   23.05900   19.02400  
H    26.12400   21.35700   18.72600  
O    24.02300   21.64600   20.16900  
C    25.04200   28.43400   28.52900  
H    25.35900   29.28500   29.13700  
H    24.18300   28.65100   27.88900  
H    24.78400   27.55300   29.12200  
S    26.44700   27.94300   27.50400  
C    25.85400   26.30100   27.03900  
H    24.95100   26.35800   26.42700  
H    26.71400   25.90700   26.49100  
H    25.68800   25.75800   27.97300  
O    27.46100   27.71200   28.58000  
C    22.61400   19.14600   21.63600  
H    22.39400   18.59600   20.71800  
H    22.38400   20.20000   21.46100  
H    23.67100   18.97700   21.85500  
S    21.51300   18.44000   22.88300  
C    22.50100   16.99700   23.33800  
H    22.73700   16.53500   22.37600  
H    23.42600   17.27800   23.84700  
H    21.91400   16.36900   24.01300  
O    20.29400   17.81200   22.28200  
C    25.03000   12.42900   25.15900  
H    26.01000   12.53800   24.68900  
H    25.18100   12.73200   26.19800  
H    24.63200   11.41200   25.10100  
S    23.77400   13.46900   24.38000  
C    22.27200   12.96500   25.24800  
H    21.56000   13.78700   25.13900  
H    21.92000   12.01700   24.83500  
H    22.58200   12.83400   26.28800  
O    23.59400   12.77100   23.06700  
C    26.67400   26.40000   22.18400  
H    26.75500   26.04600   21.15300  
H    27.27700   27.28800   22.38900  
H    26.94100   25.58700   22.86300  
S    24.93800   26.84900   22.41200  
C    25.19000   28.05200   23.73600  
H    25.47000   29.00800   23.28600  
H    24.24300   28.22700   24.25200  
H    25.91400   27.62500   24.43500  
O    24.43000   25.67500   23.19100  
C    17.47200   18.89800   22.89200  
H    16.55000   18.98200   23.47200  
H    17.36100   17.97100   22.32400  
H    18.43800   19.06200   23.37800  
S    17.31200   20.09600   21.54900  
C    17.00200   21.42300   22.73600  
H    16.29700   21.05600   23.48600  
H    17.96300   21.66900   23.19500  
H    16.83000   22.40500   22.28700  
O    15.98400   19.71900   20.97000  
C    30.27000   25.58500   26.98100  
H    31.21500   25.92800   26.55000  
H    29.72600   26.41800   27.43200  
H    30.56500   24.82800   27.71200  
S    29.25000   24.70800   25.77400  
C    30.42700   23.51900   25.09000  
H    30.93900   22.92200   25.84900  
H    29.86300   22.87400   24.41100  
H    31.17800   24.08700   24.53600  
O    28.98600   25.69000   24.67600  
C    19.36200   19.02300   26.01400  
H    19.17900   17.97300   25.77300  
H    19.74400   19.42200   25.07100  
H    20.20900   19.05200   26.70400  
S    18.04200   19.97600   26.79800  
C    17.44400   18.69200   27.92000  
H    17.24300   17.71400   27.47600  
H    18.26000   18.62800   28.64400  
H    16.58600   19.03900   28.50200  
O    16.98900   19.94100   25.73400  
C    27.14000   16.71700   30.19100  
H    27.06800   16.95200   31.25600  
H    28.06100   17.08100   29.72700  
H    26.27900   17.01300   29.58800  
S    27.21000   14.91700   30.04800  
C    27.10700   14.97700   28.24500  
H    26.11100   15.40200   28.10400  
H    27.87200   15.61300   27.79200  
H    27.22200   14.01700   27.73500  
O    25.86200   14.39600   30.43600  
C    29.46800   16.59100   18.90400  
H    29.16700   17.64200   18.90100  
H    29.31100   15.95100   18.03300  
H    28.94800   16.11500   19.73900  
S    31.22900   16.64600   19.31000  
C    30.99900   15.48600   20.67700  
H    30.67700   14.48700   20.37500  
H    31.99000   15.28500   21.09200  
H    30.34600   15.97500   21.40400  
O    31.37700   17.91400   20.09000  
C    33.27800   19.45600   25.08900  
H    34.29800   19.75800   25.34100  
H    32.59500   20.30700   25.02900  
H    32.80800   18.69100   25.71300  
S    33.21300   18.69200   23.45300  
C    31.51500   18.08800   23.57700  
H    31.35800   17.53600   24.50700  
H    30.97000   19.03200   23.66300  
H    31.18300   17.69100   22.61500  
O    33.92800   17.41000   23.74900  
C    28.63800   23.36600   21.73700  
H    28.84000   24.41100   21.48700  
H    27.64300   23.10900   21.36600  
H    28.76700   23.16400   22.80300  
S    29.92900   22.37600   20.94900  
C    29.05600   20.79600   20.87600  
H    28.78100   20.57800   21.91100  
H    28.12800   20.87900   20.30400  
H    29.71500   19.97600   20.57900  
O    30.89400   22.26400   22.08800  
C    19.60600   27.13600   30.10800  
H    19.09200   26.89200   29.17500  
H    19.03500   27.89000   30.65600  
H    20.61300   27.50100   29.88700  
S    19.59000   25.80400   31.32900  
C    17.80200   25.70900   31.57800  
H    17.40300   25.64000   30.56300  
H    17.52900   24.83600   32.17700  
H    17.51500   26.67500   32.00000  
O    19.97500   26.46200   32.61700  
C    25.66700   16.28100   23.76900  
H    26.12000   17.12200   24.30000  
H    25.09800   16.49700   22.86100  
H    24.97100   15.77400   24.44300  
S    27.01300   15.16600   23.31100  
C    27.78800   14.99700   24.93500  
H    28.73300   14.50200   24.69600  
H    27.96400   16.01600   25.28900  
H    27.11900   14.45000   25.60400  
O    27.97900   16.06000   22.59600  
C    21.74600   22.36400   30.44500  
H    22.75100   22.51900   30.04300  
H    21.03200   23.11300   30.09400  
H    21.72300   22.35500   31.53700  
S    21.21700   20.79200   29.72800  
C    19.56600   20.54800   30.42300  
H    18.89100   21.33600   30.08000  
H    19.06300   19.60700   30.18800  
H    19.67100   20.51000   31.51000  
O    21.97800   19.72400   30.45100  
C    17.33300   28.53900   22.36800  
H    17.96000   28.77200   21.50400  
H    16.40300   28.14300   21.95100  
H    17.12100   29.39200   23.01700  
S    18.14600   27.31400   23.41800  
C    18.19000   26.06300   22.11400  
H    17.26100   26.12900   21.54200  
H    19.06300   26.33000   21.51200  
H    18.44600   25.11200   22.58800  
O    17.05000   26.80900   24.30400  
C    17.15800   25.33400   27.57800  
H    16.44900   24.61400   27.99400  
H    17.34500   26.20500   28.21100  
H    16.83800   25.70000   26.59900  
S    18.70700   24.44400   27.30200  
C    18.05700   23.35700   26.01300  
H    17.73900   23.98000   25.17300  
H    18.83300   22.60600   25.84500  
H    17.22200   22.75200   26.37300  
O    18.74500   23.62300   28.55400  
C    20.63200   22.09400   22.72100  
H    20.24300   21.18100   22.26400  
H    21.64600   21.85100   23.05000  
H    20.07500   22.35400   23.62500  
S    20.82300   23.26300   21.35700  
C    21.45600   24.57300   22.42800  
H    22.47500   24.21600   22.59700  
H    21.38100   25.51700   21.88200  
H    20.89100   24.65600   23.36000  
O    19.42900   23.68100   21.00400  
C    35.66300   22.85200   25.50000  
H    35.95800   23.30700   26.44800  
H    35.88000   21.79100   25.35300  
H    36.07500   23.43800   24.67400  
S    33.89100   23.15600   25.31600  
C    34.07500   22.85400   23.54300  
H    34.44000   21.83500   23.38800  
H    33.06500   22.89400   23.12600  
H    34.74800   23.55600   23.04600  
O    33.85500   24.64800   25.43200  
C    22.97900   24.83300   32.39800  
H    21.91500   24.65600   32.57800  
H    23.23600   25.88100   32.57000  
H    23.16300   24.66100   31.33400  
S    23.85500   23.55900   33.33300  
C    23.28600   23.85900   35.02100  
H    23.55800   24.85500   35.38000  
H    22.20200   23.72800   34.97800  
H    23.74600   23.03800   35.57700  
O    25.27800   24.01700   33.40500  
C    22.78400   14.91300   28.49900  
H    22.55700   14.88900   29.56800  
H    21.91100   14.82200   27.84800  
H    23.33500   14.00300   28.24700  
S    23.65800   16.46200   28.18200  
C    22.25000   17.58700   28.05800  
H    21.58900   17.60100   28.92900  
H    22.68800   18.57400   27.89000  
H    21.66900   17.47100   27.14000  
O    24.04800   16.41600   26.73800  
C    29.76800   23.63200   17.63900  
H    30.65100   23.84600   18.24600  
H    29.29400   22.76000   18.09600  
H    29.99800   23.55100   16.57300  
S    28.56100   24.95200   17.89300  
C    29.50300   26.36200   17.26900  
H    29.75700   26.20100   16.21800  
H    28.84100   27.22500   17.36800  
H    30.42200   26.50000   17.84600  
O    28.49000   25.24000   19.36000  
$end

$rem
JOBTYPE  SP
METHOD  B3LYP
BASIS  6-31+G(D)
SYMMETRY  FALSE
SYM_IGNORE  TRUE
MEM_TOTAL  12000
MEM_STATIC  4000
BASIS_LIN_DEP_THRESH  6
THRESH  14
SCF_CONVERGENCE  8
FD_MAT_VEC_PROD  FALSE
XC_GRID  000075000302
NL_GRID  1
MAX_SCF_CYCLES  200
FRGM_METHOD  STOLL
SCFMI_MODE  1
ALMO_EFIELD  TRUE
$end

$rem_frgm
SCF_CONVERGENCE  4
$end


@@@

$molecule
0 1
@C    24.29400   20.67200   25.12100  
@C    24.17200   22.15200   25.52100  
@C    25.52400   22.86000   25.70500  
@C    26.57500   22.48100   24.64800  
@C    26.65700   20.98400   24.30700  
@C    25.26700   20.42800   23.95600  
@H    25.30200   23.93100   25.78600  
@H    23.72900   22.62600   24.63700  
@H    24.68400   20.20600   26.03400  
@H    23.30500   20.23500   24.93800  
@H    26.55600   23.09000   23.73600  
@H    27.55700   22.65100   25.10500  
@H    27.39900   20.64800   23.57200  
@H    27.03500   20.56300   25.24600  
@H    24.88900   20.84200   23.01300  
@H    25.46200   19.37500   23.71700  
@H    25.91100   22.52000   26.67400  
@N    23.38000   22.35900   26.73200  
@H    23.79600   22.08900   27.61500  
@C    22.03600   22.65600   26.80600  
@H    21.67900   22.78900   27.84400  
@O    21.40100   22.91800   25.79900  
C    22.43600   26.06900   25.91000  
H    23.20400   26.64800   25.39300  
H    22.89700   25.66500   26.81500  
H    21.96000   25.24700   25.36900  
S    21.16900   27.12700   26.64600  
C    21.08300   28.03100   25.08300  
H    20.44100   28.89600   25.26800  
H    22.09100   28.37100   24.83600  
H    20.72700   27.41600   24.25200  
O    21.96100   27.81200   27.71600  
C    26.24500   15.67400   19.34600  
H    25.76000   14.69500   19.32300  
H    26.93900   15.79200   18.51000  
H    26.85300   15.75500   20.25000  
S    25.02300   17.00600   19.32700  
C    26.09500   18.34700   19.89000  
H    26.70000   18.72000   19.05900  
H    25.43600   19.15700   20.21300  
H    26.70600   17.91400   20.68500  
O    24.08500   16.73400   20.46200  
C    27.87700   24.04500   29.80400  
H    28.49600   24.77600   29.27800  
H    28.32600   23.05200   29.88900  
H    26.90800   23.92400   29.31200  
S    27.64500   24.44900   31.55000  
C    26.60800   25.89500   31.23700  
H    25.67400   25.67500   31.76000  
H    27.10100   26.71200   31.77000  
H    26.48600   25.92500   30.15100  
O    28.87700   25.07400   32.12700  
C    29.50400   19.99100   28.82000  
H    28.62000   19.93900   29.46000  
H    30.03100   19.03900   28.92100  
H    30.12300   20.77900   29.25500  
S    29.24300   20.19500   27.04300  
C    28.56400   18.53700   26.81100  
H    28.28700   18.53900   25.75300  
H    29.28800   17.72300   26.90900  
H    27.67000   18.29300   27.39100  
O    30.59300   20.15000   26.39800  
C    32.38400   18.01400   28.57100  
H    31.90600   18.68000   27.84800  
H    32.26000   18.51700   29.53400  
H    33.46100   17.99000   28.38600  
S    31.71300   16.33900   28.66200  
C    32.21800   15.53400   27.12500  
H    31.79800   15.99700   26.22800  
H    33.30000   15.58800   26.98300  
H    31.96600   14.47200   27.07100  
O    30.22300   16.27500   28.79500  
C    25.06900   19.65100   28.99900  
H    23.99900   19.87000   28.94700  
H    25.44200   19.64800   27.97200  
H    25.21900   18.78800   29.65300  
S    25.82400   21.06000   29.84000  
C    25.08500   20.75700   31.46100  
H    24.93700   21.65500   32.06600  
H    24.07600   20.38000   31.27700  
H    25.87500   20.09900   31.83100  
O    25.00200   22.22800   29.39000  
C    24.21100   24.30500   19.71400  
H    23.32700   23.93500   19.18900  
H    23.99200   24.89500   20.60800  
H    24.91300   24.83300   19.06400  
S    25.00300   22.77400   20.25600  
C    26.07700   22.44300   18.84100  
H    25.53400   22.79400   17.96000  
H    26.96100   23.05900   19.02400  
H    26.12400   21.35700   18.72600  
O    24.02300   21.64600   20.16900  
C    25.04200   28.43400   28.52900  
H    25.35900   29.28500   29.13700  
H    24.18300   28.65100   27.88900  
H    24.78400   27.55300   29.12200  
S    26.44700   27.94300   27.50400  
C    25.85400   26.30100   27.03900  
H    24.95100   26.35800   26.42700  
H    26.71400   25.90700   26.49100  
H    25.68800   25.75800   27.97300  
O    27.46100   27.71200   28.58000  
C    22.61400   19.14600   21.63600  
H    22.39400   18.59600   20.71800  
H    22.38400   20.20000   21.46100  
H    23.67100   18.97700   21.85500  
S    21.51300   18.44000   22.88300  
C    22.50100   16.99700   23.33800  
H    22.73700   16.53500   22.37600  
H    23.42600   17.27800   23.84700  
H    21.91400   16.36900   24.01300  
O    20.29400   17.81200   22.28200  
C    25.03000   12.42900   25.15900  
H    26.01000   12.53800   24.68900  
H    25.18100   12.73200   26.19800  
H    24.63200   11.41200   25.10100  
S    23.77400   13.46900   24.38000  
C    22.27200   12.96500   25.24800  
H    21.56000   13.78700   25.13900  
H    21.92000   12.01700   24.83500  
H    22.58200   12.83400   26.28800  
O    23.59400   12.77100   23.06700  
C    26.67400   26.40000   22.18400  
H    26.75500   26.04600   21.15300  
H    27.27700   27.28800   22.38900  
H    26.94100   25.58700   22.86300  
S    24.93800   26.84900   22.41200  
C    25.19000   28.05200   23.73600  
H    25.47000   29.00800   23.28600  
H    24.24300   28.22700   24.25200  
H    25.91400   27.62500   24.43500  
O    24.43000   25.67500   23.19100  
C    17.47200   18.89800   22.89200  
H    16.55000   18.98200   23.47200  
H    17.36100   17.97100   22.32400  
H    18.43800   19.06200   23.37800  
S    17.31200   20.09600   21.54900  
C    17.00200   21.42300   22.73600  
H    16.29700   21.05600   23.48600  
H    17.96300   21.66900   23.19500  
H    16.83000   22.40500   22.28700  
O    15.98400   19.71900   20.97000  
C    30.27000   25.58500   26.98100  
H    31.21500   25.92800   26.55000  
H    29.72600   26.41800   27.43200  
H    30.56500   24.82800   27.71200  
S    29.25000   24.70800   25.77400  
C    30.42700   23.51900   25.09000  
H    30.93900   22.92200   25.84900  
H    29.86300   22.87400   24.41100  
H    31.17800   24.08700   24.53600  
O    28.98600   25.69000   24.67600  
C    19.36200   19.02300   26.01400  
H    19.17900   17.97300   25.77300  
H    19.74400   19.42200   25.07100  
H    20.20900   19.05200   26.70400  
S    18.04200   19.97600   26.79800  
C    17.44400   18.69200   27.92000  
H    17.24300   17.71400   27.47600  
H    18.26000   18.62800   28.64400  
H    16.58600   19.03900   28.50200  
O    16.98900   19.94100   25.73400  
C    27.14000   16.71700   30.19100  
H    27.06800   16.95200   31.25600  
H    28.06100   17.08100   29.72700  
H    26.27900   17.01300   29.58800  
S    27.21000   14.91700   30.04800  
C    27.10700   14.97700   28.24500  
H    26.11100   15.40200   28.10400  
H    27.87200   15.61300   27.79200  
H    27.22200   14.01700   27.73500  
O    25.86200   14.39600   30.43600  
C    29.46800   16.59100   18.90400  
H    29.16700   17.64200   18.90100  
H    29.31100   15.95100   18.03300  
H    28.94800   16.11500   19.73900  
S    31.22900   16.64600   19.31000  
C    30.99900   15.48600   20.67700  
H    30.67700   14.48700   20.37500  
H    31.99000   15.28500   21.09200  
H    30.34600   15.97500   21.40400  
O    31.37700   17.91400   20.09000  
C    33.27800   19.45600   25.08900  
H    34.29800   19.75800   25.34100  
H    32.59500   20.30700   25.02900  
H    32.80800   18.69100   25.71300  
S    33.21300   18.69200   23.45300  
C    31.51500   18.08800   23.57700  
H    31.35800   17.53600   24.50700  
H    30.97000   19.03200   23.66300  
H    31.18300   17.69100   22.61500  
O    33.92800   17.41000   23.74900  
C    28.63800   23.36600   21.73700  
H    28.84000   24.41100   21.48700  
H    27.64300   23.10900   21.36600  
H    28.76700   23.16400   22.80300  
S    29.92900   22.37600   20.94900  
C    29.05600   20.79600   20.87600  
H    28.78100   20.57800   21.91100  
H    28.12800   20.87900   20.30400  
H    29.71500   19.97600   20.57900  
O    30.89400   22.26400   22.08800  
C    19.60600   27.13600   30.10800  
H    19.09200   26.89200   29.17500  
H    19.03500   27.89000   30.65600  
H    20.61300   27.50100   29.88700  
S    19.59000   25.80400   31.32900  
C    17.80200   25.70900   31.57800  
H    17.40300   25.64000   30.56300  
H    17.52900   24.83600   32.17700  
H    17.51500   26.67500   32.00000  
O    19.97500   26.46200   32.61700  
C    25.66700   16.28100   23.76900  
H    26.12000   17.12200   24.30000  
H    25.09800   16.49700   22.86100  
H    24.97100   15.77400   24.44300  
S    27.01300   15.16600   23.31100  
C    27.78800   14.99700   24.93500  
H    28.73300   14.50200   24.69600  
H    27.96400   16.01600   25.28900  
H    27.11900   14.45000   25.60400  
O    27.97900   16.06000   22.59600  
C    21.74600   22.36400   30.44500  
H    22.75100   22.51900   30.04300  
H    21.03200   23.11300   30.09400  
H    21.72300   22.35500   31.53700  
S    21.21700   20.79200   29.72800  
C    19.56600   20.54800   30.42300  
H    18.89100   21.33600   30.08000  
H    19.06300   19.60700   30.18800  
H    19.67100   20.51000   31.51000  
O    21.97800   19.72400   30.45100  
C    17.33300   28.53900   22.36800  
H    17.96000   28.77200   21.50400  
H    16.40300   28.14300   21.95100  
H    17.12100   29.39200   23.01700  
S    18.14600   27.31400   23.41800  
C    18.19000   26.06300   22.11400  
H    17.26100   26.12900   21.54200  
H    19.06300   26.33000   21.51200  
H    18.44600   25.11200   22.58800  
O    17.05000   26.80900   24.30400  
C    17.15800   25.33400   27.57800  
H    16.44900   24.61400   27.99400  
H    17.34500   26.20500   28.21100  
H    16.83800   25.70000   26.59900  
S    18.70700   24.44400   27.30200  
C    18.05700   23.35700   26.01300  
H    17.73900   23.98000   25.17300  
H    18.83300   22.60600   25.84500  
H    17.22200   22.75200   26.37300  
O    18.74500   23.62300   28.55400  
C    20.63200   22.09400   22.72100  
H    20.24300   21.18100   22.26400  
H    21.64600   21.85100   23.05000  
H    20.07500   22.35400   23.62500  
S    20.82300   23.26300   21.35700  
C    21.45600   24.57300   22.42800  
H    22.47500   24.21600   22.59700  
H    21.38100   25.51700   21.88200  
H    20.89100   24.65600   23.36000  
O    19.42900   23.68100   21.00400  
C    35.66300   22.85200   25.50000  
H    35.95800   23.30700   26.44800  
H    35.88000   21.79100   25.35300  
H    36.07500   23.43800   24.67400  
S    33.89100   23.15600   25.31600  
C    34.07500   22.85400   23.54300  
H    34.44000   21.83500   23.38800  
H    33.06500   22.89400   23.12600  
H    34.74800   23.55600   23.04600  
O    33.85500   24.64800   25.43200  
C    22.97900   24.83300   32.39800  
H    21.91500   24.65600   32.57800  
H    23.23600   25.88100   32.57000  
H    23.16300   24.66100   31.33400  
S    23.85500   23.55900   33.33300  
C    23.28600   23.85900   35.02100  
H    23.55800   24.85500   35.38000  
H    22.20200   23.72800   34.97800  
H    23.74600   23.03800   35.57700  
O    25.27800   24.01700   33.40500  
C    22.78400   14.91300   28.49900  
H    22.55700   14.88900   29.56800  
H    21.91100   14.82200   27.84800  
H    23.33500   14.00300   28.24700  
S    23.65800   16.46200   28.18200  
C    22.25000   17.58700   28.05800  
H    21.58900   17.60100   28.92900  
H    22.68800   18.57400   27.89000  
H    21.66900   17.47100   27.14000  
O    24.04800   16.41600   26.73800  
C    29.76800   23.63200   17.63900  
H    30.65100   23.84600   18.24600  
H    29.29400   22.76000   18.09600  
H    29.99800   23.55100   16.57300  
S    28.56100   24.95200   17.89300  
C    29.50300   26.36200   17.26900  
H    29.75700   26.20100   16.21800  
H    28.84100   27.22500   17.36800  
H    30.42200   26.50000   17.84600  
O    28.49000   25.24000   19.36000  
$end

$rem
JOBTYPE  SP
METHOD  B3LYP
BASIS  6-31+G(D)
SYMMETRY  FALSE
SYM_IGNORE  TRUE
MEM_TOTAL  12000
MEM_STATIC  4000
BASIS_LIN_DEP_THRESH  6
THRESH  14
SCF_CONVERGENCE  8
FD_MAT_VEC_PROD  FALSE
XC_GRID  000075000302
NL_GRID  1
MAX_SCF_CYCLES  200
SCF_GUESS  READ_DEN
ALMO_EFIELD  TRUE
GEN_SCFMAN  FALSE
SKIP_SCFMAN  TRUE
ESP_GRID  0
ESP_EFIELD  1
$end
