$molecule
0 1
--
0 1
C    21.95500   15.40300   29.13700  
C    22.53000   14.45300   28.07300  
C    23.35500   15.06000   26.92700  
C    24.38100   16.05600   27.49200  
C    23.74600   17.07800   28.45000  
C    22.95000   16.47200   29.61700  
H    23.77600   14.25600   26.31100  
H    23.24000   13.80800   28.60500  
H    21.06900   15.99000   28.86500  
H    21.63500   14.87100   30.04100  
H    25.08800   15.47500   28.09700  
H    25.00100   16.50500   26.70800  
H    24.54800   17.67800   28.89700  
H    23.19100   17.74000   27.77400  
H    23.70700   16.00300   30.25700  
H    22.41500   17.19900   30.24000  
H    22.65200   15.64700   26.32300  
N    21.50900   13.49600   27.65000  
H    21.07000   13.57700   26.74100  
C    21.15900   12.36000   28.34900  
H    20.72000   11.52800   27.76800  
O    21.21000   12.37000   29.56600  
--
0 1
C    23.18300   20.46600   23.07600  
H    22.50700   20.49800   22.21800  
H    23.79300   21.37300   23.10200  
H    23.74500   19.52800   23.08000  
S    22.02600   20.44000   24.46400  
C    21.44400   22.14500   24.32800  
H    21.98600   22.72700   23.57800  
H    20.36100   22.13800   24.18000  
H    21.63300   22.55800   25.32200  
O    22.99200   20.41600   25.60700  
C    20.53900   22.49500   28.45200  
H    20.91600   22.34500   27.43700  
H    19.59200   22.00700   28.69700  
H    20.41300   23.57900   28.50400  
S    21.81500   22.05400   29.65400  
C    22.08100   20.37800   29.03400  
H    21.06900   19.96900   29.09600  
H    22.43400   20.21900   28.01200  
H    22.72600   19.80600   29.70600  
O    21.20700   21.80100   30.99800  
C    25.77900   22.05500   31.53000  
H    26.30600   22.19600   30.58300  
H    25.61600   21.00400   31.78100  
H    24.79100   22.50500   31.40400  
S    26.52400   22.85300   32.97000  
C    28.04100   21.87200   33.02400  
H    27.94900   20.78700   32.92700  
H    28.59600   22.16500   32.13000  
H    28.49600   22.16000   33.97600  
O    25.68500   22.41600   34.13000  
C    30.04800   12.79500   25.44900  
H    29.09300   13.32100   25.52700  
H    30.37200   12.85800   24.40700  
H    29.89400   11.75300   25.74200  
S    31.32700   13.60600   26.43400  
C    32.57800   12.30300   26.42000  
H    32.04200   11.37300   26.62700  
H    32.97300   12.39100   25.40400  
H    33.25200   12.56000   27.24100  
O    30.63700   13.59900   27.76300  
C    23.97300   21.01900   36.51000  
H    24.71800   21.78800   36.29200  
H    23.54000   21.27400   37.48100  
H    24.36000   19.99800   36.54300  
S    22.56000   21.05900   35.38400  
C    21.71700   22.39600   36.25900  
H    21.40400   21.99800   37.22800  
H    22.36900   23.26800   36.17200  
H    20.83400   22.64500   35.66500  
O    21.65900   19.97900   35.89700  
C    15.89500   14.09000   24.94200  
H    16.79700   13.59600   25.31300  
H    16.03300   15.12100   24.60900  
H    15.11300   14.05400   25.70500  
S    15.20900   13.31300   23.46200  
C    15.15300   11.78500   24.42600  
H    16.12300   11.57400   24.88400  
H    14.38200   11.86600   25.19600  
H    14.82200   10.99800   23.74400  
O    16.36800   13.14000   22.53200  
C    20.17100   17.20000   26.31500  
H    20.51300   16.28500   25.82500  
H    20.97000   17.93800   26.42600  
H    19.73000   17.00200   27.29500  
S    18.96000   17.93300   25.19200  
C    18.78200   19.45200   26.15500  
H    18.32400   19.14200   27.09700  
H    19.78400   19.85700   26.31600  
H    18.15900   20.09400   25.52700  
O    17.73200   17.12800   25.48100  
C    23.35000   9.67400    29.06600  
H    22.32800   9.69000    29.45400  
H    24.04800   9.74200    29.90500  
H    23.68900   10.50100   28.43600  
S    23.84600   8.11700    28.29600  
C    22.51700   8.03600    27.07500  
H    22.52100   7.20100    26.37000  
H    21.67400   7.95800    27.76700  
H    22.56300   9.00500    26.57100  
O    23.56900   7.11100    29.36900  
C    28.04000   18.48500   30.88000  
H    28.95000   18.52600   31.48400  
H    27.82900   19.53100   30.64200  
H    27.33100   17.94200   31.51000  
S    28.49600   17.56800   29.39100  
C    29.98000   18.52400   29.00900  
H    30.33300   18.43600   27.97800  
H    29.80700   19.59700   29.12900  
H    30.75700   18.23800   29.72300  
O    27.47800   18.19200   28.48800  
C    16.39200   13.50300   30.18900  
H    17.09500   14.19100   30.66500  
H    15.60700   14.09300   29.71000  
H    15.95300   12.76400   30.86400  
S    17.31200   12.56700   28.94700  
C    17.78000   14.10000   28.11200  
H    16.87000   14.49300   27.65000  
H    18.21500   14.73600   28.88800  
H    18.44100   13.90000   27.26500  
O    16.22000   12.06700   28.05300  
C    18.02300   6.20900    26.63000  
H    18.13800   7.27500    26.41600  
H    17.49000   5.80500    25.76500  
H    17.49800   6.13000    27.58600  
S    19.59600   5.36800    26.91500  
C    20.30500   5.76600    25.30100  
H    20.41500   6.84000    25.13200  
H    21.26400   5.24900    25.21700  
H    19.62500   5.39200    24.53100  
O    19.35200   3.89400    27.02100  
C    23.85400   12.97300   31.59900  
H    24.85100   13.37200   31.80200  
H    23.83400   12.37600   30.68400  
H    23.06500   13.71800   31.46300  
S    23.39300   12.06400   33.09200  
C    21.99000   11.18300   32.37200  
H    22.28500   10.38900   31.68100  
H    21.42800   10.63800   33.13400  
H    21.32300   11.94100   31.95200  
O    22.67100   13.09900   33.89700  
C    29.00300   12.84700   32.40900  
H    28.81700   13.29900   33.38700  
H    28.10300   12.61500   31.83500  
H    29.57700   11.92900   32.55800  
S    30.09300   13.87600   31.39900  
C    31.64300   13.29800   32.12600  
H    31.76900   12.27200   31.76900  
H    32.41700   14.05800   31.99300  
H    31.34200   13.34600   33.17600  
O    29.91300   15.26600   31.92500  
C    22.94100   18.09300   33.35100  
H    21.91600   18.39500   33.58200  
H    23.66600   18.52800   34.04400  
H    23.11400   18.34500   32.30200  
S    22.97900   16.30100   33.57300  
C    21.91200   16.26200   35.03100  
H    20.86800   16.46300   34.77900  
H    21.83700   15.25700   35.45600  
H    22.33900   16.96700   35.74800  
O    24.40300   16.09000   33.98300  
C    17.24900   13.94100   34.53200  
H    16.80500   14.66200   33.84000  
H    16.63300   13.04200   34.62000  
H    17.44300   14.27200   35.55500  
S    18.86600   13.47400   33.87500  
C    19.28600   15.13900   33.31100  
H    18.64600   15.31000   32.44100  
H    19.14000   15.76700   34.19300  
H    20.32800   15.05400   32.99200  
O    18.59500   12.80200   32.56500  
C    29.08500   17.08900   25.78500  
H    29.13500   17.24300   26.86500  
H    28.04400   16.89900   25.51300  
H    29.79900   16.32700   25.45900  
S    29.66900   18.61100   25.00600  
C    28.44100   19.71200   25.74400  
H    27.42600   19.37800   25.51500  
H    28.66600   19.80300   26.81000  
H    28.63400   20.70100   25.32000  
O    29.30300   18.56500   23.55500  
C    27.65700   16.08000   22.36700  
H    27.05400   16.73600   21.73300  
H    28.02700   16.70600   23.18300  
H    28.52800   15.65400   21.86200  
S    26.71500   14.88400   23.34000  
C    25.36500   16.05200   23.61900  
H    24.59500   15.45600   24.11500  
H    25.74500   16.90400   24.18800  
H    24.97600   16.32800   22.63500  
O    27.37800   14.66200   24.66300  
C    18.89300   10.49800   25.46700  
H    18.00900   11.13500   25.38000  
H    18.88900   10.06200   26.46900  
H    19.74000   11.16400   25.28300  
S    18.72500   9.29000    24.13400  
C    18.13600   10.41500   22.84900  
H    19.05300   10.72300   22.34000  
H    17.59800   9.72200    22.19800  
H    17.60000   11.27200   23.26600  
O    17.43500   8.64300    24.53200  
C    19.19500   9.74300    30.92500  
H    19.25300   9.52200    31.99400  
H    20.12700   10.28900   30.75500  
H    18.39800   10.47500   30.77100  
S    18.91500   8.24000    29.96300  
C    20.23600   7.26100    30.71100  
H    21.06500   7.94700    30.90200  
H    19.99100   6.74500    31.64300  
H    20.41300   6.61900    29.84400  
O    19.39300   8.70200    28.62100  
C    23.00000   8.29100    23.20100  
H    23.00000   8.22300    22.11000  
H    23.97300   8.05300    23.64000  
H    22.21900   7.75400    23.74400  
S    22.63900   10.00600   23.63700  
C    23.54300   10.84200   22.31500  
H    22.90600   10.79000   21.42800  
H    23.65500   11.89500   22.58500  
H    24.49800   10.31100   22.30900  
O    23.50200   10.38500   24.80000  
C    14.27300   9.88000    28.98900  
H    14.69200   10.74800   29.50500  
H    13.55900   10.07700   28.18500  
H    13.61400   9.38000    29.70300  
S    15.46200   8.57800    28.59300  
C    15.88900   9.32900    27.00500  
H    15.16500   10.13000   26.83600  
H    16.91000   9.69700    27.13100  
H    15.84100   8.62700    26.16900  
O    14.60100   7.41800    28.20200  
C    15.18400   17.05100   31.31500  
H    14.33900   16.67800   30.73000  
H    15.88700   16.21500   31.34300  
H    14.82300   17.34000   32.30600  
S    15.92100   18.46500   30.46500  
C    16.19600   17.49200   28.96700  
H    17.17800   17.03100   29.10500  
H    15.36000   16.82900   28.73400  
H    16.20100   18.22300   28.15400  
O    17.34700   18.61600   30.89400  
C    22.98500   15.75800   20.24800  
H    22.90100   16.82500   20.02700  
H    22.28900   15.15600   19.65800  
H    22.82000   15.60000   21.31700  
S    24.66800   15.16300   19.96400  
C    24.67300   15.32700   18.16400  
H    24.69300   16.37600   17.85700  
H    25.52100   14.71200   17.85300  
H    23.77100   14.82800   17.80100  
O    24.67800   13.70000   20.28200  
C    24.60300   23.16500   26.15600  
H    24.77100   22.55500   25.26500  
H    23.64900   22.84700   26.58300  
H    24.63500   24.23500   25.93300  
S    25.94600   22.72000   27.28000  
C    25.31800   21.16200   27.94700  
H    24.30800   21.30600   28.34000  
H    25.31100   20.38600   27.17600  
H    26.00600   20.83600   28.73000  
O    25.66300   23.72000   28.35800  
C    26.75700   12.81800   27.36100  
H    27.82900   12.70400   27.54100  
H    26.33400   11.93200   26.88200  
H    26.47300   13.69700   26.77700  
S    25.89100   12.96900   28.94000  
C    26.89500   14.28700   29.66000  
H    26.47300   14.33100   30.66800  
H    27.94700   13.99200   29.70300  
H    26.77100   15.17400   29.03300  
O    26.18600   11.77200   29.79000  
C    28.64200   8.75200    26.01100  
H    28.40600   8.58800    27.06500  
H    28.53300   7.86700    25.37900  
H    29.69800   8.98100    25.84900  
S    27.62100   10.06200   25.29800  
C    26.33200   8.82400    25.03400  
H    26.66400   8.01100    24.38300  
H    26.04800   8.51000    26.04200  
H    25.51500   9.35100    24.53600  
O    28.19300   10.35700   23.94600  
C    21.72900   14.31300   23.61300  
H    22.45900   13.87400   24.29900  
H    22.10900   14.13700   22.60400  
H    21.58200   15.39300   23.69900  
S    20.10000   13.57500   23.86800  
C    19.11300   14.97000   23.28100  
H    19.01200   14.85400   22.19900  
H    18.18100   14.80200   23.82700  
H    19.52500   15.93400   23.58800  
O    19.91100   13.60500   25.35300  
$end

$rem
JOBTYPE  SP
METHOD  B3LYP
BASIS  6-31+G(D)
SYMMETRY  FALSE
SYM_IGNORE  TRUE
MEM_TOTAL  12000
MEM_STATIC  4000
BASIS_LIN_DEP_THRESH  6
THRESH  14
SCF_CONVERGENCE  8
FD_MAT_VEC_PROD  FALSE
XC_GRID  000075000302
NL_GRID  1
MAX_SCF_CYCLES  200
FRGM_METHOD  STOLL
SCFMI_MODE  1
ALMO_EFIELD  TRUE
$end

$rem_frgm
SCF_CONVERGENCE  4
$end


@@@

$molecule
0 1
@C    21.95500   15.40300   29.13700  
@C    22.53000   14.45300   28.07300  
@C    23.35500   15.06000   26.92700  
@C    24.38100   16.05600   27.49200  
@C    23.74600   17.07800   28.45000  
@C    22.95000   16.47200   29.61700  
@H    23.77600   14.25600   26.31100  
@H    23.24000   13.80800   28.60500  
@H    21.06900   15.99000   28.86500  
@H    21.63500   14.87100   30.04100  
@H    25.08800   15.47500   28.09700  
@H    25.00100   16.50500   26.70800  
@H    24.54800   17.67800   28.89700  
@H    23.19100   17.74000   27.77400  
@H    23.70700   16.00300   30.25700  
@H    22.41500   17.19900   30.24000  
@H    22.65200   15.64700   26.32300  
@N    21.50900   13.49600   27.65000  
@H    21.07000   13.57700   26.74100  
@C    21.15900   12.36000   28.34900  
@H    20.72000   11.52800   27.76800  
@O    21.21000   12.37000   29.56600  
C    23.18300   20.46600   23.07600  
H    22.50700   20.49800   22.21800  
H    23.79300   21.37300   23.10200  
H    23.74500   19.52800   23.08000  
S    22.02600   20.44000   24.46400  
C    21.44400   22.14500   24.32800  
H    21.98600   22.72700   23.57800  
H    20.36100   22.13800   24.18000  
H    21.63300   22.55800   25.32200  
O    22.99200   20.41600   25.60700  
C    20.53900   22.49500   28.45200  
H    20.91600   22.34500   27.43700  
H    19.59200   22.00700   28.69700  
H    20.41300   23.57900   28.50400  
S    21.81500   22.05400   29.65400  
C    22.08100   20.37800   29.03400  
H    21.06900   19.96900   29.09600  
H    22.43400   20.21900   28.01200  
H    22.72600   19.80600   29.70600  
O    21.20700   21.80100   30.99800  
C    25.77900   22.05500   31.53000  
H    26.30600   22.19600   30.58300  
H    25.61600   21.00400   31.78100  
H    24.79100   22.50500   31.40400  
S    26.52400   22.85300   32.97000  
C    28.04100   21.87200   33.02400  
H    27.94900   20.78700   32.92700  
H    28.59600   22.16500   32.13000  
H    28.49600   22.16000   33.97600  
O    25.68500   22.41600   34.13000  
C    30.04800   12.79500   25.44900  
H    29.09300   13.32100   25.52700  
H    30.37200   12.85800   24.40700  
H    29.89400   11.75300   25.74200  
S    31.32700   13.60600   26.43400  
C    32.57800   12.30300   26.42000  
H    32.04200   11.37300   26.62700  
H    32.97300   12.39100   25.40400  
H    33.25200   12.56000   27.24100  
O    30.63700   13.59900   27.76300  
C    23.97300   21.01900   36.51000  
H    24.71800   21.78800   36.29200  
H    23.54000   21.27400   37.48100  
H    24.36000   19.99800   36.54300  
S    22.56000   21.05900   35.38400  
C    21.71700   22.39600   36.25900  
H    21.40400   21.99800   37.22800  
H    22.36900   23.26800   36.17200  
H    20.83400   22.64500   35.66500  
O    21.65900   19.97900   35.89700  
C    15.89500   14.09000   24.94200  
H    16.79700   13.59600   25.31300  
H    16.03300   15.12100   24.60900  
H    15.11300   14.05400   25.70500  
S    15.20900   13.31300   23.46200  
C    15.15300   11.78500   24.42600  
H    16.12300   11.57400   24.88400  
H    14.38200   11.86600   25.19600  
H    14.82200   10.99800   23.74400  
O    16.36800   13.14000   22.53200  
C    20.17100   17.20000   26.31500  
H    20.51300   16.28500   25.82500  
H    20.97000   17.93800   26.42600  
H    19.73000   17.00200   27.29500  
S    18.96000   17.93300   25.19200  
C    18.78200   19.45200   26.15500  
H    18.32400   19.14200   27.09700  
H    19.78400   19.85700   26.31600  
H    18.15900   20.09400   25.52700  
O    17.73200   17.12800   25.48100  
C    23.35000   9.67400    29.06600  
H    22.32800   9.69000    29.45400  
H    24.04800   9.74200    29.90500  
H    23.68900   10.50100   28.43600  
S    23.84600   8.11700    28.29600  
C    22.51700   8.03600    27.07500  
H    22.52100   7.20100    26.37000  
H    21.67400   7.95800    27.76700  
H    22.56300   9.00500    26.57100  
O    23.56900   7.11100    29.36900  
C    28.04000   18.48500   30.88000  
H    28.95000   18.52600   31.48400  
H    27.82900   19.53100   30.64200  
H    27.33100   17.94200   31.51000  
S    28.49600   17.56800   29.39100  
C    29.98000   18.52400   29.00900  
H    30.33300   18.43600   27.97800  
H    29.80700   19.59700   29.12900  
H    30.75700   18.23800   29.72300  
O    27.47800   18.19200   28.48800  
C    16.39200   13.50300   30.18900  
H    17.09500   14.19100   30.66500  
H    15.60700   14.09300   29.71000  
H    15.95300   12.76400   30.86400  
S    17.31200   12.56700   28.94700  
C    17.78000   14.10000   28.11200  
H    16.87000   14.49300   27.65000  
H    18.21500   14.73600   28.88800  
H    18.44100   13.90000   27.26500  
O    16.22000   12.06700   28.05300  
C    18.02300   6.20900    26.63000  
H    18.13800   7.27500    26.41600  
H    17.49000   5.80500    25.76500  
H    17.49800   6.13000    27.58600  
S    19.59600   5.36800    26.91500  
C    20.30500   5.76600    25.30100  
H    20.41500   6.84000    25.13200  
H    21.26400   5.24900    25.21700  
H    19.62500   5.39200    24.53100  
O    19.35200   3.89400    27.02100  
C    23.85400   12.97300   31.59900  
H    24.85100   13.37200   31.80200  
H    23.83400   12.37600   30.68400  
H    23.06500   13.71800   31.46300  
S    23.39300   12.06400   33.09200  
C    21.99000   11.18300   32.37200  
H    22.28500   10.38900   31.68100  
H    21.42800   10.63800   33.13400  
H    21.32300   11.94100   31.95200  
O    22.67100   13.09900   33.89700  
C    29.00300   12.84700   32.40900  
H    28.81700   13.29900   33.38700  
H    28.10300   12.61500   31.83500  
H    29.57700   11.92900   32.55800  
S    30.09300   13.87600   31.39900  
C    31.64300   13.29800   32.12600  
H    31.76900   12.27200   31.76900  
H    32.41700   14.05800   31.99300  
H    31.34200   13.34600   33.17600  
O    29.91300   15.26600   31.92500  
C    22.94100   18.09300   33.35100  
H    21.91600   18.39500   33.58200  
H    23.66600   18.52800   34.04400  
H    23.11400   18.34500   32.30200  
S    22.97900   16.30100   33.57300  
C    21.91200   16.26200   35.03100  
H    20.86800   16.46300   34.77900  
H    21.83700   15.25700   35.45600  
H    22.33900   16.96700   35.74800  
O    24.40300   16.09000   33.98300  
C    17.24900   13.94100   34.53200  
H    16.80500   14.66200   33.84000  
H    16.63300   13.04200   34.62000  
H    17.44300   14.27200   35.55500  
S    18.86600   13.47400   33.87500  
C    19.28600   15.13900   33.31100  
H    18.64600   15.31000   32.44100  
H    19.14000   15.76700   34.19300  
H    20.32800   15.05400   32.99200  
O    18.59500   12.80200   32.56500  
C    29.08500   17.08900   25.78500  
H    29.13500   17.24300   26.86500  
H    28.04400   16.89900   25.51300  
H    29.79900   16.32700   25.45900  
S    29.66900   18.61100   25.00600  
C    28.44100   19.71200   25.74400  
H    27.42600   19.37800   25.51500  
H    28.66600   19.80300   26.81000  
H    28.63400   20.70100   25.32000  
O    29.30300   18.56500   23.55500  
C    27.65700   16.08000   22.36700  
H    27.05400   16.73600   21.73300  
H    28.02700   16.70600   23.18300  
H    28.52800   15.65400   21.86200  
S    26.71500   14.88400   23.34000  
C    25.36500   16.05200   23.61900  
H    24.59500   15.45600   24.11500  
H    25.74500   16.90400   24.18800  
H    24.97600   16.32800   22.63500  
O    27.37800   14.66200   24.66300  
C    18.89300   10.49800   25.46700  
H    18.00900   11.13500   25.38000  
H    18.88900   10.06200   26.46900  
H    19.74000   11.16400   25.28300  
S    18.72500   9.29000    24.13400  
C    18.13600   10.41500   22.84900  
H    19.05300   10.72300   22.34000  
H    17.59800   9.72200    22.19800  
H    17.60000   11.27200   23.26600  
O    17.43500   8.64300    24.53200  
C    19.19500   9.74300    30.92500  
H    19.25300   9.52200    31.99400  
H    20.12700   10.28900   30.75500  
H    18.39800   10.47500   30.77100  
S    18.91500   8.24000    29.96300  
C    20.23600   7.26100    30.71100  
H    21.06500   7.94700    30.90200  
H    19.99100   6.74500    31.64300  
H    20.41300   6.61900    29.84400  
O    19.39300   8.70200    28.62100  
C    23.00000   8.29100    23.20100  
H    23.00000   8.22300    22.11000  
H    23.97300   8.05300    23.64000  
H    22.21900   7.75400    23.74400  
S    22.63900   10.00600   23.63700  
C    23.54300   10.84200   22.31500  
H    22.90600   10.79000   21.42800  
H    23.65500   11.89500   22.58500  
H    24.49800   10.31100   22.30900  
O    23.50200   10.38500   24.80000  
C    14.27300   9.88000    28.98900  
H    14.69200   10.74800   29.50500  
H    13.55900   10.07700   28.18500  
H    13.61400   9.38000    29.70300  
S    15.46200   8.57800    28.59300  
C    15.88900   9.32900    27.00500  
H    15.16500   10.13000   26.83600  
H    16.91000   9.69700    27.13100  
H    15.84100   8.62700    26.16900  
O    14.60100   7.41800    28.20200  
C    15.18400   17.05100   31.31500  
H    14.33900   16.67800   30.73000  
H    15.88700   16.21500   31.34300  
H    14.82300   17.34000   32.30600  
S    15.92100   18.46500   30.46500  
C    16.19600   17.49200   28.96700  
H    17.17800   17.03100   29.10500  
H    15.36000   16.82900   28.73400  
H    16.20100   18.22300   28.15400  
O    17.34700   18.61600   30.89400  
C    22.98500   15.75800   20.24800  
H    22.90100   16.82500   20.02700  
H    22.28900   15.15600   19.65800  
H    22.82000   15.60000   21.31700  
S    24.66800   15.16300   19.96400  
C    24.67300   15.32700   18.16400  
H    24.69300   16.37600   17.85700  
H    25.52100   14.71200   17.85300  
H    23.77100   14.82800   17.80100  
O    24.67800   13.70000   20.28200  
C    24.60300   23.16500   26.15600  
H    24.77100   22.55500   25.26500  
H    23.64900   22.84700   26.58300  
H    24.63500   24.23500   25.93300  
S    25.94600   22.72000   27.28000  
C    25.31800   21.16200   27.94700  
H    24.30800   21.30600   28.34000  
H    25.31100   20.38600   27.17600  
H    26.00600   20.83600   28.73000  
O    25.66300   23.72000   28.35800  
C    26.75700   12.81800   27.36100  
H    27.82900   12.70400   27.54100  
H    26.33400   11.93200   26.88200  
H    26.47300   13.69700   26.77700  
S    25.89100   12.96900   28.94000  
C    26.89500   14.28700   29.66000  
H    26.47300   14.33100   30.66800  
H    27.94700   13.99200   29.70300  
H    26.77100   15.17400   29.03300  
O    26.18600   11.77200   29.79000  
C    28.64200   8.75200    26.01100  
H    28.40600   8.58800    27.06500  
H    28.53300   7.86700    25.37900  
H    29.69800   8.98100    25.84900  
S    27.62100   10.06200   25.29800  
C    26.33200   8.82400    25.03400  
H    26.66400   8.01100    24.38300  
H    26.04800   8.51000    26.04200  
H    25.51500   9.35100    24.53600  
O    28.19300   10.35700   23.94600  
C    21.72900   14.31300   23.61300  
H    22.45900   13.87400   24.29900  
H    22.10900   14.13700   22.60400  
H    21.58200   15.39300   23.69900  
S    20.10000   13.57500   23.86800  
C    19.11300   14.97000   23.28100  
H    19.01200   14.85400   22.19900  
H    18.18100   14.80200   23.82700  
H    19.52500   15.93400   23.58800  
O    19.91100   13.60500   25.35300  
$end

$rem
JOBTYPE  SP
METHOD  B3LYP
BASIS  6-31+G(D)
SYMMETRY  FALSE
SYM_IGNORE  TRUE
MEM_TOTAL  12000
MEM_STATIC  4000
BASIS_LIN_DEP_THRESH  6
THRESH  14
SCF_CONVERGENCE  8
FD_MAT_VEC_PROD  FALSE
XC_GRID  000075000302
NL_GRID  1
MAX_SCF_CYCLES  200
SCF_GUESS  READ_DEN
ALMO_EFIELD  TRUE
GEN_SCFMAN  FALSE
SKIP_SCFMAN  TRUE
ESP_GRID  0
ESP_EFIELD  1
$end
