$molecule
0 1
--
0 1
C    27.23900   19.62100   24.73300  
C    27.88700   20.59200   25.73300  
C    29.15300   20.00600   26.38000  
C    30.17100   19.52200   25.33500  
C    29.50900   18.76600   24.17200  
C    28.28600   19.51100   23.61200  
H    29.51300   20.67800   27.16900  
H    28.20700   21.51200   25.23000  
H    26.99400   18.63600   25.14700  
H    26.40300   20.18200   24.29500  
H    30.63100   20.43000   24.92500  
H    31.01800   18.95700   25.74300  
H    30.13000   18.62000   23.27900  
H    29.21200   17.80100   24.60100  
H    28.48300   20.53500   23.27100  
H    27.89700   18.92200   22.77300  
H    28.88000   19.08400   26.90800  
N    27.00400   20.95900   26.83900  
H    26.70200   20.17100   27.39900  
C    26.75800   22.26100   27.22200  
H    26.05300   22.37400   28.06500  
O    27.30100   23.23700   26.73500  
--
0 1
C    25.23900   16.66400   22.40500  
H    24.66500   15.74500   22.25800  
H    26.24400   16.60000   21.98100  
H    25.35100   16.98600   23.44300  
S    24.28500   17.91500   21.51500  
C    23.27200   18.28500   22.96500  
H    22.99600   17.42000   23.57400  
H    23.88900   18.94600   23.57800  
H    22.39800   18.80600   22.56400  
O    23.38500   17.08900   20.65000  
C    31.09000   21.11600   30.53400  
H    32.03000   20.61200   30.29600  
H    30.30300   20.83000   29.83100  
H    31.11300   22.20900   30.53800  
S    30.55000   20.55100   32.16300  
C    31.85100   21.43800   33.05000  
H    32.58100   20.81100   33.56800  
H    32.43600   22.03900   32.34900  
H    31.36000   22.09300   33.77500  
O    30.95400   19.11400   32.05200  
C    34.66200   21.33900   27.68600  
H    35.47500   20.64500   27.46000  
H    34.81000   21.79000   28.67100  
H    33.77600   20.71900   27.84700  
S    34.54000   22.53300   26.33500  
C    34.24700   21.38000   24.97500  
H    33.42100   21.78800   24.38800  
H    35.20200   21.30300   24.44900  
H    33.90400   20.44800   25.43200  
O    35.94700   22.96900   26.07300  
C    28.33100   14.59900   24.12200  
H    27.86700   15.09700   23.26600  
H    27.56600   14.02300   24.64900  
H    28.83500   15.35900   24.72500  
S    29.47300   13.48800   23.26900  
C    30.17900   12.80300   24.78400  
H    29.44300   12.20500   25.32700  
H    31.10300   12.25000   24.59600  
H    30.57500   13.69300   25.28000  
O    30.52000   14.37500   22.67100  
C    24.75200   22.47600   22.63600  
H    24.66700   22.39500   21.54900  
H    25.57200   23.18600   22.76900  
H    25.05600   21.51400   23.05500  
S    23.15200   23.06300   23.23700  
C    23.64600   23.04300   24.97500  
H    22.80600   23.21800   25.65100  
H    24.06900   22.04100   25.08400  
H    24.48200   23.74000   25.07400  
O    22.46700   21.73300   23.18000  
C    24.71200   11.65100   25.64600  
H    24.29600   11.70700   26.65500  
H    24.17600   11.01100   24.94100  
H    25.76800   11.39900   25.77800  
S    24.67100   13.27300   24.85000  
C    22.89000   13.34100   24.55200  
H    22.66300   12.53600   23.84900  
H    22.40500   13.25900   25.52800  
H    22.61400   14.30600   24.11900  
O    25.41700   13.04000   23.57300  
C    28.96500   13.73500   28.33600  
H    28.21600   12.95000   28.20700  
H    29.36700   13.91900   27.33700  
H    29.82400   13.48400   28.96300  
S    28.22600   15.27400   28.93000  
C    29.67200   16.35000   28.80100  
H    29.42700   17.22500   29.40900  
H    30.49300   15.85500   29.32700  
H    30.01300   16.58300   27.78900  
O    28.17700   15.05300   30.40900  
C    28.90400   25.61000   22.12100  
H    29.61800   25.82800   22.92000  
H    29.41500   25.63000   21.15500  
H    28.17500   26.42300   22.08900  
S    28.06600   24.01500   22.26600  
C    29.52800   22.97500   22.48000  
H    29.46700   21.99200   22.00600  
H    30.46900   23.45000   22.19100  
H    29.68000   22.91500   23.56100  
O    27.69000   23.66700   20.86000  
C    30.40200   23.36500   26.77900  
H    29.64700   23.03800   26.05900  
H    31.22700   22.65000   26.82500  
H    29.99500   23.69600   27.73800  
S    31.27600   24.67400   25.89200  
C    29.96500   25.91800   25.85600  
H    30.30400   26.83400   25.36400  
H    29.08200   25.54900   25.32800  
H    29.76700   26.15300   26.90500  
O    31.59500   24.15600   24.52500  
C    24.83000   18.29200   31.04100  
H    24.55000   19.32600   31.25500  
H    24.02700   17.77400   30.51000  
H    24.97300   17.81700   32.01500  
S    26.32400   18.02500   30.06000  
C    27.49100   18.75700   31.23100  
H    26.99900   19.57200   31.76700  
H    27.82600   18.00000   31.94500  
H    28.29400   19.21900   30.65200  
O    26.31700   19.02900   28.95000  
C    36.66300   17.44200   21.34900  
H    37.37700   17.92700   20.67900  
H    37.00400   16.54100   21.86700  
H    35.76200   17.30700   20.74500  
S    36.00300   18.62300   22.54700  
C    34.48700   17.72100   22.94000  
H    34.66700   16.73000   23.36300  
H    33.86800   18.24800   23.67100  
H    33.90300   17.56100   22.03000  
O    35.55800   19.77600   21.70200  
C    29.77100   20.31300   19.84800  
H    29.73000   19.97500   20.88600  
H    29.18300   21.18900   19.56400  
H    29.55100   19.54300   19.10400  
S    31.50500   20.69000   19.50400  
C    32.25100   19.26500   20.32600  
H    31.75800   19.11000   21.28900  
H    32.10600   18.43000   19.63500  
H    33.29800   19.54100   20.47800  
O    31.95500   21.81500   20.38300  
C    34.69300   16.34100   28.12400  
H    35.15000   17.04000   28.83000  
H    34.29600   15.49100   28.68400  
H    35.36300   15.90300   27.38000  
S    33.25900   17.21200   27.45100  
C    33.03600   16.12400   26.02500  
H    32.21700   16.38800   25.35100  
H    33.99900   16.13000   25.51000  
H    32.92900   15.10300   26.40000  
O    33.79400   18.50300   26.91600  
C    24.03600   25.75300   27.21400  
H    23.19900   25.87700   26.52200  
H    24.02500   24.70600   27.52500  
H    23.81700   26.46600   28.01300  
S    25.46300   26.11900   26.16700  
C    26.56200   26.66500   27.49400  
H    27.30700   27.38400   27.14500  
H    26.05600   27.11200   28.35400  
H    27.15400   25.80400   27.81700  
O    25.05200   27.36600   25.44800  
C    26.50800   12.24700   20.39800  
H    25.91600   11.63900   19.70800  
H    27.49400   11.78200   20.47700  
H    26.03500   12.16800   21.38000  
S    26.60600   14.00000   19.97400  
C    24.82100   14.28000   19.92600  
H    24.77700   15.27300   19.47000  
H    24.38200   13.49300   19.30800  
H    24.46300   14.24300   20.95800  
O    27.00900   14.11100   18.53600  
C    22.79500   20.27100   27.09100  
H    21.83700   20.79700   27.09500  
H    23.36300   20.64700   26.23600  
H    22.56100   19.20300   27.07200  
S    23.63100   20.88600   28.57000  
C    22.30100   20.75300   29.78600  
H    22.47900   21.44500   30.61400  
H    21.30800   20.91400   29.35700  
H    22.30900   19.71500   30.12600  
O    23.59400   22.37200   28.39600  
C    18.87800   24.11400   31.43400  
H    18.90600   25.09800   30.96000  
H    18.52600   23.32500   30.76400  
H    18.25000   24.11100   32.32900  
S    20.59500   23.83900   31.92400  
C    21.06000   23.95500   30.18200  
H    20.63500   23.03200   29.77900  
H    20.63100   24.82200   29.67500  
H    22.14900   23.90500   30.09600  
O    20.70700   22.39200   32.29100  
C    33.97800   23.41400   21.82700  
H    33.20000   23.08200   22.52000  
H    33.44300   23.80500   20.95700  
H    34.52500   22.50900   21.55200  
S    35.10900   24.63200   22.53600  
C    33.86700   25.91700   22.80800  
H    33.08400   25.88400   22.04600  
H    33.36300   25.49000   23.67900  
H    34.20400   26.95400   22.87500  
O    35.78400   24.93900   21.23600  
C    26.38500   23.74400   30.31100  
H    26.34000   24.61600   30.96900  
H    26.21700   24.11300   29.29600  
H    25.60400   23.06100   30.65500  
S    27.91400   22.82500   30.60000  
C    27.59500   22.85600   32.37800  
H    26.78600   22.13100   32.49900  
H    28.52900   22.62800   32.89900  
H    27.26600   23.82000   32.77400  
O    28.92700   23.91900   30.46700  
C    24.75500   15.45000   28.42900  
H    25.26500   14.63700   27.90600  
H    25.37900   15.78800   29.26100  
H    23.89400   15.00700   28.93500  
S    24.29800   16.79400   27.31000  
C    22.59100   16.27100   27.02900  
H    21.90400   16.66500   27.78200  
H    22.32800   16.57500   26.01200  
H    22.62300   15.18000   27.06900  
O    25.07200   16.50300   26.06200  
C    25.77500   17.31000   17.73100  
H    26.68100   16.77600   18.02800  
H    24.83300   16.88900   18.09300  
H    25.80500   17.52600   16.66000  
S    25.78800   18.93200   18.52800  
C    24.17500   19.51500   17.95800  
H    23.39300   18.95600   18.47700  
H    24.02500   20.59700   17.94200  
H    24.12100   19.21700   16.90700  
O    26.83200   19.79500   17.89200  
C    31.85600   28.31900   27.45100  
H    31.90400   28.41600   26.36400  
H    32.49500   29.04200   27.96500  
H    32.14000   27.29100   27.69400  
S    30.22900   28.92800   27.94800  
C    30.36100   30.61000   27.30000  
H    31.31000   31.08300   27.56700  
H    30.37200   30.65700   26.20800  
H    29.51100   31.18000   27.68300  
O    30.33900   29.25800   29.40400  
$end

$rem
JOBTYPE  SP
METHOD  B3LYP
BASIS  6-31+G(D)
SYMMETRY  FALSE
SYM_IGNORE  TRUE
MEM_TOTAL  12000
MEM_STATIC  4000
BASIS_LIN_DEP_THRESH  6
THRESH  14
SCF_CONVERGENCE  8
FD_MAT_VEC_PROD  FALSE
XC_GRID  000075000302
NL_GRID  1
MAX_SCF_CYCLES  200
FRGM_METHOD  STOLL
SCFMI_MODE  1
ALMO_EFIELD  TRUE
$end

$rem_frgm
SCF_CONVERGENCE  4
$end


@@@

$molecule
0 1
@C    27.23900   19.62100   24.73300  
@C    27.88700   20.59200   25.73300  
@C    29.15300   20.00600   26.38000  
@C    30.17100   19.52200   25.33500  
@C    29.50900   18.76600   24.17200  
@C    28.28600   19.51100   23.61200  
@H    29.51300   20.67800   27.16900  
@H    28.20700   21.51200   25.23000  
@H    26.99400   18.63600   25.14700  
@H    26.40300   20.18200   24.29500  
@H    30.63100   20.43000   24.92500  
@H    31.01800   18.95700   25.74300  
@H    30.13000   18.62000   23.27900  
@H    29.21200   17.80100   24.60100  
@H    28.48300   20.53500   23.27100  
@H    27.89700   18.92200   22.77300  
@H    28.88000   19.08400   26.90800  
@N    27.00400   20.95900   26.83900  
@H    26.70200   20.17100   27.39900  
@C    26.75800   22.26100   27.22200  
@H    26.05300   22.37400   28.06500  
@O    27.30100   23.23700   26.73500  
C    25.23900   16.66400   22.40500  
H    24.66500   15.74500   22.25800  
H    26.24400   16.60000   21.98100  
H    25.35100   16.98600   23.44300  
S    24.28500   17.91500   21.51500  
C    23.27200   18.28500   22.96500  
H    22.99600   17.42000   23.57400  
H    23.88900   18.94600   23.57800  
H    22.39800   18.80600   22.56400  
O    23.38500   17.08900   20.65000  
C    31.09000   21.11600   30.53400  
H    32.03000   20.61200   30.29600  
H    30.30300   20.83000   29.83100  
H    31.11300   22.20900   30.53800  
S    30.55000   20.55100   32.16300  
C    31.85100   21.43800   33.05000  
H    32.58100   20.81100   33.56800  
H    32.43600   22.03900   32.34900  
H    31.36000   22.09300   33.77500  
O    30.95400   19.11400   32.05200  
C    34.66200   21.33900   27.68600  
H    35.47500   20.64500   27.46000  
H    34.81000   21.79000   28.67100  
H    33.77600   20.71900   27.84700  
S    34.54000   22.53300   26.33500  
C    34.24700   21.38000   24.97500  
H    33.42100   21.78800   24.38800  
H    35.20200   21.30300   24.44900  
H    33.90400   20.44800   25.43200  
O    35.94700   22.96900   26.07300  
C    28.33100   14.59900   24.12200  
H    27.86700   15.09700   23.26600  
H    27.56600   14.02300   24.64900  
H    28.83500   15.35900   24.72500  
S    29.47300   13.48800   23.26900  
C    30.17900   12.80300   24.78400  
H    29.44300   12.20500   25.32700  
H    31.10300   12.25000   24.59600  
H    30.57500   13.69300   25.28000  
O    30.52000   14.37500   22.67100  
C    24.75200   22.47600   22.63600  
H    24.66700   22.39500   21.54900  
H    25.57200   23.18600   22.76900  
H    25.05600   21.51400   23.05500  
S    23.15200   23.06300   23.23700  
C    23.64600   23.04300   24.97500  
H    22.80600   23.21800   25.65100  
H    24.06900   22.04100   25.08400  
H    24.48200   23.74000   25.07400  
O    22.46700   21.73300   23.18000  
C    24.71200   11.65100   25.64600  
H    24.29600   11.70700   26.65500  
H    24.17600   11.01100   24.94100  
H    25.76800   11.39900   25.77800  
S    24.67100   13.27300   24.85000  
C    22.89000   13.34100   24.55200  
H    22.66300   12.53600   23.84900  
H    22.40500   13.25900   25.52800  
H    22.61400   14.30600   24.11900  
O    25.41700   13.04000   23.57300  
C    28.96500   13.73500   28.33600  
H    28.21600   12.95000   28.20700  
H    29.36700   13.91900   27.33700  
H    29.82400   13.48400   28.96300  
S    28.22600   15.27400   28.93000  
C    29.67200   16.35000   28.80100  
H    29.42700   17.22500   29.40900  
H    30.49300   15.85500   29.32700  
H    30.01300   16.58300   27.78900  
O    28.17700   15.05300   30.40900  
C    28.90400   25.61000   22.12100  
H    29.61800   25.82800   22.92000  
H    29.41500   25.63000   21.15500  
H    28.17500   26.42300   22.08900  
S    28.06600   24.01500   22.26600  
C    29.52800   22.97500   22.48000  
H    29.46700   21.99200   22.00600  
H    30.46900   23.45000   22.19100  
H    29.68000   22.91500   23.56100  
O    27.69000   23.66700   20.86000  
C    30.40200   23.36500   26.77900  
H    29.64700   23.03800   26.05900  
H    31.22700   22.65000   26.82500  
H    29.99500   23.69600   27.73800  
S    31.27600   24.67400   25.89200  
C    29.96500   25.91800   25.85600  
H    30.30400   26.83400   25.36400  
H    29.08200   25.54900   25.32800  
H    29.76700   26.15300   26.90500  
O    31.59500   24.15600   24.52500  
C    24.83000   18.29200   31.04100  
H    24.55000   19.32600   31.25500  
H    24.02700   17.77400   30.51000  
H    24.97300   17.81700   32.01500  
S    26.32400   18.02500   30.06000  
C    27.49100   18.75700   31.23100  
H    26.99900   19.57200   31.76700  
H    27.82600   18.00000   31.94500  
H    28.29400   19.21900   30.65200  
O    26.31700   19.02900   28.95000  
C    36.66300   17.44200   21.34900  
H    37.37700   17.92700   20.67900  
H    37.00400   16.54100   21.86700  
H    35.76200   17.30700   20.74500  
S    36.00300   18.62300   22.54700  
C    34.48700   17.72100   22.94000  
H    34.66700   16.73000   23.36300  
H    33.86800   18.24800   23.67100  
H    33.90300   17.56100   22.03000  
O    35.55800   19.77600   21.70200  
C    29.77100   20.31300   19.84800  
H    29.73000   19.97500   20.88600  
H    29.18300   21.18900   19.56400  
H    29.55100   19.54300   19.10400  
S    31.50500   20.69000   19.50400  
C    32.25100   19.26500   20.32600  
H    31.75800   19.11000   21.28900  
H    32.10600   18.43000   19.63500  
H    33.29800   19.54100   20.47800  
O    31.95500   21.81500   20.38300  
C    34.69300   16.34100   28.12400  
H    35.15000   17.04000   28.83000  
H    34.29600   15.49100   28.68400  
H    35.36300   15.90300   27.38000  
S    33.25900   17.21200   27.45100  
C    33.03600   16.12400   26.02500  
H    32.21700   16.38800   25.35100  
H    33.99900   16.13000   25.51000  
H    32.92900   15.10300   26.40000  
O    33.79400   18.50300   26.91600  
C    24.03600   25.75300   27.21400  
H    23.19900   25.87700   26.52200  
H    24.02500   24.70600   27.52500  
H    23.81700   26.46600   28.01300  
S    25.46300   26.11900   26.16700  
C    26.56200   26.66500   27.49400  
H    27.30700   27.38400   27.14500  
H    26.05600   27.11200   28.35400  
H    27.15400   25.80400   27.81700  
O    25.05200   27.36600   25.44800  
C    26.50800   12.24700   20.39800  
H    25.91600   11.63900   19.70800  
H    27.49400   11.78200   20.47700  
H    26.03500   12.16800   21.38000  
S    26.60600   14.00000   19.97400  
C    24.82100   14.28000   19.92600  
H    24.77700   15.27300   19.47000  
H    24.38200   13.49300   19.30800  
H    24.46300   14.24300   20.95800  
O    27.00900   14.11100   18.53600  
C    22.79500   20.27100   27.09100  
H    21.83700   20.79700   27.09500  
H    23.36300   20.64700   26.23600  
H    22.56100   19.20300   27.07200  
S    23.63100   20.88600   28.57000  
C    22.30100   20.75300   29.78600  
H    22.47900   21.44500   30.61400  
H    21.30800   20.91400   29.35700  
H    22.30900   19.71500   30.12600  
O    23.59400   22.37200   28.39600  
C    18.87800   24.11400   31.43400  
H    18.90600   25.09800   30.96000  
H    18.52600   23.32500   30.76400  
H    18.25000   24.11100   32.32900  
S    20.59500   23.83900   31.92400  
C    21.06000   23.95500   30.18200  
H    20.63500   23.03200   29.77900  
H    20.63100   24.82200   29.67500  
H    22.14900   23.90500   30.09600  
O    20.70700   22.39200   32.29100  
C    33.97800   23.41400   21.82700  
H    33.20000   23.08200   22.52000  
H    33.44300   23.80500   20.95700  
H    34.52500   22.50900   21.55200  
S    35.10900   24.63200   22.53600  
C    33.86700   25.91700   22.80800  
H    33.08400   25.88400   22.04600  
H    33.36300   25.49000   23.67900  
H    34.20400   26.95400   22.87500  
O    35.78400   24.93900   21.23600  
C    26.38500   23.74400   30.31100  
H    26.34000   24.61600   30.96900  
H    26.21700   24.11300   29.29600  
H    25.60400   23.06100   30.65500  
S    27.91400   22.82500   30.60000  
C    27.59500   22.85600   32.37800  
H    26.78600   22.13100   32.49900  
H    28.52900   22.62800   32.89900  
H    27.26600   23.82000   32.77400  
O    28.92700   23.91900   30.46700  
C    24.75500   15.45000   28.42900  
H    25.26500   14.63700   27.90600  
H    25.37900   15.78800   29.26100  
H    23.89400   15.00700   28.93500  
S    24.29800   16.79400   27.31000  
C    22.59100   16.27100   27.02900  
H    21.90400   16.66500   27.78200  
H    22.32800   16.57500   26.01200  
H    22.62300   15.18000   27.06900  
O    25.07200   16.50300   26.06200  
C    25.77500   17.31000   17.73100  
H    26.68100   16.77600   18.02800  
H    24.83300   16.88900   18.09300  
H    25.80500   17.52600   16.66000  
S    25.78800   18.93200   18.52800  
C    24.17500   19.51500   17.95800  
H    23.39300   18.95600   18.47700  
H    24.02500   20.59700   17.94200  
H    24.12100   19.21700   16.90700  
O    26.83200   19.79500   17.89200  
C    31.85600   28.31900   27.45100  
H    31.90400   28.41600   26.36400  
H    32.49500   29.04200   27.96500  
H    32.14000   27.29100   27.69400  
S    30.22900   28.92800   27.94800  
C    30.36100   30.61000   27.30000  
H    31.31000   31.08300   27.56700  
H    30.37200   30.65700   26.20800  
H    29.51100   31.18000   27.68300  
O    30.33900   29.25800   29.40400  
$end

$rem
JOBTYPE  SP
METHOD  B3LYP
BASIS  6-31+G(D)
SYMMETRY  FALSE
SYM_IGNORE  TRUE
MEM_TOTAL  12000
MEM_STATIC  4000
BASIS_LIN_DEP_THRESH  6
THRESH  14
SCF_CONVERGENCE  8
FD_MAT_VEC_PROD  FALSE
XC_GRID  000075000302
NL_GRID  1
MAX_SCF_CYCLES  200
SCF_GUESS  READ_DEN
ALMO_EFIELD  TRUE
GEN_SCFMAN  FALSE
SKIP_SCFMAN  TRUE
ESP_GRID  0
ESP_EFIELD  1
$end
