$molecule
0 1
--
0 1
C    31.30200   26.11300   27.30300  
C    29.88100   26.45700   27.77800  
C    28.89000   25.32600   27.45500  
C    29.31200   23.93200   27.94800  
C    30.77800   23.61700   27.60900  
C    31.70700   24.78800   27.96900  
H    27.91900   25.62700   27.86700  
H    29.88500   26.58000   28.86800  
H    31.31400   25.98300   26.21400  
H    31.96800   26.90900   27.65800  
H    29.19700   23.78500   29.02900  
H    28.68200   23.20300   27.42400  
H    31.04700   22.66000   28.07200  
H    30.89500   23.54400   26.52100  
H    31.60200   25.01900   29.03600  
H    32.74600   24.51000   27.75200  
H    28.70200   25.38500   26.37600  
N    29.42000   27.73200   27.23200  
H    28.88400   27.64200   26.37700  
C    29.23400   28.86200   28.00000  
H    28.47700   29.54800   27.57900  
O    29.90600   29.12300   28.98300  
--
0 1
C    27.13800   30.86300   25.58000  
H    26.24800   30.55800   25.02400  
H    27.95400   30.30200   25.11600  
H    26.95900   30.54300   26.61000  
S    27.55700   32.59500   25.27900  
C    26.61300   33.16800   26.71000  
H    25.66000   32.65300   26.85400  
H    27.24600   33.01200   27.58700  
H    26.57700   34.24800   26.54400  
O    26.59500   33.09700   24.24800  
C    32.41600   31.30300   31.09200  
H    31.53400   31.77200   31.53600  
H    32.26000   30.74000   30.16800  
H    32.81400   30.57600   31.80400  
S    33.76700   32.48900   30.90800  
C    33.26300   33.58900   32.25000  
H    33.11200   32.93700   33.11400  
H    33.99600   34.34100   32.55500  
H    32.28800   34.06900   32.13100  
O    33.37000   33.40700   29.79500  
C    28.89500   25.84000   31.71500  
H    28.43600   26.14800   32.65800  
H    29.38900   24.88000   31.88400  
H    29.53500   26.55500   31.19300  
S    27.57200   25.50400   30.53200  
C    26.98000   27.21000   30.48000  
H    27.01900   27.63600   31.48500  
H    27.63100   27.78600   29.81600  
H    25.91600   27.12300   30.24900  
O    26.59700   24.76300   31.39400  
C    34.98500   22.19300   34.28000  
H    34.74500   21.13000   34.19400  
H    36.07600   22.26000   34.30200  
H    34.57000   22.62300   35.19500  
S    34.34500   23.10300   32.85600  
C    35.56500   22.35100   31.75500  
H    35.17200   22.19300   30.74800  
H    36.45000   22.99200   31.71600  
H    35.65600   21.30100   32.04500  
O    34.87100   24.46800   33.17300  
C    25.66800   21.17700   32.41800  
H    25.36400   21.31000   31.37700  
H    26.51400   21.84100   32.61400  
H    26.03900   20.15200   32.49600  
S    24.34300   21.45100   33.61500  
C    24.26600   23.25400   33.71000  
H    25.20100   23.67400   34.09000  
H    24.18500   23.58700   32.67200  
H    23.39100   23.51700   34.30900  
O    24.91300   21.20100   34.97700  
C    27.35100   31.85700   21.31400  
H    26.31200   31.56100   21.15500  
H    27.26800   32.83600   21.79300  
H    27.92500   31.91200   20.38500  
S    28.06600   30.60100   22.39900  
C    29.73000   31.25500   22.13100  
H    30.03700   31.31000   21.08400  
H    29.68000   32.20800   22.66500  
H    30.37400   30.55900   22.67500  
O    28.22400   29.40100   21.51900  
C    30.56300   19.19800   23.20700  
H    29.67200   19.53100   22.66800  
H    30.25800   19.23200   24.25700  
H    31.43000   19.85000   23.07600  
S    30.93700   17.53900   22.59700  
C    31.57900   16.76600   24.09900  
H    30.95000   16.95800   24.97200  
H    31.72800   15.68800   23.99800  
H    32.54400   17.26100   24.23100  
O    32.15800   17.62800   21.73600  
C    32.63000   17.87700   31.16300  
H    32.23500   17.15200   31.87900  
H    31.91800   18.61800   30.79000  
H    33.09900   17.41800   30.28800  
S    33.78600   18.78800   32.21100  
C    32.85000   18.79800   33.75700  
H    33.32600   19.53800   34.40400  
H    31.78000   18.96400   33.60500  
H    32.82500   17.79700   34.19500  
O    33.56100   20.20200   31.77300  
C    29.38100   19.06500   27.31300  
H    29.79200   19.96500   26.84900  
H    29.89600   18.77600   28.23300  
H    29.55800   18.18600   26.68800  
S    27.64300   19.25900   27.76900  
C    27.78300   20.49100   29.08300  
H    28.26800   19.93400   29.88800  
H    28.42900   21.31900   28.77900  
H    26.78900   20.82400   29.39400  
O    27.39600   17.98100   28.50900  
C    29.75000   34.55500   30.33800  
H    29.92700   33.52800   30.66800  
H    29.46900   34.65800   29.28700  
H    30.59400   35.20500   30.58500  
S    28.53600   35.26600   31.47200  
C    28.79700   36.97200   30.93600  
H    28.47700   37.16200   29.90800  
H    28.11000   37.57200   31.53900  
H    29.86300   37.21100   30.94800  
O    29.03600   35.15600   32.87900  
C    31.02700   21.94800   33.01400  
H    31.37000   21.29400   33.82000  
H    31.73900   21.76700   32.20500  
H    31.08200   23.02200   33.21000  
S    29.34000   21.54800   32.50600  
C    28.63000   22.05600   34.08900  
H    29.30700   21.87100   34.92600  
H    28.24400   23.07700   34.04900  
H    27.82400   21.45100   34.51300  
O    29.23100   20.06000   32.39400  
C    23.64900   24.50300   28.72600  
H    22.56300   24.61400   28.67200  
H    24.00800   24.96800   29.64800  
H    23.92800   24.98000   27.78300  
S    23.91000   22.72000   28.59400  
C    25.66800   22.81200   28.18300  
H    25.84000   23.58900   27.43400  
H    26.25700   22.95000   29.09300  
H    25.96500   21.84500   27.77200  
O    23.33100   22.49000   27.23300  
C    34.52300   27.39400   26.37000  
H    34.49600   26.30800   26.25000  
H    34.93800   27.64700   27.34900  
H    33.61800   27.97700   26.18300  
S    35.72300   28.04800   25.18800  
C    37.07200   27.57500   26.29300  
H    37.11900   26.50100   26.49100  
H    38.00100   27.83600   25.78000  
H    36.92100   28.07200   27.25500  
O    35.72900   29.53800   25.33400  
C    29.75600   24.07000   21.17900  
H    29.05200   24.87200   21.41800  
H    30.73400   24.55600   21.13600  
H    29.66000   23.77700   20.13100  
S    29.49600   22.74300   22.37800  
C    30.46600   23.36100   23.77100  
H    31.22300   24.01900   23.33700  
H    29.76900   23.89400   24.42300  
H    30.94900   22.54700   24.31600  
O    30.37100   21.74100   21.69200  
C    33.90600   20.97800   28.42900  
H    34.87900   21.23900   28.00500  
H    33.27100   21.86200   28.52000  
H    34.05300   20.56300   29.42900  
S    33.10200   19.85400   27.26400  
C    34.52000   18.74000   27.38500  
H    34.71500   18.64300   28.45600  
H    34.25400   17.77200   26.95100  
H    35.34600   19.18700   26.82600  
O    33.19600   20.47700   25.90600  
C    31.92400   25.06300   36.56400  
H    32.95700   24.94500   36.22700  
H    31.69400   26.00500   37.07000  
H    31.66800   24.16300   37.12900  
S    31.05500   24.93400   34.98600  
C    31.82100   26.38200   34.22200  
H    32.81400   26.01300   33.95000  
H    31.35400   26.68400   33.28100  
H    31.80400   27.23100   34.90900  
O    29.61300   25.25800   35.22400  
C    32.84400   26.83700   23.01900  
H    33.85100   26.96800   22.61300  
H    32.93900   27.33100   23.98900  
H    32.66100   25.77100   23.18100  
S    31.56500   27.70600   22.08400  
C    30.13700   27.17000   23.05400  
H    30.19600   26.08200   22.96800  
H    30.32600   27.54700   24.06200  
H    29.15900   27.52700   22.72200  
O    31.41300   26.80100   20.90200  
C    25.72100   25.78700   25.58100  
H    24.63400   25.72300   25.48300  
H    26.23500   24.92700   25.14400  
H    25.92700   25.81200   26.65400  
S    26.23600   27.37800   24.89500  
C    26.29500   26.91600   23.14900  
H    25.23800   26.82800   22.88500  
H    26.69500   27.78400   22.61700  
H    26.86000   25.99400   22.99300  
O    27.67900   27.61100   25.21800  
C    36.15500   22.22000   24.66800  
H    35.15300   22.12000   25.09300  
H    36.44300   21.28400   24.18200  
H    36.83000   22.61700   25.43100  
S    35.78200   23.49500   23.44300  
C    37.49300   23.82800   22.96900  
H    37.43900   24.68200   22.28800  
H    38.15900   24.04900   23.80700  
H    37.88400   23.05700   22.30000  
O    35.50600   24.72600   24.24800  
C    24.05600   31.76300   32.84100  
H    24.91900   31.30500   33.32900  
H    24.22200   32.79100   32.50700  
H    23.16300   31.74100   33.47100  
S    23.64700   30.83000   31.34900  
C    25.12100   31.25100   30.39100  
H    24.73500   31.39600   29.37900  
H    25.68500   32.08500   30.81800  
H    25.75300   30.36300   30.47400  
O    22.65500   31.73100   30.68200  
C    36.00000   24.31000   28.05000  
H    35.08500   24.03700   28.58400  
H    36.14600   25.35500   28.33400  
H    35.86900   24.12900   26.98000  
S    37.39400   23.31200   28.62100  
C    38.69200   24.00000   27.56900  
H    39.61000   23.41200   27.64600  
H    38.36800   23.95300   26.52600  
H    38.86500   25.02100   27.91900  
O    37.15200   22.02200   27.90100  
C    22.84500   28.06200   28.15000  
H    23.41900   27.53900   28.92000  
H    21.97000   28.44500   28.68000  
H    22.64200   27.44300   27.27100  
S    23.80400   29.50200   27.62800  
C    23.42000   29.40800   25.86500  
H    22.43700   29.81700   25.62100  
H    24.19100   30.03900   25.41700  
H    23.57600   28.37100   25.55300  
O    25.22200   29.02400   27.60400  
C    31.89700   32.98200   26.56000  
H    32.96200   32.86800   26.34300  
H    31.33300   33.61100   25.86800  
H    31.77200   33.43300   27.54800  
S    31.07200   31.37800   26.67000  
C    32.56200   30.43100   27.05400  
H    32.30500   29.44500   27.44900  
H    33.28000   30.36800   26.23200  
H    32.85000   30.92400   27.98600  
O    30.64900   31.17800   25.24800  
C    25.18000   21.65600   25.12000  
H    24.50400   21.55900   24.26600  
H    24.92200   20.77300   25.71100  
H    25.07100   22.59000   25.67700  
S    26.87000   21.56400   24.48800  
C    26.88300   19.77500   24.23700  
H    27.95400   19.55700   24.23200  
H    26.29600   19.32600   25.04300  
H    26.47800   19.64100   23.23000  
O    27.74100   21.76000   25.68900  
C    28.05000   32.02600   33.15700  
H    27.29700   32.70600   33.56200  
H    29.00300   32.52300   33.35500  
H    27.80800   31.84300   32.10600  
S    27.94200   30.53600   34.17300  
C    29.30500   29.51700   33.56300  
H    29.18600   28.59000   34.13000  
H    29.13700   29.28000   32.50900  
H    30.31300   29.93300   33.63100  
O    26.76300   29.90800   33.49800  
C    24.16300   24.75800   20.34800  
H    23.27800   24.15100   20.55400  
H    23.80100   25.71000   20.74400  
H    24.51200   24.92500   19.32600  
S    25.62100   24.02600   21.12600  
C    25.39600   22.42500   20.32000  
H    26.12500   21.82500   20.87200  
H    24.37400   22.14300   20.58500  
H    25.51900   22.44700   19.23400  
O    25.24600   23.85400   22.56500  
C    34.76300   26.58100   30.33800  
H    34.49800   25.90800   31.15700  
H    34.57300   26.20000   29.33200  
H    35.80800   26.88900   30.43200  
S    33.73900   28.06100   30.49700  
C    34.35300   28.37400   32.16700  
H    34.72000   27.44300   32.60700  
H    35.06900   29.19200   32.28100  
H    33.49100   28.73500   32.73300  
O    32.39600   27.46500   30.78600  
$end

$rem
JOBTYPE  SP
METHOD  B3LYP
BASIS  6-31+G(D)
SYMMETRY  FALSE
SYM_IGNORE  TRUE
MEM_TOTAL  16000
MEM_STATIC  8000
MAX_SUB_FILE_NUM  16000
BASIS_LIN_DEP_THRESH  6
THRESH  14
SCF_CONVERGENCE  8
GEN_SCFMAN  TRUE
SCF_GUESS  FRAGMO
FD_MAT_VEC_PROD  FALSE
XC_GRID  000075000302
NL_GRID  1
MAX_SCF_CYCLES  200
FRGM_METHOD  STOLL
SCFMI_MODE  1
$end

$development
almo_efield  1
$end

$rem_frgm
SCF_CONVERGENCE  4
$end

@@@

$molecule
0 1
@C    31.30200   26.11300   27.30300  
@C    29.88100   26.45700   27.77800  
@C    28.89000   25.32600   27.45500  
@C    29.31200   23.93200   27.94800  
@C    30.77800   23.61700   27.60900  
@C    31.70700   24.78800   27.96900  
@H    27.91900   25.62700   27.86700  
@H    29.88500   26.58000   28.86800  
@H    31.31400   25.98300   26.21400  
@H    31.96800   26.90900   27.65800  
@H    29.19700   23.78500   29.02900  
@H    28.68200   23.20300   27.42400  
@H    31.04700   22.66000   28.07200  
@H    30.89500   23.54400   26.52100  
@H    31.60200   25.01900   29.03600  
@H    32.74600   24.51000   27.75200  
@H    28.70200   25.38500   26.37600  
@N    29.42000   27.73200   27.23200  
@H    28.88400   27.64200   26.37700  
@C    29.23400   28.86200   28.00000  
@H    28.47700   29.54800   27.57900  
@O    29.90600   29.12300   28.98300  
C    27.13800   30.86300   25.58000  
H    26.24800   30.55800   25.02400  
H    27.95400   30.30200   25.11600  
H    26.95900   30.54300   26.61000  
S    27.55700   32.59500   25.27900  
C    26.61300   33.16800   26.71000  
H    25.66000   32.65300   26.85400  
H    27.24600   33.01200   27.58700  
H    26.57700   34.24800   26.54400  
O    26.59500   33.09700   24.24800  
C    32.41600   31.30300   31.09200  
H    31.53400   31.77200   31.53600  
H    32.26000   30.74000   30.16800  
H    32.81400   30.57600   31.80400  
S    33.76700   32.48900   30.90800  
C    33.26300   33.58900   32.25000  
H    33.11200   32.93700   33.11400  
H    33.99600   34.34100   32.55500  
H    32.28800   34.06900   32.13100  
O    33.37000   33.40700   29.79500  
C    28.89500   25.84000   31.71500  
H    28.43600   26.14800   32.65800  
H    29.38900   24.88000   31.88400  
H    29.53500   26.55500   31.19300  
S    27.57200   25.50400   30.53200  
C    26.98000   27.21000   30.48000  
H    27.01900   27.63600   31.48500  
H    27.63100   27.78600   29.81600  
H    25.91600   27.12300   30.24900  
O    26.59700   24.76300   31.39400  
C    34.98500   22.19300   34.28000  
H    34.74500   21.13000   34.19400  
H    36.07600   22.26000   34.30200  
H    34.57000   22.62300   35.19500  
S    34.34500   23.10300   32.85600  
C    35.56500   22.35100   31.75500  
H    35.17200   22.19300   30.74800  
H    36.45000   22.99200   31.71600  
H    35.65600   21.30100   32.04500  
O    34.87100   24.46800   33.17300  
C    25.66800   21.17700   32.41800  
H    25.36400   21.31000   31.37700  
H    26.51400   21.84100   32.61400  
H    26.03900   20.15200   32.49600  
S    24.34300   21.45100   33.61500  
C    24.26600   23.25400   33.71000  
H    25.20100   23.67400   34.09000  
H    24.18500   23.58700   32.67200  
H    23.39100   23.51700   34.30900  
O    24.91300   21.20100   34.97700  
C    27.35100   31.85700   21.31400  
H    26.31200   31.56100   21.15500  
H    27.26800   32.83600   21.79300  
H    27.92500   31.91200   20.38500  
S    28.06600   30.60100   22.39900  
C    29.73000   31.25500   22.13100  
H    30.03700   31.31000   21.08400  
H    29.68000   32.20800   22.66500  
H    30.37400   30.55900   22.67500  
O    28.22400   29.40100   21.51900  
C    30.56300   19.19800   23.20700  
H    29.67200   19.53100   22.66800  
H    30.25800   19.23200   24.25700  
H    31.43000   19.85000   23.07600  
S    30.93700   17.53900   22.59700  
C    31.57900   16.76600   24.09900  
H    30.95000   16.95800   24.97200  
H    31.72800   15.68800   23.99800  
H    32.54400   17.26100   24.23100  
O    32.15800   17.62800   21.73600  
C    32.63000   17.87700   31.16300  
H    32.23500   17.15200   31.87900  
H    31.91800   18.61800   30.79000  
H    33.09900   17.41800   30.28800  
S    33.78600   18.78800   32.21100  
C    32.85000   18.79800   33.75700  
H    33.32600   19.53800   34.40400  
H    31.78000   18.96400   33.60500  
H    32.82500   17.79700   34.19500  
O    33.56100   20.20200   31.77300  
C    29.38100   19.06500   27.31300  
H    29.79200   19.96500   26.84900  
H    29.89600   18.77600   28.23300  
H    29.55800   18.18600   26.68800  
S    27.64300   19.25900   27.76900  
C    27.78300   20.49100   29.08300  
H    28.26800   19.93400   29.88800  
H    28.42900   21.31900   28.77900  
H    26.78900   20.82400   29.39400  
O    27.39600   17.98100   28.50900  
C    29.75000   34.55500   30.33800  
H    29.92700   33.52800   30.66800  
H    29.46900   34.65800   29.28700  
H    30.59400   35.20500   30.58500  
S    28.53600   35.26600   31.47200  
C    28.79700   36.97200   30.93600  
H    28.47700   37.16200   29.90800  
H    28.11000   37.57200   31.53900  
H    29.86300   37.21100   30.94800  
O    29.03600   35.15600   32.87900  
C    31.02700   21.94800   33.01400  
H    31.37000   21.29400   33.82000  
H    31.73900   21.76700   32.20500  
H    31.08200   23.02200   33.21000  
S    29.34000   21.54800   32.50600  
C    28.63000   22.05600   34.08900  
H    29.30700   21.87100   34.92600  
H    28.24400   23.07700   34.04900  
H    27.82400   21.45100   34.51300  
O    29.23100   20.06000   32.39400  
C    23.64900   24.50300   28.72600  
H    22.56300   24.61400   28.67200  
H    24.00800   24.96800   29.64800  
H    23.92800   24.98000   27.78300  
S    23.91000   22.72000   28.59400  
C    25.66800   22.81200   28.18300  
H    25.84000   23.58900   27.43400  
H    26.25700   22.95000   29.09300  
H    25.96500   21.84500   27.77200  
O    23.33100   22.49000   27.23300  
C    34.52300   27.39400   26.37000  
H    34.49600   26.30800   26.25000  
H    34.93800   27.64700   27.34900  
H    33.61800   27.97700   26.18300  
S    35.72300   28.04800   25.18800  
C    37.07200   27.57500   26.29300  
H    37.11900   26.50100   26.49100  
H    38.00100   27.83600   25.78000  
H    36.92100   28.07200   27.25500  
O    35.72900   29.53800   25.33400  
C    29.75600   24.07000   21.17900  
H    29.05200   24.87200   21.41800  
H    30.73400   24.55600   21.13600  
H    29.66000   23.77700   20.13100  
S    29.49600   22.74300   22.37800  
C    30.46600   23.36100   23.77100  
H    31.22300   24.01900   23.33700  
H    29.76900   23.89400   24.42300  
H    30.94900   22.54700   24.31600  
O    30.37100   21.74100   21.69200  
C    33.90600   20.97800   28.42900  
H    34.87900   21.23900   28.00500  
H    33.27100   21.86200   28.52000  
H    34.05300   20.56300   29.42900  
S    33.10200   19.85400   27.26400  
C    34.52000   18.74000   27.38500  
H    34.71500   18.64300   28.45600  
H    34.25400   17.77200   26.95100  
H    35.34600   19.18700   26.82600  
O    33.19600   20.47700   25.90600  
C    31.92400   25.06300   36.56400  
H    32.95700   24.94500   36.22700  
H    31.69400   26.00500   37.07000  
H    31.66800   24.16300   37.12900  
S    31.05500   24.93400   34.98600  
C    31.82100   26.38200   34.22200  
H    32.81400   26.01300   33.95000  
H    31.35400   26.68400   33.28100  
H    31.80400   27.23100   34.90900  
O    29.61300   25.25800   35.22400  
C    32.84400   26.83700   23.01900  
H    33.85100   26.96800   22.61300  
H    32.93900   27.33100   23.98900  
H    32.66100   25.77100   23.18100  
S    31.56500   27.70600   22.08400  
C    30.13700   27.17000   23.05400  
H    30.19600   26.08200   22.96800  
H    30.32600   27.54700   24.06200  
H    29.15900   27.52700   22.72200  
O    31.41300   26.80100   20.90200  
C    25.72100   25.78700   25.58100  
H    24.63400   25.72300   25.48300  
H    26.23500   24.92700   25.14400  
H    25.92700   25.81200   26.65400  
S    26.23600   27.37800   24.89500  
C    26.29500   26.91600   23.14900  
H    25.23800   26.82800   22.88500  
H    26.69500   27.78400   22.61700  
H    26.86000   25.99400   22.99300  
O    27.67900   27.61100   25.21800  
C    36.15500   22.22000   24.66800  
H    35.15300   22.12000   25.09300  
H    36.44300   21.28400   24.18200  
H    36.83000   22.61700   25.43100  
S    35.78200   23.49500   23.44300  
C    37.49300   23.82800   22.96900  
H    37.43900   24.68200   22.28800  
H    38.15900   24.04900   23.80700  
H    37.88400   23.05700   22.30000  
O    35.50600   24.72600   24.24800  
C    24.05600   31.76300   32.84100  
H    24.91900   31.30500   33.32900  
H    24.22200   32.79100   32.50700  
H    23.16300   31.74100   33.47100  
S    23.64700   30.83000   31.34900  
C    25.12100   31.25100   30.39100  
H    24.73500   31.39600   29.37900  
H    25.68500   32.08500   30.81800  
H    25.75300   30.36300   30.47400  
O    22.65500   31.73100   30.68200  
C    36.00000   24.31000   28.05000  
H    35.08500   24.03700   28.58400  
H    36.14600   25.35500   28.33400  
H    35.86900   24.12900   26.98000  
S    37.39400   23.31200   28.62100  
C    38.69200   24.00000   27.56900  
H    39.61000   23.41200   27.64600  
H    38.36800   23.95300   26.52600  
H    38.86500   25.02100   27.91900  
O    37.15200   22.02200   27.90100  
C    22.84500   28.06200   28.15000  
H    23.41900   27.53900   28.92000  
H    21.97000   28.44500   28.68000  
H    22.64200   27.44300   27.27100  
S    23.80400   29.50200   27.62800  
C    23.42000   29.40800   25.86500  
H    22.43700   29.81700   25.62100  
H    24.19100   30.03900   25.41700  
H    23.57600   28.37100   25.55300  
O    25.22200   29.02400   27.60400  
C    31.89700   32.98200   26.56000  
H    32.96200   32.86800   26.34300  
H    31.33300   33.61100   25.86800  
H    31.77200   33.43300   27.54800  
S    31.07200   31.37800   26.67000  
C    32.56200   30.43100   27.05400  
H    32.30500   29.44500   27.44900  
H    33.28000   30.36800   26.23200  
H    32.85000   30.92400   27.98600  
O    30.64900   31.17800   25.24800  
C    25.18000   21.65600   25.12000  
H    24.50400   21.55900   24.26600  
H    24.92200   20.77300   25.71100  
H    25.07100   22.59000   25.67700  
S    26.87000   21.56400   24.48800  
C    26.88300   19.77500   24.23700  
H    27.95400   19.55700   24.23200  
H    26.29600   19.32600   25.04300  
H    26.47800   19.64100   23.23000  
O    27.74100   21.76000   25.68900  
C    28.05000   32.02600   33.15700  
H    27.29700   32.70600   33.56200  
H    29.00300   32.52300   33.35500  
H    27.80800   31.84300   32.10600  
S    27.94200   30.53600   34.17300  
C    29.30500   29.51700   33.56300  
H    29.18600   28.59000   34.13000  
H    29.13700   29.28000   32.50900  
H    30.31300   29.93300   33.63100  
O    26.76300   29.90800   33.49800  
C    24.16300   24.75800   20.34800  
H    23.27800   24.15100   20.55400  
H    23.80100   25.71000   20.74400  
H    24.51200   24.92500   19.32600  
S    25.62100   24.02600   21.12600  
C    25.39600   22.42500   20.32000  
H    26.12500   21.82500   20.87200  
H    24.37400   22.14300   20.58500  
H    25.51900   22.44700   19.23400  
O    25.24600   23.85400   22.56500  
C    34.76300   26.58100   30.33800  
H    34.49800   25.90800   31.15700  
H    34.57300   26.20000   29.33200  
H    35.80800   26.88900   30.43200  
S    33.73900   28.06100   30.49700  
C    34.35300   28.37400   32.16700  
H    34.72000   27.44300   32.60700  
H    35.06900   29.19200   32.28100  
H    33.49100   28.73500   32.73300  
O    32.39600   27.46500   30.78600  
$end

$rem
JOBTYPE  SP
METHOD  B3LYP
BASIS  6-31+G(D)
SYMMETRY  FALSE
SYM_IGNORE  TRUE
MEM_TOTAL  16000
MEM_STATIC  8000
MAX_SUB_FILE_NUM  16000
BASIS_LIN_DEP_THRESH  6
THRESH  14
SCF_CONVERGENCE  8
GEN_SCFMAN  FALSE
SCF_GUESS  READ_DEN
FD_MAT_VEC_PROD  FALSE
XC_GRID  000075000302
NL_GRID  1
MAX_SCF_CYCLES  200
SKIP_SCFMAN  TRUE
ESP_GRID  0
ESP_EFIELD  1
$end

$development
almo_efield  1
$end

