$molecule
0 1
--
0 1
C    29.68200   18.71800   25.50000  
C    29.14500   19.83700   26.40800  
C    29.75200   19.79200   27.81900  
C    31.28100   19.82200   27.65800  
C    31.85900   18.81900   26.64600  
C    31.19700   18.82800   25.25900  
H    29.51100   20.65500   28.45200  
H    29.45000   20.75600   25.89200  
H    29.60500   17.74800   26.00700  
H    29.07300   18.59400   24.59700  
H    31.54100   20.79600   27.22700  
H    31.81900   19.65800   28.60000  
H    32.94500   18.96100   26.58600  
H    31.75800   17.81000   27.06500  
H    31.44200   19.72100   24.67100  
H    31.44000   17.91700   24.69800  
H    29.53700   18.88100   28.39100  
N    27.71500   19.54700   26.50100  
H    27.43500   18.61000   26.76600  
C    26.72000   20.39600   26.06500  
H    25.75900   19.90700   25.82500  
O    26.98300   21.57500   25.90600  
--
0 1
C    24.51600   25.45700   21.57200  
H    25.48200   25.96600   21.62100  
H    24.69400   24.40900   21.82800  
H    24.01600   25.66100   20.62200  
S    23.59000   26.38900   22.81300  
C    24.04200   28.00200   22.13500  
H    24.48500   28.56700   22.96000  
H    24.87900   27.77400   21.47100  
H    23.19200   28.43000   21.59700  
O    24.37700   26.23200   24.07700  
C    31.29200   20.76900   31.91100  
H    31.79100   19.79700   31.87000  
H    31.21000   21.36800   31.00100  
H    31.80500   21.34900   32.68300  
S    29.57100   20.39400   32.31400  
C    29.86600   19.35100   33.76000  
H    30.77200   18.77500   33.55500  
H    29.88000   20.04900   34.60100  
H    28.98900   18.71600   33.90700  
O    29.18700   19.50400   31.17300  
C    31.25600   25.20100   30.99800  
H    30.18000   25.01700   31.05400  
H    31.62200   26.22500   30.88800  
H    31.65300   24.68800   30.11900  
S    31.90400   24.53200   32.54700  
C    31.53300   25.98700   33.55200  
H    30.46300   26.12200   33.73000  
H    31.87600   25.88200   34.58400  
H    31.98500   26.91000   33.17900  
O    33.34700   24.68900   32.18000  
C    34.21500   21.69400   27.90200  
H    33.39600   22.14700   27.33700  
H    34.72500   20.98200   27.24900  
H    33.79600   21.12900   28.73900  
S    35.28800   23.02500   28.48700  
C    33.90100   23.92500   29.21500  
H    33.13800   24.22600   28.49300  
H    33.56000   23.16100   29.91900  
H    34.23800   24.83400   29.72100  
O    35.69400   23.72600   27.22900  
C    27.79600   14.73200   26.06300  
H    27.09900   15.25400   25.40200  
H    27.32600   13.92900   26.63600  
H    28.32800   15.48500   26.64900  
S    28.96400   13.82700   25.02400  
C    29.86700   13.30600   26.50000  
H    29.25600   12.74800   27.21400  
H    30.71000   12.65800   26.24900  
H    30.31000   14.17800   26.98800  
O    29.83800   14.88300   24.42400  
C    24.89100   19.02600   32.46300  
H    24.99300   17.93700   32.45600  
H    24.01900   19.31600   33.05400  
H    24.72400   19.43900   31.46500  
S    26.33700   19.85900   33.15500  
C    26.17000   19.25100   34.84900  
H    26.21600   18.16000   34.82000  
H    27.10200   19.63400   35.27200  
H    25.23300   19.68000   35.21400  
O    25.72000   21.22200   33.15500  
C    25.36500   19.43600   22.91900  
H    26.10700   20.02200   23.46800  
H    24.46500   19.29500   23.52200  
H    25.74200   18.43200   22.70800  
S    24.94300   20.28600   21.38100  
C    24.01800   21.51800   22.32500  
H    23.62300   22.34500   21.72900  
H    23.12600   20.98800   22.67100  
H    24.64000   21.79900   23.17800  
O    23.82500   19.42600   20.87900  
C    32.36900   13.08800   20.82900  
H    31.90800   13.12400   21.82000  
H    31.64900   13.41300   20.07300  
H    32.71700   12.06100   20.69000  
S    33.70900   14.28400   21.02200  
C    32.53900   15.62900   21.32000  
H    33.02900   16.59700   21.45000  
H    31.86500   15.72100   20.46500  
H    31.86400   15.44300   22.16000  
O    34.22700   14.62300   19.65900  
C    33.61900   14.12000   26.36900  
H    34.19700   15.03700   26.50600  
H    33.06100   14.19100   25.43100  
H    33.01300   13.89000   27.24800  
S    34.95100   12.89800   26.37600  
C    35.40000   12.86800   24.62600  
H    35.83500   13.85700   24.46400  
H    36.17600   12.11100   24.48700  
H    34.46800   12.73100   24.07100  
O    34.27000   11.60000   26.68000  
C    39.40400   20.01000   27.05300  
H    40.27600   20.48900   26.60100  
H    39.68000   19.43200   27.93900  
H    38.88700   19.40300   26.30500  
S    38.31400   21.41100   27.38800  
C    38.93300   22.49700   26.08300  
H    38.97000   22.01800   25.10200  
H    38.42200   23.45400   25.94500  
H    39.95200   22.66900   26.43900  
O    39.07400   21.92500   28.57100  
C    31.72700   15.51100   29.97700  
H    31.93700   14.67900   30.65300  
H    32.10200   15.21100   28.99500  
H    32.25800   16.39200   30.34800  
S    29.93600   15.75200   29.94300  
C    29.98300   16.21800   31.68800  
H    28.97400   16.34800   32.08900  
H    30.46800   15.39500   32.21900  
H    30.47500   17.18200   31.83900  
O    29.27100   14.41000   29.95500  
C    26.89900   24.19900   23.99200  
H    26.96100   23.92800   25.04900  
H    27.52800   25.05900   23.74500  
H    25.85400   24.35300   23.71500  
S    27.47300   22.75500   23.07100  
C    29.25000   22.91900   23.35200  
H    29.80600   22.73500   22.42900  
H    29.55100   23.88900   23.75700  
H    29.39100   22.06500   24.01900  
O    27.38000   23.17800   21.63800  
C    28.75900   23.59300   27.20400  
H    28.28100   24.28700   27.90000  
H    28.58100   23.71600   26.13200  
H    28.67000   22.51500   27.35700  
S    30.52300   23.94600   27.36600  
C    30.43400   25.69400   26.91800  
H    29.73800   26.02800   27.69200  
H    31.34400   26.26400   27.11900  
H    29.97900   25.88700   25.94300  
O    31.23900   23.27200   26.23800  
C    33.42300   17.56400   32.81000  
H    33.37100   16.92600   31.92400  
H    32.39600   17.50600   33.17800  
H    33.89500   18.55000   32.79900  
S    34.38200   16.68500   34.06500  
C    34.07700   17.71700   35.51700  
H    33.29100   17.24800   36.11400  
H    35.02600   17.71500   36.05800  
H    33.81700   18.75100   35.27700  
O    35.77000   17.03900   33.63300  
C    33.37000   20.97500   17.67500  
H    33.59400   20.83800   16.61400  
H    32.35100   20.71100   17.96800  
H    33.53600   22.04100   17.85100  
S    34.37100   19.86500   18.69000  
C    34.42700   21.09400   20.01400  
H    34.86000   20.68100   20.92800  
H    35.11600   21.82300   19.57800  
H    33.43700   21.51500   20.20500  
O    35.74400   20.00100   18.10800  
C    25.62600   15.76100   28.97900  
H    24.95800   16.13800   29.75700  
H    24.96600   15.21500   28.30000  
H    26.33800   14.99900   29.30800  
S    26.35700   17.17500   28.12400  
C    26.87900   17.82000   29.72900  
H    27.38400   17.06900   30.34200  
H    27.59000   18.60500   29.45700  
H    26.10800   18.31800   30.32200  
O    25.17400   18.05300   27.85900  
C    35.04600   21.97000   32.14300  
H    33.98900   21.79000   32.35800  
H    35.62000   22.23200   33.03600  
H    35.17500   22.72100   31.35900  
S    35.77900   20.42400   31.56300  
C    37.25000   21.02700   30.70400  
H    37.66000   20.15800   30.18500  
H    37.11700   21.83400   29.97900  
H    37.91900   21.41200   31.47800  
O    34.83300   20.01900   30.47500  
C    35.92100   19.18500   24.68100  
H    36.82600   18.64700   24.97400  
H    35.89700   19.83700   23.80400  
H    35.66200   19.75400   25.57800  
S    34.62800   17.98300   24.29600  
C    35.82500   16.88600   23.50300  
H    35.28300   16.23900   22.80900  
H    36.57300   17.47100   22.96100  
H    36.34400   16.40500   24.33600  
O    34.06700   18.54400   23.02600  
C    29.14900   19.16800   19.98100  
H    28.58000   19.69500   20.75200  
H    29.00400   19.39200   18.92100  
H    29.09500   18.08700   20.13400  
S    30.89000   19.53200   20.30100  
C    30.64700   19.20800   22.06200  
H    30.19000   18.22000   22.15800  
H    31.61900   19.29500   22.55400  
H    30.03600   20.05800   22.37700  
O    30.94700   21.02800   20.31900  
C    36.74500   18.54100   27.93500  
H    36.19000   19.48000   28.00700  
H    37.62900   18.70300   28.55700  
H    37.03500   18.22900   26.92900  
S    35.77600   17.22300   28.70200  
C    36.87300   15.92500   28.09000  
H    36.47100   15.02500   28.56300  
H    36.76300   15.73100   27.02000  
H    37.92400   16.12800   28.31300  
O    34.60000   17.02800   27.79600  
C    25.29500   24.18700   27.15700  
H    25.05300   23.22100   26.70600  
H    25.86700   24.85800   26.51200  
H    25.82700   24.19300   28.11200  
S    23.69200   24.97900   27.41600  
C    24.27900   26.65700   27.73800  
H    23.42300   27.27900   28.01200  
H    24.92300   26.57800   28.61800  
H    24.83000   27.05200   26.88000  
O    23.30700   24.52900   28.79100  
C    27.80100   16.01300   21.97100  
H    28.73600   16.20200   22.50500  
H    27.36500   16.98400   21.72500  
H    27.17400   15.37100   22.59400  
S    28.10800   15.03200   20.48400  
C    28.71000   13.56000   21.34200  
H    29.47900   13.83800   22.06700  
H    27.97100   13.05900   21.97200  
H    29.02700   12.79500   20.62700  
O    29.38700   15.57500   19.92900  
C    20.90900   19.36500   26.99900  
H    20.16300   20.14900   26.84900  
H    20.91000   18.61700   26.20200  
H    20.68500   18.86000   27.94300  
S    22.54200   20.13300   27.08800  
C    22.22000   21.46200   28.26800  
H    21.45700   22.11400   27.83600  
H    21.86600   20.91200   29.14400  
H    23.09200   22.11300   28.36100  
O    22.60600   20.90600   25.80700  
C    33.29300   21.81200   23.86200  
H    32.77500   21.96100   24.81400  
H    32.73800   22.29500   23.05400  
H    33.40100   20.74600   23.65000  
S    34.93900   22.51100   24.12300  
C    34.52200   24.26300   24.27300  
H    34.11400   24.57600   23.30900  
H    33.83500   24.26800   25.12300  
H    35.50600   24.72700   24.38000  
O    35.55600   22.56400   22.76000  
C    26.94600   22.05800   29.89800  
H    26.18400   22.53200   29.27400  
H    27.85800   21.78700   29.36000  
H    26.46900   21.19600   30.37100  
S    27.38000   23.22600   31.20700  
C    25.75700   24.01800   31.27500  
H    25.01100   23.30800   31.64200  
H    25.80400   24.82800   32.00600  
H    25.48600   24.41500   30.29300  
O    28.13200   24.35900   30.58000  
C    22.92100   16.24800   26.15100  
H    23.21500   15.25700   25.79400  
H    23.28900   16.43400   27.16300  
H    21.83100   16.30900   26.20100  
S    23.61500   17.41600   24.95900  
C    22.15700   17.20500   23.91200  
H    21.31000   17.76900   24.31100  
H    22.59100   17.60800   22.99300  
H    21.88400   16.15200   23.81000  
O    24.63700   16.60100   24.22900  
C    34.29500   12.83100   29.86800  
H    34.51800   11.98500   29.21200  
H    33.33400   12.68300   30.36800  
H    34.37300   13.75900   29.29600  
S    35.67400   13.05200   31.01400  
C    35.18800   14.68100   31.62800  
H    35.06700   15.40200   30.81600  
H    34.28400   14.54000   32.22600  
H    35.98900   15.05300   32.27200  
O    36.87800   13.26600   30.15200  
$end

$rem
JOBTYPE  SP
METHOD  B3LYP
BASIS  6-31+G(D)
SYMMETRY  FALSE
SYM_IGNORE  TRUE
MEM_TOTAL  16000
MEM_STATIC  8000
MAX_SUB_FILE_NUM  16000
BASIS_LIN_DEP_THRESH  6
THRESH  14
SCF_CONVERGENCE  8
GEN_SCFMAN  TRUE
SCF_GUESS  FRAGMO
FD_MAT_VEC_PROD  FALSE
XC_GRID  000075000302
NL_GRID  1
MAX_SCF_CYCLES  200
FRGM_METHOD  STOLL
SCFMI_MODE  1
$end

$development
almo_efield  1
$end

$rem_frgm
SCF_CONVERGENCE  4
$end

@@@

$molecule
0 1
@C    29.68200   18.71800   25.50000  
@C    29.14500   19.83700   26.40800  
@C    29.75200   19.79200   27.81900  
@C    31.28100   19.82200   27.65800  
@C    31.85900   18.81900   26.64600  
@C    31.19700   18.82800   25.25900  
@H    29.51100   20.65500   28.45200  
@H    29.45000   20.75600   25.89200  
@H    29.60500   17.74800   26.00700  
@H    29.07300   18.59400   24.59700  
@H    31.54100   20.79600   27.22700  
@H    31.81900   19.65800   28.60000  
@H    32.94500   18.96100   26.58600  
@H    31.75800   17.81000   27.06500  
@H    31.44200   19.72100   24.67100  
@H    31.44000   17.91700   24.69800  
@H    29.53700   18.88100   28.39100  
@N    27.71500   19.54700   26.50100  
@H    27.43500   18.61000   26.76600  
@C    26.72000   20.39600   26.06500  
@H    25.75900   19.90700   25.82500  
@O    26.98300   21.57500   25.90600  
C    24.51600   25.45700   21.57200  
H    25.48200   25.96600   21.62100  
H    24.69400   24.40900   21.82800  
H    24.01600   25.66100   20.62200  
S    23.59000   26.38900   22.81300  
C    24.04200   28.00200   22.13500  
H    24.48500   28.56700   22.96000  
H    24.87900   27.77400   21.47100  
H    23.19200   28.43000   21.59700  
O    24.37700   26.23200   24.07700  
C    31.29200   20.76900   31.91100  
H    31.79100   19.79700   31.87000  
H    31.21000   21.36800   31.00100  
H    31.80500   21.34900   32.68300  
S    29.57100   20.39400   32.31400  
C    29.86600   19.35100   33.76000  
H    30.77200   18.77500   33.55500  
H    29.88000   20.04900   34.60100  
H    28.98900   18.71600   33.90700  
O    29.18700   19.50400   31.17300  
C    31.25600   25.20100   30.99800  
H    30.18000   25.01700   31.05400  
H    31.62200   26.22500   30.88800  
H    31.65300   24.68800   30.11900  
S    31.90400   24.53200   32.54700  
C    31.53300   25.98700   33.55200  
H    30.46300   26.12200   33.73000  
H    31.87600   25.88200   34.58400  
H    31.98500   26.91000   33.17900  
O    33.34700   24.68900   32.18000  
C    34.21500   21.69400   27.90200  
H    33.39600   22.14700   27.33700  
H    34.72500   20.98200   27.24900  
H    33.79600   21.12900   28.73900  
S    35.28800   23.02500   28.48700  
C    33.90100   23.92500   29.21500  
H    33.13800   24.22600   28.49300  
H    33.56000   23.16100   29.91900  
H    34.23800   24.83400   29.72100  
O    35.69400   23.72600   27.22900  
C    27.79600   14.73200   26.06300  
H    27.09900   15.25400   25.40200  
H    27.32600   13.92900   26.63600  
H    28.32800   15.48500   26.64900  
S    28.96400   13.82700   25.02400  
C    29.86700   13.30600   26.50000  
H    29.25600   12.74800   27.21400  
H    30.71000   12.65800   26.24900  
H    30.31000   14.17800   26.98800  
O    29.83800   14.88300   24.42400  
C    24.89100   19.02600   32.46300  
H    24.99300   17.93700   32.45600  
H    24.01900   19.31600   33.05400  
H    24.72400   19.43900   31.46500  
S    26.33700   19.85900   33.15500  
C    26.17000   19.25100   34.84900  
H    26.21600   18.16000   34.82000  
H    27.10200   19.63400   35.27200  
H    25.23300   19.68000   35.21400  
O    25.72000   21.22200   33.15500  
C    25.36500   19.43600   22.91900  
H    26.10700   20.02200   23.46800  
H    24.46500   19.29500   23.52200  
H    25.74200   18.43200   22.70800  
S    24.94300   20.28600   21.38100  
C    24.01800   21.51800   22.32500  
H    23.62300   22.34500   21.72900  
H    23.12600   20.98800   22.67100  
H    24.64000   21.79900   23.17800  
O    23.82500   19.42600   20.87900  
C    32.36900   13.08800   20.82900  
H    31.90800   13.12400   21.82000  
H    31.64900   13.41300   20.07300  
H    32.71700   12.06100   20.69000  
S    33.70900   14.28400   21.02200  
C    32.53900   15.62900   21.32000  
H    33.02900   16.59700   21.45000  
H    31.86500   15.72100   20.46500  
H    31.86400   15.44300   22.16000  
O    34.22700   14.62300   19.65900  
C    33.61900   14.12000   26.36900  
H    34.19700   15.03700   26.50600  
H    33.06100   14.19100   25.43100  
H    33.01300   13.89000   27.24800  
S    34.95100   12.89800   26.37600  
C    35.40000   12.86800   24.62600  
H    35.83500   13.85700   24.46400  
H    36.17600   12.11100   24.48700  
H    34.46800   12.73100   24.07100  
O    34.27000   11.60000   26.68000  
C    39.40400   20.01000   27.05300  
H    40.27600   20.48900   26.60100  
H    39.68000   19.43200   27.93900  
H    38.88700   19.40300   26.30500  
S    38.31400   21.41100   27.38800  
C    38.93300   22.49700   26.08300  
H    38.97000   22.01800   25.10200  
H    38.42200   23.45400   25.94500  
H    39.95200   22.66900   26.43900  
O    39.07400   21.92500   28.57100  
C    31.72700   15.51100   29.97700  
H    31.93700   14.67900   30.65300  
H    32.10200   15.21100   28.99500  
H    32.25800   16.39200   30.34800  
S    29.93600   15.75200   29.94300  
C    29.98300   16.21800   31.68800  
H    28.97400   16.34800   32.08900  
H    30.46800   15.39500   32.21900  
H    30.47500   17.18200   31.83900  
O    29.27100   14.41000   29.95500  
C    26.89900   24.19900   23.99200  
H    26.96100   23.92800   25.04900  
H    27.52800   25.05900   23.74500  
H    25.85400   24.35300   23.71500  
S    27.47300   22.75500   23.07100  
C    29.25000   22.91900   23.35200  
H    29.80600   22.73500   22.42900  
H    29.55100   23.88900   23.75700  
H    29.39100   22.06500   24.01900  
O    27.38000   23.17800   21.63800  
C    28.75900   23.59300   27.20400  
H    28.28100   24.28700   27.90000  
H    28.58100   23.71600   26.13200  
H    28.67000   22.51500   27.35700  
S    30.52300   23.94600   27.36600  
C    30.43400   25.69400   26.91800  
H    29.73800   26.02800   27.69200  
H    31.34400   26.26400   27.11900  
H    29.97900   25.88700   25.94300  
O    31.23900   23.27200   26.23800  
C    33.42300   17.56400   32.81000  
H    33.37100   16.92600   31.92400  
H    32.39600   17.50600   33.17800  
H    33.89500   18.55000   32.79900  
S    34.38200   16.68500   34.06500  
C    34.07700   17.71700   35.51700  
H    33.29100   17.24800   36.11400  
H    35.02600   17.71500   36.05800  
H    33.81700   18.75100   35.27700  
O    35.77000   17.03900   33.63300  
C    33.37000   20.97500   17.67500  
H    33.59400   20.83800   16.61400  
H    32.35100   20.71100   17.96800  
H    33.53600   22.04100   17.85100  
S    34.37100   19.86500   18.69000  
C    34.42700   21.09400   20.01400  
H    34.86000   20.68100   20.92800  
H    35.11600   21.82300   19.57800  
H    33.43700   21.51500   20.20500  
O    35.74400   20.00100   18.10800  
C    25.62600   15.76100   28.97900  
H    24.95800   16.13800   29.75700  
H    24.96600   15.21500   28.30000  
H    26.33800   14.99900   29.30800  
S    26.35700   17.17500   28.12400  
C    26.87900   17.82000   29.72900  
H    27.38400   17.06900   30.34200  
H    27.59000   18.60500   29.45700  
H    26.10800   18.31800   30.32200  
O    25.17400   18.05300   27.85900  
C    35.04600   21.97000   32.14300  
H    33.98900   21.79000   32.35800  
H    35.62000   22.23200   33.03600  
H    35.17500   22.72100   31.35900  
S    35.77900   20.42400   31.56300  
C    37.25000   21.02700   30.70400  
H    37.66000   20.15800   30.18500  
H    37.11700   21.83400   29.97900  
H    37.91900   21.41200   31.47800  
O    34.83300   20.01900   30.47500  
C    35.92100   19.18500   24.68100  
H    36.82600   18.64700   24.97400  
H    35.89700   19.83700   23.80400  
H    35.66200   19.75400   25.57800  
S    34.62800   17.98300   24.29600  
C    35.82500   16.88600   23.50300  
H    35.28300   16.23900   22.80900  
H    36.57300   17.47100   22.96100  
H    36.34400   16.40500   24.33600  
O    34.06700   18.54400   23.02600  
C    29.14900   19.16800   19.98100  
H    28.58000   19.69500   20.75200  
H    29.00400   19.39200   18.92100  
H    29.09500   18.08700   20.13400  
S    30.89000   19.53200   20.30100  
C    30.64700   19.20800   22.06200  
H    30.19000   18.22000   22.15800  
H    31.61900   19.29500   22.55400  
H    30.03600   20.05800   22.37700  
O    30.94700   21.02800   20.31900  
C    36.74500   18.54100   27.93500  
H    36.19000   19.48000   28.00700  
H    37.62900   18.70300   28.55700  
H    37.03500   18.22900   26.92900  
S    35.77600   17.22300   28.70200  
C    36.87300   15.92500   28.09000  
H    36.47100   15.02500   28.56300  
H    36.76300   15.73100   27.02000  
H    37.92400   16.12800   28.31300  
O    34.60000   17.02800   27.79600  
C    25.29500   24.18700   27.15700  
H    25.05300   23.22100   26.70600  
H    25.86700   24.85800   26.51200  
H    25.82700   24.19300   28.11200  
S    23.69200   24.97900   27.41600  
C    24.27900   26.65700   27.73800  
H    23.42300   27.27900   28.01200  
H    24.92300   26.57800   28.61800  
H    24.83000   27.05200   26.88000  
O    23.30700   24.52900   28.79100  
C    27.80100   16.01300   21.97100  
H    28.73600   16.20200   22.50500  
H    27.36500   16.98400   21.72500  
H    27.17400   15.37100   22.59400  
S    28.10800   15.03200   20.48400  
C    28.71000   13.56000   21.34200  
H    29.47900   13.83800   22.06700  
H    27.97100   13.05900   21.97200  
H    29.02700   12.79500   20.62700  
O    29.38700   15.57500   19.92900  
C    20.90900   19.36500   26.99900  
H    20.16300   20.14900   26.84900  
H    20.91000   18.61700   26.20200  
H    20.68500   18.86000   27.94300  
S    22.54200   20.13300   27.08800  
C    22.22000   21.46200   28.26800  
H    21.45700   22.11400   27.83600  
H    21.86600   20.91200   29.14400  
H    23.09200   22.11300   28.36100  
O    22.60600   20.90600   25.80700  
C    33.29300   21.81200   23.86200  
H    32.77500   21.96100   24.81400  
H    32.73800   22.29500   23.05400  
H    33.40100   20.74600   23.65000  
S    34.93900   22.51100   24.12300  
C    34.52200   24.26300   24.27300  
H    34.11400   24.57600   23.30900  
H    33.83500   24.26800   25.12300  
H    35.50600   24.72700   24.38000  
O    35.55600   22.56400   22.76000  
C    26.94600   22.05800   29.89800  
H    26.18400   22.53200   29.27400  
H    27.85800   21.78700   29.36000  
H    26.46900   21.19600   30.37100  
S    27.38000   23.22600   31.20700  
C    25.75700   24.01800   31.27500  
H    25.01100   23.30800   31.64200  
H    25.80400   24.82800   32.00600  
H    25.48600   24.41500   30.29300  
O    28.13200   24.35900   30.58000  
C    22.92100   16.24800   26.15100  
H    23.21500   15.25700   25.79400  
H    23.28900   16.43400   27.16300  
H    21.83100   16.30900   26.20100  
S    23.61500   17.41600   24.95900  
C    22.15700   17.20500   23.91200  
H    21.31000   17.76900   24.31100  
H    22.59100   17.60800   22.99300  
H    21.88400   16.15200   23.81000  
O    24.63700   16.60100   24.22900  
C    34.29500   12.83100   29.86800  
H    34.51800   11.98500   29.21200  
H    33.33400   12.68300   30.36800  
H    34.37300   13.75900   29.29600  
S    35.67400   13.05200   31.01400  
C    35.18800   14.68100   31.62800  
H    35.06700   15.40200   30.81600  
H    34.28400   14.54000   32.22600  
H    35.98900   15.05300   32.27200  
O    36.87800   13.26600   30.15200  
$end

$rem
JOBTYPE  SP
METHOD  B3LYP
BASIS  6-31+G(D)
SYMMETRY  FALSE
SYM_IGNORE  TRUE
MEM_TOTAL  16000
MEM_STATIC  8000
MAX_SUB_FILE_NUM  16000
BASIS_LIN_DEP_THRESH  6
THRESH  14
SCF_CONVERGENCE  8
GEN_SCFMAN  FALSE
SCF_GUESS  READ_DEN
FD_MAT_VEC_PROD  FALSE
XC_GRID  000075000302
NL_GRID  1
MAX_SCF_CYCLES  200
SKIP_SCFMAN  TRUE
ESP_GRID  0
ESP_EFIELD  1
$end

$development
almo_efield  1
$end

