$molecule
0 1
--
0 1
C    22.97800   14.20400   26.86100  
C    23.15700   15.15100   25.66300  
C    22.15000   16.30600   25.78400  
C    22.01200   17.01300   27.14200  
C    22.00500   16.10300   28.38100  
C    23.03100   14.97300   28.19100  
H    22.40600   17.01000   24.98200  
H    24.16000   15.55600   25.84700  
H    22.10100   13.54700   26.81100  
H    23.90300   13.61400   26.82900  
H    22.94000   17.58200   27.27500  
H    21.18400   17.73000   27.20300  
H    22.16900   16.62400   29.33200  
H    21.00200   15.65900   28.39000  
H    24.08300   15.28200   28.22300  
H    22.86500   14.22200   28.97300  
H    21.17300   15.84200   25.60000  
N    22.96900   14.38600   24.43200  
H    22.00100   14.14300   24.25700  
C    23.87400   14.43700   23.39200  
H    23.54900   14.04000   22.41300  
O    25.05000   14.69100   23.58100  
--
0 1
C    20.30600   21.42700   28.13100  
H    20.42600   20.34200   28.18600  
H    19.52200   21.81200   28.78700  
H    20.10500   21.65100   27.08000  
S    21.77400   22.28200   28.74700  
C    22.77700   21.71200   27.35600  
H    22.76400   20.61900   27.34100  
H    22.38200   22.11000   26.41700  
H    23.81000   22.00800   27.55700  
O    22.22300   21.47800   29.92700  
C    20.83300   19.79600   22.70400  
H    21.63100   20.33900   22.19200  
H    20.99400   18.71900   22.61500  
H    19.92900   20.06000   22.15000  
S    20.68900   20.26000   24.44500  
C    18.92800   19.88800   24.60300  
H    18.83800   18.79900   24.61300  
H    18.60300   20.40900   25.50700  
H    18.25000   20.37700   23.89900  
O    20.57900   21.74200   24.62900  
C    27.69400   14.31300   32.00500  
H    28.31800   15.20000   32.14200  
H    27.11200   14.24900   32.92800  
H    28.22500   13.38800   31.76700  
S    26.43500   14.59600   30.74000  
C    27.60100   15.04900   29.43600  
H    26.99600   15.38500   28.59000  
H    28.25500   15.89300   29.67200  
H    28.14000   14.12200   29.22400  
O    25.78100   15.90700   31.04900  
C    24.52200   19.11100   30.05700  
H    24.35700   19.69200   30.96800  
H    23.67000   19.14100   29.37300  
H    25.00000   18.16400   30.32200  
S    25.83800   19.97800   29.17200  
C    26.68900   18.53100   28.50300  
H    27.14000   18.05800   29.37900  
H    25.91500   17.81400   28.21800  
H    27.45100   18.72300   27.74400  
O    26.76700   20.47500   30.23500  
C    20.72900   11.49600   36.32800  
H    19.97000   11.10900   35.64300  
H    21.10800   10.72800   37.00700  
H    20.35000   12.39600   36.81900  
S    22.10100   11.98100   35.25700  
C    23.00200   12.78600   36.60000  
H    22.45300   13.61400   37.05600  
H    23.26100   12.02700   37.34200  
H    23.95500   13.10200   36.16800  
O    21.59600   13.18900   34.53100  
C    20.31900   19.84700   32.99700  
H    20.18200   19.91500   31.91400  
H    20.96900   20.64000   33.37600  
H    20.62100   18.88300   33.41200  
S    18.69600   20.21700   33.70100  
C    19.35800   19.88000   35.34800  
H    19.77600   18.87100   35.37700  
H    20.16500   20.58300   35.56700  
H    18.58000   19.94900   36.11300  
O    17.86500   19.03000   33.32400  
C    17.36700   19.32100   27.85800  
H    18.28500   19.79800   27.50500  
H    16.66100   19.34300   27.02400  
H    16.83000   19.92400   28.59500  
S    17.86200   17.62500   28.23700  
C    18.92400   17.92100   29.66800  
H    19.14900   17.07300   30.32000  
H    19.82700   18.19900   29.11700  
H    18.50400   18.75500   30.23500  
O    18.78800   17.37600   27.08700  
C    19.24400   8.79600    26.25000  
H    18.31600   8.94400    25.69100  
H    19.76400   9.68100    26.62500  
H    19.92700   8.30300    25.55300  
S    18.76500   7.50400    27.41900  
C    17.86600   8.43400    28.68100  
H    18.52400   9.23800    29.02000  
H    17.02000   8.88500    28.15500  
H    17.69200   7.63500    29.40600  
O    20.05500   7.04600    28.02400  
C    28.08700   12.80400   22.50800  
H    27.34100   13.49000   22.91800  
H    27.95700   11.81500   22.95500  
H    29.04000   13.22300   22.84100  
S    28.11100   12.65900   20.70700  
C    26.49000   11.90100   20.46000  
H    25.65000   12.59300   20.56600  
H    26.47600   11.53500   19.43000  
H    26.49400   11.01700   21.10200  
O    29.03700   11.49700   20.52200  
C    28.66900   20.44000   26.10500  
H    29.39800   19.68200   26.40400  
H    27.74700   20.07200   25.64700  
H    29.20700   21.02200   25.35200  
S    28.20400   21.56100   27.44400  
C    27.26000   22.73900   26.45200  
H    27.37000   23.71300   26.93400  
H    27.61900   22.65800   25.42300  
H    26.24500   22.33200   26.47100  
O    29.49400   22.31700   27.52800  
C    27.37100   11.37600   27.34800  
H    27.08300   10.63600   26.59800  
H    26.49300   11.97300   27.60700  
H    28.31800   11.88900   27.15900  
S    27.70600   10.31500   28.77200  
C    26.09900   9.50500    28.61400  
H    26.16600   8.76200    27.81500  
H    25.87000   8.94900    29.52700  
H    25.21500   10.14400   28.54300  
O    27.62700   11.22100   29.96100  
C    26.14100   12.67200   14.86500  
H    27.02300   12.26800   14.36100  
H    25.23900   12.43600   14.29500  
H    26.29500   13.75400   14.89200  
S    26.07800   12.05000   16.56100  
C    24.78600   13.20800   17.06600  
H    24.76200   13.13700   18.15600  
H    25.18000   14.19500   16.80800  
H    23.85700   12.93400   16.56100  
O    27.30000   12.68800   17.14500  
C    24.88700   12.12200   32.12800  
H    24.01700   11.46300   32.16900  
H    24.66700   13.16400   32.37400  
H    25.40900   12.12100   31.16800  
S    26.07300   11.51200   33.34700  
C    25.68200   9.76700    33.08700  
H    24.67600   9.54700    33.45300  
H    25.69600   9.50300    32.02600  
H    26.30000   9.07200    33.66100  
O    25.60600   11.86300   34.72500  
C    29.02800   19.66500   32.75700  
H    29.92900   20.07800   32.29400  
H    28.26500   20.44100   32.85200  
H    29.33700   19.17000   33.68100  
S    28.40600   18.30200   31.74700  
C    27.43600   17.79300   33.18400  
H    27.98400   17.78500   34.12900  
H    26.63300   18.53200   33.26200  
H    26.93800   16.83800   32.99900  
O    29.56700   17.35700   31.74700  
C    21.24900   13.76900   31.14600  
H    22.00600   13.22100   31.71400  
H    20.88500   13.03100   30.42700  
H    21.61400   14.67700   30.65900  
S    19.87400   14.28600   32.19700  
C    19.21300   12.62200   32.44100  
H    18.26700   12.70000   32.98300  
H    19.10300   12.04200   31.52100  
H    19.85800   12.04400   33.10800  
O    18.94100   14.99600   31.26500  
C    21.86400   17.67300   19.80800  
H    21.90600   17.64900   18.71600  
H    21.35000   16.75100   20.09000  
H    21.27400   18.54100   20.11400  
S    23.35500   17.60400   20.82700  
C    23.89500   16.07700   20.02700  
H    23.22400   15.26600   20.32200  
H    23.91800   16.33100   18.96400  
H    24.93500   15.90800   20.31600  
O    22.81500   17.10200   22.13000  
C    18.66200   10.70200   21.35600  
H    19.17300   9.74200    21.46300  
H    17.64500   10.63400   20.96200  
H    19.22500   11.39800   20.72800  
S    18.42400   11.36500   23.01900  
C    20.00100   10.76100   23.66200  
H    20.13100   11.10300   24.69200  
H    19.99900   9.68400    23.47800  
H    20.73100   11.27400   23.03100  
O    17.60100   10.18400   23.43000  
C    17.81000   13.56400   28.69400  
H    17.76900   14.61800   28.40800  
H    16.93900   13.12200   28.20300  
H    17.80800   13.44700   29.78100  
S    19.31100   12.88200   27.95400  
C    19.12300   13.39900   26.23200  
H    19.94600   12.97800   25.64900  
H    18.22000   12.96700   25.79300  
H    19.16600   14.49000   26.26700  
O    19.04600   11.40900   27.96100  
C    22.29200   10.36300   20.34600  
H    22.14200   9.32800    20.02700  
H    23.33100   10.57400   20.61200  
H    21.63400   10.54600   21.20000  
S    21.69000   11.60100   19.17600  
C    22.70900   10.86500   17.87800  
H    22.38900   9.83800    17.69000  
H    22.65000   11.41600   16.93600  
H    23.73000   10.81900   18.26600  
O    22.43700   12.84000   19.56000  
C    29.85300   18.32600   19.34100  
H    30.10800   17.84600   18.39300  
H    29.37700   19.29300   19.15900  
H    30.73900   18.40400   19.97700  
S    28.66700   17.26100   20.19400  
C    27.22200   17.99100   19.39000  
H    27.33900   17.91100   18.30700  
H    26.31500   17.48100   19.72700  
H    27.18000   19.07900   19.49000  
O    28.62000   17.75100   21.60700  
C    22.86500   16.73900   32.57700  
H    22.06400   16.13000   33.00400  
H    22.45300   17.45300   31.85900  
H    23.51900   15.98600   32.13000  
S    23.70800   17.47000   33.99800  
C    24.03800   15.99500   34.98800  
H    23.85600   16.30900   36.01800  
H    23.18600   15.37300   34.70300  
H    25.02000   15.59900   34.71600  
O    22.63300   18.20800   34.73300  
C    25.99300   18.29500   24.19200  
H    26.39000   17.63000   24.96400  
H    25.67200   17.70500   23.33100  
H    26.75300   19.01400   23.87400  
S    24.65300   19.35900   24.77200  
C    24.42200   20.30600   23.25000  
H    25.36800   20.60600   22.79100  
H    23.94600   19.63400   22.53300  
H    23.76900   21.17400   23.37000  
O    25.28000   20.27500   25.77600  
C    28.23100   14.97300   25.65200  
H    28.17800   16.05200   25.82100  
H    27.74400   14.79300   24.69000  
H    27.67000   14.44000   26.42400  
S    29.96100   14.46600   25.54100  
C    30.21600   15.46700   24.05800  
H    30.39200   16.51500   24.31300  
H    31.11800   15.13700   23.53600  
H    29.30300   15.42200   23.46100  
O    29.75900   13.04200   25.12600  
C    16.01700   17.35200   24.96800  
H    15.50100   17.46200   25.92500  
H    17.09100   17.20700   25.10400  
H    15.86700   18.24600   24.35600  
S    15.31200   15.97500   24.03400  
C    13.57400   16.46100   24.11700  
H    13.44300   17.50800   23.83300  
H    13.13500   15.90100   23.28700  
H    13.07500   16.05800   25.00200  
O    15.38500   14.72900   24.86100  
C    21.33300   10.07200   31.01900  
H    21.51800   11.04700   31.47600  
H    20.32700   9.64900    31.08200  
H    22.04700   9.40800    31.51200  
S    21.83900   10.09600   29.28400  
C    22.68200   8.49800    29.24100  
H    21.91000   7.73000    29.14700  
H    23.35900   8.48700    28.38300  
H    23.34600   8.42000    30.10600  
O    23.05500   10.96500   29.35400  
C    24.95100   10.96200   23.84600  
H    25.44700   11.86300   24.21400  
H    25.43900   10.13300   24.36500  
H    24.96400   11.06900   22.75800  
S    23.20200   10.68600   24.21000  
C    23.34400   10.60700   26.00900  
H    24.26500   10.06600   26.23900  
H    23.39200   11.58700   26.49100  
H    22.48500   10.01500   26.33500  
O    22.97600   9.26700    23.78900  
C    30.68600   19.09500   28.95800  
H    29.88100   19.82300   28.83400  
H    31.06800   18.94600   29.97100  
H    31.49000   19.38400   28.27500  
S    29.98100   17.49000   28.51900  
C    31.52500   16.66900   28.97500  
H    32.45700   17.05900   28.55700  
H    31.52300   16.58900   30.06500  
H    31.34800   15.63200   28.67700  
O    30.01100   17.37800   27.02700  
C    19.04900   16.37700   23.15800  
H    18.84600   17.18900   22.45500  
H    18.19800   15.85900   23.60600  
H    19.51800   16.65600   24.10500  
S    20.21200   15.30300   22.28600  
C    18.86200   14.84000   21.17700  
H    18.77200   15.70700   20.51700  
H    19.15100   13.98800   20.55700  
H    17.92500   14.60000   21.68500  
O    20.42300   14.04000   23.06000  
$end

$rem
JOBTYPE  SP
METHOD  B3LYP
BASIS  6-31+G(D)
SYMMETRY  FALSE
SYM_IGNORE  TRUE
MEM_TOTAL  16000
MEM_STATIC  8000
MAX_SUB_FILE_NUM  16000
BASIS_LIN_DEP_THRESH  6
THRESH  14
SCF_CONVERGENCE  8
GEN_SCFMAN  TRUE
SCF_GUESS  FRAGMO
FD_MAT_VEC_PROD  FALSE
XC_GRID  000075000302
NL_GRID  1
MAX_SCF_CYCLES  200
FRGM_METHOD  STOLL
SCFMI_MODE  1
$end

$development
almo_efield  1
$end

$rem_frgm
SCF_CONVERGENCE  4
$end

@@@

$molecule
0 1
@C    22.97800   14.20400   26.86100  
@C    23.15700   15.15100   25.66300  
@C    22.15000   16.30600   25.78400  
@C    22.01200   17.01300   27.14200  
@C    22.00500   16.10300   28.38100  
@C    23.03100   14.97300   28.19100  
@H    22.40600   17.01000   24.98200  
@H    24.16000   15.55600   25.84700  
@H    22.10100   13.54700   26.81100  
@H    23.90300   13.61400   26.82900  
@H    22.94000   17.58200   27.27500  
@H    21.18400   17.73000   27.20300  
@H    22.16900   16.62400   29.33200  
@H    21.00200   15.65900   28.39000  
@H    24.08300   15.28200   28.22300  
@H    22.86500   14.22200   28.97300  
@H    21.17300   15.84200   25.60000  
@N    22.96900   14.38600   24.43200  
@H    22.00100   14.14300   24.25700  
@C    23.87400   14.43700   23.39200  
@H    23.54900   14.04000   22.41300  
@O    25.05000   14.69100   23.58100  
C    20.30600   21.42700   28.13100  
H    20.42600   20.34200   28.18600  
H    19.52200   21.81200   28.78700  
H    20.10500   21.65100   27.08000  
S    21.77400   22.28200   28.74700  
C    22.77700   21.71200   27.35600  
H    22.76400   20.61900   27.34100  
H    22.38200   22.11000   26.41700  
H    23.81000   22.00800   27.55700  
O    22.22300   21.47800   29.92700  
C    20.83300   19.79600   22.70400  
H    21.63100   20.33900   22.19200  
H    20.99400   18.71900   22.61500  
H    19.92900   20.06000   22.15000  
S    20.68900   20.26000   24.44500  
C    18.92800   19.88800   24.60300  
H    18.83800   18.79900   24.61300  
H    18.60300   20.40900   25.50700  
H    18.25000   20.37700   23.89900  
O    20.57900   21.74200   24.62900  
C    27.69400   14.31300   32.00500  
H    28.31800   15.20000   32.14200  
H    27.11200   14.24900   32.92800  
H    28.22500   13.38800   31.76700  
S    26.43500   14.59600   30.74000  
C    27.60100   15.04900   29.43600  
H    26.99600   15.38500   28.59000  
H    28.25500   15.89300   29.67200  
H    28.14000   14.12200   29.22400  
O    25.78100   15.90700   31.04900  
C    24.52200   19.11100   30.05700  
H    24.35700   19.69200   30.96800  
H    23.67000   19.14100   29.37300  
H    25.00000   18.16400   30.32200  
S    25.83800   19.97800   29.17200  
C    26.68900   18.53100   28.50300  
H    27.14000   18.05800   29.37900  
H    25.91500   17.81400   28.21800  
H    27.45100   18.72300   27.74400  
O    26.76700   20.47500   30.23500  
C    20.72900   11.49600   36.32800  
H    19.97000   11.10900   35.64300  
H    21.10800   10.72800   37.00700  
H    20.35000   12.39600   36.81900  
S    22.10100   11.98100   35.25700  
C    23.00200   12.78600   36.60000  
H    22.45300   13.61400   37.05600  
H    23.26100   12.02700   37.34200  
H    23.95500   13.10200   36.16800  
O    21.59600   13.18900   34.53100  
C    20.31900   19.84700   32.99700  
H    20.18200   19.91500   31.91400  
H    20.96900   20.64000   33.37600  
H    20.62100   18.88300   33.41200  
S    18.69600   20.21700   33.70100  
C    19.35800   19.88000   35.34800  
H    19.77600   18.87100   35.37700  
H    20.16500   20.58300   35.56700  
H    18.58000   19.94900   36.11300  
O    17.86500   19.03000   33.32400  
C    17.36700   19.32100   27.85800  
H    18.28500   19.79800   27.50500  
H    16.66100   19.34300   27.02400  
H    16.83000   19.92400   28.59500  
S    17.86200   17.62500   28.23700  
C    18.92400   17.92100   29.66800  
H    19.14900   17.07300   30.32000  
H    19.82700   18.19900   29.11700  
H    18.50400   18.75500   30.23500  
O    18.78800   17.37600   27.08700  
C    19.24400   8.79600    26.25000  
H    18.31600   8.94400    25.69100  
H    19.76400   9.68100    26.62500  
H    19.92700   8.30300    25.55300  
S    18.76500   7.50400    27.41900  
C    17.86600   8.43400    28.68100  
H    18.52400   9.23800    29.02000  
H    17.02000   8.88500    28.15500  
H    17.69200   7.63500    29.40600  
O    20.05500   7.04600    28.02400  
C    28.08700   12.80400   22.50800  
H    27.34100   13.49000   22.91800  
H    27.95700   11.81500   22.95500  
H    29.04000   13.22300   22.84100  
S    28.11100   12.65900   20.70700  
C    26.49000   11.90100   20.46000  
H    25.65000   12.59300   20.56600  
H    26.47600   11.53500   19.43000  
H    26.49400   11.01700   21.10200  
O    29.03700   11.49700   20.52200  
C    28.66900   20.44000   26.10500  
H    29.39800   19.68200   26.40400  
H    27.74700   20.07200   25.64700  
H    29.20700   21.02200   25.35200  
S    28.20400   21.56100   27.44400  
C    27.26000   22.73900   26.45200  
H    27.37000   23.71300   26.93400  
H    27.61900   22.65800   25.42300  
H    26.24500   22.33200   26.47100  
O    29.49400   22.31700   27.52800  
C    27.37100   11.37600   27.34800  
H    27.08300   10.63600   26.59800  
H    26.49300   11.97300   27.60700  
H    28.31800   11.88900   27.15900  
S    27.70600   10.31500   28.77200  
C    26.09900   9.50500    28.61400  
H    26.16600   8.76200    27.81500  
H    25.87000   8.94900    29.52700  
H    25.21500   10.14400   28.54300  
O    27.62700   11.22100   29.96100  
C    26.14100   12.67200   14.86500  
H    27.02300   12.26800   14.36100  
H    25.23900   12.43600   14.29500  
H    26.29500   13.75400   14.89200  
S    26.07800   12.05000   16.56100  
C    24.78600   13.20800   17.06600  
H    24.76200   13.13700   18.15600  
H    25.18000   14.19500   16.80800  
H    23.85700   12.93400   16.56100  
O    27.30000   12.68800   17.14500  
C    24.88700   12.12200   32.12800  
H    24.01700   11.46300   32.16900  
H    24.66700   13.16400   32.37400  
H    25.40900   12.12100   31.16800  
S    26.07300   11.51200   33.34700  
C    25.68200   9.76700    33.08700  
H    24.67600   9.54700    33.45300  
H    25.69600   9.50300    32.02600  
H    26.30000   9.07200    33.66100  
O    25.60600   11.86300   34.72500  
C    29.02800   19.66500   32.75700  
H    29.92900   20.07800   32.29400  
H    28.26500   20.44100   32.85200  
H    29.33700   19.17000   33.68100  
S    28.40600   18.30200   31.74700  
C    27.43600   17.79300   33.18400  
H    27.98400   17.78500   34.12900  
H    26.63300   18.53200   33.26200  
H    26.93800   16.83800   32.99900  
O    29.56700   17.35700   31.74700  
C    21.24900   13.76900   31.14600  
H    22.00600   13.22100   31.71400  
H    20.88500   13.03100   30.42700  
H    21.61400   14.67700   30.65900  
S    19.87400   14.28600   32.19700  
C    19.21300   12.62200   32.44100  
H    18.26700   12.70000   32.98300  
H    19.10300   12.04200   31.52100  
H    19.85800   12.04400   33.10800  
O    18.94100   14.99600   31.26500  
C    21.86400   17.67300   19.80800  
H    21.90600   17.64900   18.71600  
H    21.35000   16.75100   20.09000  
H    21.27400   18.54100   20.11400  
S    23.35500   17.60400   20.82700  
C    23.89500   16.07700   20.02700  
H    23.22400   15.26600   20.32200  
H    23.91800   16.33100   18.96400  
H    24.93500   15.90800   20.31600  
O    22.81500   17.10200   22.13000  
C    18.66200   10.70200   21.35600  
H    19.17300   9.74200    21.46300  
H    17.64500   10.63400   20.96200  
H    19.22500   11.39800   20.72800  
S    18.42400   11.36500   23.01900  
C    20.00100   10.76100   23.66200  
H    20.13100   11.10300   24.69200  
H    19.99900   9.68400    23.47800  
H    20.73100   11.27400   23.03100  
O    17.60100   10.18400   23.43000  
C    17.81000   13.56400   28.69400  
H    17.76900   14.61800   28.40800  
H    16.93900   13.12200   28.20300  
H    17.80800   13.44700   29.78100  
S    19.31100   12.88200   27.95400  
C    19.12300   13.39900   26.23200  
H    19.94600   12.97800   25.64900  
H    18.22000   12.96700   25.79300  
H    19.16600   14.49000   26.26700  
O    19.04600   11.40900   27.96100  
C    22.29200   10.36300   20.34600  
H    22.14200   9.32800    20.02700  
H    23.33100   10.57400   20.61200  
H    21.63400   10.54600   21.20000  
S    21.69000   11.60100   19.17600  
C    22.70900   10.86500   17.87800  
H    22.38900   9.83800    17.69000  
H    22.65000   11.41600   16.93600  
H    23.73000   10.81900   18.26600  
O    22.43700   12.84000   19.56000  
C    29.85300   18.32600   19.34100  
H    30.10800   17.84600   18.39300  
H    29.37700   19.29300   19.15900  
H    30.73900   18.40400   19.97700  
S    28.66700   17.26100   20.19400  
C    27.22200   17.99100   19.39000  
H    27.33900   17.91100   18.30700  
H    26.31500   17.48100   19.72700  
H    27.18000   19.07900   19.49000  
O    28.62000   17.75100   21.60700  
C    22.86500   16.73900   32.57700  
H    22.06400   16.13000   33.00400  
H    22.45300   17.45300   31.85900  
H    23.51900   15.98600   32.13000  
S    23.70800   17.47000   33.99800  
C    24.03800   15.99500   34.98800  
H    23.85600   16.30900   36.01800  
H    23.18600   15.37300   34.70300  
H    25.02000   15.59900   34.71600  
O    22.63300   18.20800   34.73300  
C    25.99300   18.29500   24.19200  
H    26.39000   17.63000   24.96400  
H    25.67200   17.70500   23.33100  
H    26.75300   19.01400   23.87400  
S    24.65300   19.35900   24.77200  
C    24.42200   20.30600   23.25000  
H    25.36800   20.60600   22.79100  
H    23.94600   19.63400   22.53300  
H    23.76900   21.17400   23.37000  
O    25.28000   20.27500   25.77600  
C    28.23100   14.97300   25.65200  
H    28.17800   16.05200   25.82100  
H    27.74400   14.79300   24.69000  
H    27.67000   14.44000   26.42400  
S    29.96100   14.46600   25.54100  
C    30.21600   15.46700   24.05800  
H    30.39200   16.51500   24.31300  
H    31.11800   15.13700   23.53600  
H    29.30300   15.42200   23.46100  
O    29.75900   13.04200   25.12600  
C    16.01700   17.35200   24.96800  
H    15.50100   17.46200   25.92500  
H    17.09100   17.20700   25.10400  
H    15.86700   18.24600   24.35600  
S    15.31200   15.97500   24.03400  
C    13.57400   16.46100   24.11700  
H    13.44300   17.50800   23.83300  
H    13.13500   15.90100   23.28700  
H    13.07500   16.05800   25.00200  
O    15.38500   14.72900   24.86100  
C    21.33300   10.07200   31.01900  
H    21.51800   11.04700   31.47600  
H    20.32700   9.64900    31.08200  
H    22.04700   9.40800    31.51200  
S    21.83900   10.09600   29.28400  
C    22.68200   8.49800    29.24100  
H    21.91000   7.73000    29.14700  
H    23.35900   8.48700    28.38300  
H    23.34600   8.42000    30.10600  
O    23.05500   10.96500   29.35400  
C    24.95100   10.96200   23.84600  
H    25.44700   11.86300   24.21400  
H    25.43900   10.13300   24.36500  
H    24.96400   11.06900   22.75800  
S    23.20200   10.68600   24.21000  
C    23.34400   10.60700   26.00900  
H    24.26500   10.06600   26.23900  
H    23.39200   11.58700   26.49100  
H    22.48500   10.01500   26.33500  
O    22.97600   9.26700    23.78900  
C    30.68600   19.09500   28.95800  
H    29.88100   19.82300   28.83400  
H    31.06800   18.94600   29.97100  
H    31.49000   19.38400   28.27500  
S    29.98100   17.49000   28.51900  
C    31.52500   16.66900   28.97500  
H    32.45700   17.05900   28.55700  
H    31.52300   16.58900   30.06500  
H    31.34800   15.63200   28.67700  
O    30.01100   17.37800   27.02700  
C    19.04900   16.37700   23.15800  
H    18.84600   17.18900   22.45500  
H    18.19800   15.85900   23.60600  
H    19.51800   16.65600   24.10500  
S    20.21200   15.30300   22.28600  
C    18.86200   14.84000   21.17700  
H    18.77200   15.70700   20.51700  
H    19.15100   13.98800   20.55700  
H    17.92500   14.60000   21.68500  
O    20.42300   14.04000   23.06000  
$end

$rem
JOBTYPE  SP
METHOD  B3LYP
BASIS  6-31+G(D)
SYMMETRY  FALSE
SYM_IGNORE  TRUE
MEM_TOTAL  16000
MEM_STATIC  8000
MAX_SUB_FILE_NUM  16000
BASIS_LIN_DEP_THRESH  6
THRESH  14
SCF_CONVERGENCE  8
GEN_SCFMAN  FALSE
SCF_GUESS  READ_DEN
FD_MAT_VEC_PROD  FALSE
XC_GRID  000075000302
NL_GRID  1
MAX_SCF_CYCLES  200
SKIP_SCFMAN  TRUE
ESP_GRID  0
ESP_EFIELD  1
$end

$development
almo_efield  1
$end

