$molecule
0 1
--
0 1
C    28.13400   24.69300   26.64800  
C    28.45100   26.01400   27.36800  
C    27.34200   26.46000   28.33500  
C    26.65900   25.43000   29.25000  
C    26.29700   24.16100   28.46200  
C    27.49100   23.68700   27.61700  
H    27.87700   27.20100   28.94200  
H    29.32300   25.74200   27.97500  
H    27.45000   24.89400   25.81400  
H    29.04600   24.19800   26.29300  
H    27.23300   25.22200   30.16100  
H    25.77100   25.89200   29.69800  
H    25.99600   23.29800   29.06800  
H    25.43000   24.42200   27.84200  
H    28.25200   23.30800   28.31100  
H    27.20800   22.81400   27.01700  
H    26.56100   26.93700   27.73100  
N    28.84200   27.01300   26.37400  
H    28.45200   27.13500   25.44800  
C    29.89200   27.89400   26.52200  
H    29.95000   28.56700   25.64700  
O    30.60200   27.96800   27.50900  
--
0 1
C    25.22600   27.63900   24.70500  
H    25.25000   26.97700   23.83500  
H    26.10600   28.28200   24.79200  
H    25.17000   27.07000   25.63600  
S    23.75600   28.68400   24.59100  
C    24.30500   29.83900   25.86800  
H    24.56700   29.21600   26.72700  
H    25.14300   30.43500   25.49900  
H    23.46200   30.48700   26.11900  
O    22.72100   27.92700   25.36300  
C    23.81400   24.02700   32.25800  
H    24.83800   24.37600   32.10100  
H    23.73000   23.52700   33.22700  
H    23.44400   23.44700   31.40900  
S    22.78400   25.51100   32.21400  
C    23.77900   26.36200   33.45900  
H    23.37600   27.36800   33.60500  
H    23.64500   25.75000   34.35400  
H    24.79700   26.50900   33.08900  
O    21.50800   25.14600   32.90700  
C    29.03700   26.88300   33.61700  
H    29.83300   26.23600   33.24200  
H    29.45100   27.84900   33.91800  
H    28.41000   26.38800   34.36300  
S    27.67600   27.06400   32.44200  
C    26.65200   28.30700   33.26100  
H    27.10800   29.29600   33.35500  
H    25.68200   28.38800   32.76400  
H    26.32400   27.83900   34.19300  
O    26.92400   25.77700   32.57900  
C    34.35400   32.63500   28.62900  
H    33.78900   31.71200   28.47700  
H    33.60900   33.43100   28.54200  
H    35.12600   32.77300   27.86800  
S    35.09400   32.76900   30.27300  
C    36.06000   31.25100   30.10200  
H    36.96300   31.31200   29.48900  
H    36.22400   30.86300   31.11000  
H    35.51800   30.41000   29.66200  
O    33.95300   32.25700   31.09600  
C    30.06700   20.36800   26.86900  
H    29.43800   19.70700   26.26800  
H    30.18900   21.34700   26.40000  
H    31.06100   19.92100   26.94800  
S    29.32700   20.43000   28.51700  
C    30.91200   20.74000   29.32600  
H    30.71700   21.49600   30.09200  
H    31.29800   19.83100   29.79400  
H    31.60900   21.18700   28.61300  
O    28.92400   18.99300   28.64000  
C    29.61500   36.35800   28.85100  
H    28.82800   36.55700   29.58200  
H    30.54800   36.85100   29.13600  
H    29.29700   36.53500   27.82000  
S    30.00800   34.61400   29.11600  
C    30.50800   34.28600   27.41100  
H    29.86300   34.81600   26.70500  
H    31.53100   34.65900   27.31100  
H    30.49300   33.19800   27.30400  
O    28.62600   34.06000   29.27300  
C    27.75200   22.43100   33.76700  
H    27.86800   21.36400   33.97100  
H    28.57600   22.92600   34.28900  
H    26.79500   22.76800   34.17500  
S    27.87000   22.78200   31.99900  
C    26.79200   21.37100   31.66500  
H    27.01600   20.54300   32.34300  
H    25.79500   21.73900   31.91800  
H    26.95000   21.01500   30.64300  
O    29.31400   22.45100   31.77900  
C    23.73500   20.47000   29.04600  
H    24.14300   19.46200   28.93700  
H    24.22000   21.06700   29.82300  
H    22.67400   20.37900   29.29400  
S    23.85700   21.21800   27.40600  
C    22.89500   19.94800   26.55200  
H    22.66700   20.19200   25.51100  
H    23.59200   19.11000   26.62900  
H    21.90000   19.78800   26.97500  
O    25.24200   20.79900   27.02000  
C    36.30400   24.24800   28.66500  
H    36.34700   25.04700   27.92100  
H    35.93500   24.57200   29.64200  
H    37.24900   23.69900   28.67200  
S    34.97000   23.21100   28.02500  
C    35.49800   21.51400   28.35200  
H    34.67500   20.80400   28.23300  
H    36.26300   21.28100   27.60700  
H    35.92800   21.34900   29.34300  
O    34.99700   23.43900   26.54600  
C    32.02300   25.00200   25.58900  
H    32.00100   23.92000   25.74300  
H    33.04400   25.38000   25.68300  
H    31.49700   25.60200   26.33600  
S    31.28400   25.67100   24.08200  
C    32.06400   24.43100   23.02400  
H    31.87300   23.41800   23.38700  
H    31.73400   24.45700   21.98300  
H    33.13900   24.62100   23.08000  
O    32.18200   26.83900   23.81600  
C    20.59100   23.63700   28.58600  
H    21.67200   23.77300   28.68100  
H    20.38400   22.62900   28.95600  
H    20.24300   23.79300   27.56200  
S    19.67900   24.74700   29.68000  
C    18.00200   24.35000   29.13700  
H    17.23400   24.98800   29.58100  
H    18.00900   24.42800   28.04700  
H    17.76400   23.31900   29.41400  
O    20.02600   26.12900   29.21900  
C    31.70900   30.06700   23.83100  
H    31.59600   30.33800   22.77800  
H    32.78000   29.92800   23.99800  
H    31.24800   29.08800   23.98600  
S    31.15600   31.28200   25.04900  
C    29.66100   31.69900   24.12500  
H    29.46800   32.70400   24.51100  
H    29.73000   31.79500   23.03900  
H    28.90800   30.92100   24.27600  
O    32.05300   32.46000   24.83200  
C    27.09800   28.11200   21.42800  
H    27.27400   29.17100   21.22800  
H    26.92200   27.61700   20.46900  
H    26.13400   28.09400   21.94300  
S    28.45600   27.43400   22.40800  
C    27.71800   25.78500   22.37000  
H    27.98300   25.29800   21.42700  
H    28.14000   25.32800   23.26900  
H    26.63300   25.89500   22.44200  
O    28.25800   27.95500   23.79700  
C    31.81600   29.61900   33.89100  
H    31.62500   29.54400   34.96400  
H    31.56900   30.64200   33.59800  
H    31.11200   28.93500   33.40900  
S    33.43000   28.87100   33.57200  
C    33.21200   29.08400   31.79100  
H    33.85000   28.48600   31.13600  
H    32.16100   28.81300   31.66500  
H    33.39800   30.14700   31.61500  
O    33.19600   27.39500   33.66000  
C    24.90000   31.73900   32.81100  
H    25.80900   31.15500   32.97200  
H    24.48900   31.25900   31.91900  
H    24.96400   32.82000   32.65900  
S    23.64200   31.27000   34.02100  
C    24.77900   31.33600   35.42300  
H    25.35400   30.40700   35.46500  
H    25.52100   32.10700   35.19900  
H    24.16500   31.56900   36.29700  
O    23.65100   29.80100   33.73300  
C    25.79100   32.66800   28.54100  
H    26.57700   32.23300   27.91800  
H    26.23700   33.55600   28.99800  
H    25.59500   32.02500   29.40200  
S    24.21100   32.96600   27.71600  
C    24.74600   34.62300   27.23400  
H    25.51800   34.53500   26.46600  
H    23.84500   35.17800   26.95900  
H    25.23900   35.00400   28.13200  
O    23.28200   33.34300   28.82800  
C    25.01500   23.53800   24.53700  
H    26.09300   23.36700   24.47500  
H    24.66000   24.23700   23.77500  
H    24.77000   23.85900   25.55200  
S    24.36800   21.91400   24.07700  
C    24.87700   22.14300   22.35800  
H    24.34700   22.97500   21.88800  
H    25.95500   22.31400   22.30200  
H    24.78900   21.22400   21.77300  
O    22.88000   22.08000   24.06800  
C    22.98900   27.57000   28.74300  
H    21.93000   27.39800   28.95300  
H    22.96300   28.06500   27.76900  
H    23.57400   26.64900   28.66500  
S    23.51900   28.70900   30.04200  
C    22.79600   30.21700   29.35700  
H    21.74200   30.19300   29.64600  
H    23.32600   31.09000   29.74500  
H    22.91000   30.13600   28.27300  
O    25.00200   28.83600   29.88800  
C    36.09800   28.92500   25.64500  
H    36.86400   28.33200   25.13700  
H    35.19600   29.22400   25.10500  
H    36.66000   29.75800   26.07500  
S    35.53700   27.95300   27.06200  
C    33.94400   28.70100   27.47300  
H    33.99500   29.79100   27.54200  
H    33.10200   28.35300   26.87000  
H    33.77300   28.22000   28.43900  
O    36.37400   28.24300   28.26900  
C    22.71500   27.19500   21.33900  
H    23.33800   27.54900   22.16500  
H    23.04000   27.61200   20.38300  
H    21.69200   27.40400   21.66100  
S    22.95900   25.40700   21.43900  
C    22.37400   25.34200   23.14700  
H    21.34100   25.67800   23.26600  
H    22.64900   24.33200   23.46300  
H    23.08600   25.95700   23.70500  
O    24.44300   25.46200   21.62900  
C    27.70100   19.44700   24.02500  
H    27.86700   19.41500   25.10500  
H    26.63400   19.52800   23.80400  
H    28.18800   18.68500   23.41100  
S    28.52300   21.01400   23.66200  
C    28.67700   20.75300   21.88000  
H    29.46900   20.01900   21.71300  
H    27.72800   20.39800   21.47200  
H    29.08500   21.59700   21.31800  
O    29.96900   20.80900   23.98900  
C    27.03400   15.39500   28.25700  
H    26.40300   15.26300   29.14000  
H    27.42300   14.45600   27.85500  
H    27.96300   15.96200   28.35000  
S    26.03000   16.08300   26.92100  
C    26.05900   17.67500   27.77700  
H    25.84900   17.67300   28.84900  
H    27.03100   18.11700   27.54200  
H    25.28000   18.33000   27.37900  
O    24.76400   15.33800   27.20800  
C    28.18700   29.41500   30.18300  
H    27.86300   29.78400   29.20600  
H    28.94300   28.62600   30.15400  
H    27.21300   29.10100   30.56500  
S    28.78100   30.80100   31.17900  
C    30.37100   30.98800   30.34100  
H    30.96100   31.83500   30.69800  
H    30.89400   30.02900   30.31600  
H    30.02200   31.15500   29.31800  
O    29.16500   30.05600   32.41900  
C    30.40500   25.26600   30.70700  
H    30.08000   26.00000   29.96600  
H    29.57400   24.57200   30.86000  
H    30.83000   25.62000   31.65000  
S    31.67000   24.33200   29.81700  
C    32.65100   25.83500   29.60700  
H    31.99000   26.63100   29.25300  
H    33.17300   26.16000   30.51100  
H    33.42000   25.68800   28.84400  
O    30.93800   23.98000   28.56000  
$end

$rem
JOBTYPE  SP
METHOD  B3LYP
BASIS  6-31+G(D)
SYMMETRY  FALSE
SYM_IGNORE  TRUE
MEM_TOTAL  16000
MEM_STATIC  8000
MAX_SUB_FILE_NUM  16000
BASIS_LIN_DEP_THRESH  6
THRESH  14
SCF_CONVERGENCE  8
GEN_SCFMAN  TRUE
SCF_GUESS  FRAGMO
FD_MAT_VEC_PROD  FALSE
XC_GRID  000075000302
NL_GRID  1
MAX_SCF_CYCLES  200
FRGM_METHOD  STOLL
SCFMI_MODE  1
$end

$development
almo_efield  1
$end

$rem_frgm
SCF_CONVERGENCE  4
$end

@@@

$molecule
0 1
@C    28.13400   24.69300   26.64800  
@C    28.45100   26.01400   27.36800  
@C    27.34200   26.46000   28.33500  
@C    26.65900   25.43000   29.25000  
@C    26.29700   24.16100   28.46200  
@C    27.49100   23.68700   27.61700  
@H    27.87700   27.20100   28.94200  
@H    29.32300   25.74200   27.97500  
@H    27.45000   24.89400   25.81400  
@H    29.04600   24.19800   26.29300  
@H    27.23300   25.22200   30.16100  
@H    25.77100   25.89200   29.69800  
@H    25.99600   23.29800   29.06800  
@H    25.43000   24.42200   27.84200  
@H    28.25200   23.30800   28.31100  
@H    27.20800   22.81400   27.01700  
@H    26.56100   26.93700   27.73100  
@N    28.84200   27.01300   26.37400  
@H    28.45200   27.13500   25.44800  
@C    29.89200   27.89400   26.52200  
@H    29.95000   28.56700   25.64700  
@O    30.60200   27.96800   27.50900  
C    25.22600   27.63900   24.70500  
H    25.25000   26.97700   23.83500  
H    26.10600   28.28200   24.79200  
H    25.17000   27.07000   25.63600  
S    23.75600   28.68400   24.59100  
C    24.30500   29.83900   25.86800  
H    24.56700   29.21600   26.72700  
H    25.14300   30.43500   25.49900  
H    23.46200   30.48700   26.11900  
O    22.72100   27.92700   25.36300  
C    23.81400   24.02700   32.25800  
H    24.83800   24.37600   32.10100  
H    23.73000   23.52700   33.22700  
H    23.44400   23.44700   31.40900  
S    22.78400   25.51100   32.21400  
C    23.77900   26.36200   33.45900  
H    23.37600   27.36800   33.60500  
H    23.64500   25.75000   34.35400  
H    24.79700   26.50900   33.08900  
O    21.50800   25.14600   32.90700  
C    29.03700   26.88300   33.61700  
H    29.83300   26.23600   33.24200  
H    29.45100   27.84900   33.91800  
H    28.41000   26.38800   34.36300  
S    27.67600   27.06400   32.44200  
C    26.65200   28.30700   33.26100  
H    27.10800   29.29600   33.35500  
H    25.68200   28.38800   32.76400  
H    26.32400   27.83900   34.19300  
O    26.92400   25.77700   32.57900  
C    34.35400   32.63500   28.62900  
H    33.78900   31.71200   28.47700  
H    33.60900   33.43100   28.54200  
H    35.12600   32.77300   27.86800  
S    35.09400   32.76900   30.27300  
C    36.06000   31.25100   30.10200  
H    36.96300   31.31200   29.48900  
H    36.22400   30.86300   31.11000  
H    35.51800   30.41000   29.66200  
O    33.95300   32.25700   31.09600  
C    30.06700   20.36800   26.86900  
H    29.43800   19.70700   26.26800  
H    30.18900   21.34700   26.40000  
H    31.06100   19.92100   26.94800  
S    29.32700   20.43000   28.51700  
C    30.91200   20.74000   29.32600  
H    30.71700   21.49600   30.09200  
H    31.29800   19.83100   29.79400  
H    31.60900   21.18700   28.61300  
O    28.92400   18.99300   28.64000  
C    29.61500   36.35800   28.85100  
H    28.82800   36.55700   29.58200  
H    30.54800   36.85100   29.13600  
H    29.29700   36.53500   27.82000  
S    30.00800   34.61400   29.11600  
C    30.50800   34.28600   27.41100  
H    29.86300   34.81600   26.70500  
H    31.53100   34.65900   27.31100  
H    30.49300   33.19800   27.30400  
O    28.62600   34.06000   29.27300  
C    27.75200   22.43100   33.76700  
H    27.86800   21.36400   33.97100  
H    28.57600   22.92600   34.28900  
H    26.79500   22.76800   34.17500  
S    27.87000   22.78200   31.99900  
C    26.79200   21.37100   31.66500  
H    27.01600   20.54300   32.34300  
H    25.79500   21.73900   31.91800  
H    26.95000   21.01500   30.64300  
O    29.31400   22.45100   31.77900  
C    23.73500   20.47000   29.04600  
H    24.14300   19.46200   28.93700  
H    24.22000   21.06700   29.82300  
H    22.67400   20.37900   29.29400  
S    23.85700   21.21800   27.40600  
C    22.89500   19.94800   26.55200  
H    22.66700   20.19200   25.51100  
H    23.59200   19.11000   26.62900  
H    21.90000   19.78800   26.97500  
O    25.24200   20.79900   27.02000  
C    36.30400   24.24800   28.66500  
H    36.34700   25.04700   27.92100  
H    35.93500   24.57200   29.64200  
H    37.24900   23.69900   28.67200  
S    34.97000   23.21100   28.02500  
C    35.49800   21.51400   28.35200  
H    34.67500   20.80400   28.23300  
H    36.26300   21.28100   27.60700  
H    35.92800   21.34900   29.34300  
O    34.99700   23.43900   26.54600  
C    32.02300   25.00200   25.58900  
H    32.00100   23.92000   25.74300  
H    33.04400   25.38000   25.68300  
H    31.49700   25.60200   26.33600  
S    31.28400   25.67100   24.08200  
C    32.06400   24.43100   23.02400  
H    31.87300   23.41800   23.38700  
H    31.73400   24.45700   21.98300  
H    33.13900   24.62100   23.08000  
O    32.18200   26.83900   23.81600  
C    20.59100   23.63700   28.58600  
H    21.67200   23.77300   28.68100  
H    20.38400   22.62900   28.95600  
H    20.24300   23.79300   27.56200  
S    19.67900   24.74700   29.68000  
C    18.00200   24.35000   29.13700  
H    17.23400   24.98800   29.58100  
H    18.00900   24.42800   28.04700  
H    17.76400   23.31900   29.41400  
O    20.02600   26.12900   29.21900  
C    31.70900   30.06700   23.83100  
H    31.59600   30.33800   22.77800  
H    32.78000   29.92800   23.99800  
H    31.24800   29.08800   23.98600  
S    31.15600   31.28200   25.04900  
C    29.66100   31.69900   24.12500  
H    29.46800   32.70400   24.51100  
H    29.73000   31.79500   23.03900  
H    28.90800   30.92100   24.27600  
O    32.05300   32.46000   24.83200  
C    27.09800   28.11200   21.42800  
H    27.27400   29.17100   21.22800  
H    26.92200   27.61700   20.46900  
H    26.13400   28.09400   21.94300  
S    28.45600   27.43400   22.40800  
C    27.71800   25.78500   22.37000  
H    27.98300   25.29800   21.42700  
H    28.14000   25.32800   23.26900  
H    26.63300   25.89500   22.44200  
O    28.25800   27.95500   23.79700  
C    31.81600   29.61900   33.89100  
H    31.62500   29.54400   34.96400  
H    31.56900   30.64200   33.59800  
H    31.11200   28.93500   33.40900  
S    33.43000   28.87100   33.57200  
C    33.21200   29.08400   31.79100  
H    33.85000   28.48600   31.13600  
H    32.16100   28.81300   31.66500  
H    33.39800   30.14700   31.61500  
O    33.19600   27.39500   33.66000  
C    24.90000   31.73900   32.81100  
H    25.80900   31.15500   32.97200  
H    24.48900   31.25900   31.91900  
H    24.96400   32.82000   32.65900  
S    23.64200   31.27000   34.02100  
C    24.77900   31.33600   35.42300  
H    25.35400   30.40700   35.46500  
H    25.52100   32.10700   35.19900  
H    24.16500   31.56900   36.29700  
O    23.65100   29.80100   33.73300  
C    25.79100   32.66800   28.54100  
H    26.57700   32.23300   27.91800  
H    26.23700   33.55600   28.99800  
H    25.59500   32.02500   29.40200  
S    24.21100   32.96600   27.71600  
C    24.74600   34.62300   27.23400  
H    25.51800   34.53500   26.46600  
H    23.84500   35.17800   26.95900  
H    25.23900   35.00400   28.13200  
O    23.28200   33.34300   28.82800  
C    25.01500   23.53800   24.53700  
H    26.09300   23.36700   24.47500  
H    24.66000   24.23700   23.77500  
H    24.77000   23.85900   25.55200  
S    24.36800   21.91400   24.07700  
C    24.87700   22.14300   22.35800  
H    24.34700   22.97500   21.88800  
H    25.95500   22.31400   22.30200  
H    24.78900   21.22400   21.77300  
O    22.88000   22.08000   24.06800  
C    22.98900   27.57000   28.74300  
H    21.93000   27.39800   28.95300  
H    22.96300   28.06500   27.76900  
H    23.57400   26.64900   28.66500  
S    23.51900   28.70900   30.04200  
C    22.79600   30.21700   29.35700  
H    21.74200   30.19300   29.64600  
H    23.32600   31.09000   29.74500  
H    22.91000   30.13600   28.27300  
O    25.00200   28.83600   29.88800  
C    36.09800   28.92500   25.64500  
H    36.86400   28.33200   25.13700  
H    35.19600   29.22400   25.10500  
H    36.66000   29.75800   26.07500  
S    35.53700   27.95300   27.06200  
C    33.94400   28.70100   27.47300  
H    33.99500   29.79100   27.54200  
H    33.10200   28.35300   26.87000  
H    33.77300   28.22000   28.43900  
O    36.37400   28.24300   28.26900  
C    22.71500   27.19500   21.33900  
H    23.33800   27.54900   22.16500  
H    23.04000   27.61200   20.38300  
H    21.69200   27.40400   21.66100  
S    22.95900   25.40700   21.43900  
C    22.37400   25.34200   23.14700  
H    21.34100   25.67800   23.26600  
H    22.64900   24.33200   23.46300  
H    23.08600   25.95700   23.70500  
O    24.44300   25.46200   21.62900  
C    27.70100   19.44700   24.02500  
H    27.86700   19.41500   25.10500  
H    26.63400   19.52800   23.80400  
H    28.18800   18.68500   23.41100  
S    28.52300   21.01400   23.66200  
C    28.67700   20.75300   21.88000  
H    29.46900   20.01900   21.71300  
H    27.72800   20.39800   21.47200  
H    29.08500   21.59700   21.31800  
O    29.96900   20.80900   23.98900  
C    27.03400   15.39500   28.25700  
H    26.40300   15.26300   29.14000  
H    27.42300   14.45600   27.85500  
H    27.96300   15.96200   28.35000  
S    26.03000   16.08300   26.92100  
C    26.05900   17.67500   27.77700  
H    25.84900   17.67300   28.84900  
H    27.03100   18.11700   27.54200  
H    25.28000   18.33000   27.37900  
O    24.76400   15.33800   27.20800  
C    28.18700   29.41500   30.18300  
H    27.86300   29.78400   29.20600  
H    28.94300   28.62600   30.15400  
H    27.21300   29.10100   30.56500  
S    28.78100   30.80100   31.17900  
C    30.37100   30.98800   30.34100  
H    30.96100   31.83500   30.69800  
H    30.89400   30.02900   30.31600  
H    30.02200   31.15500   29.31800  
O    29.16500   30.05600   32.41900  
C    30.40500   25.26600   30.70700  
H    30.08000   26.00000   29.96600  
H    29.57400   24.57200   30.86000  
H    30.83000   25.62000   31.65000  
S    31.67000   24.33200   29.81700  
C    32.65100   25.83500   29.60700  
H    31.99000   26.63100   29.25300  
H    33.17300   26.16000   30.51100  
H    33.42000   25.68800   28.84400  
O    30.93800   23.98000   28.56000  
$end

$rem
JOBTYPE  SP
METHOD  B3LYP
BASIS  6-31+G(D)
SYMMETRY  FALSE
SYM_IGNORE  TRUE
MEM_TOTAL  16000
MEM_STATIC  8000
MAX_SUB_FILE_NUM  16000
BASIS_LIN_DEP_THRESH  6
THRESH  14
SCF_CONVERGENCE  8
GEN_SCFMAN  FALSE
SCF_GUESS  READ_DEN
FD_MAT_VEC_PROD  FALSE
XC_GRID  000075000302
NL_GRID  1
MAX_SCF_CYCLES  200
SKIP_SCFMAN  TRUE
ESP_GRID  0
ESP_EFIELD  1
$end

$development
almo_efield  1
$end

