$molecule
0 1
--
0 1
C    30.10700   25.88300   27.13400  
C    29.78600   27.18700   27.88200  
C    30.13800   27.07900   29.37500  
C    31.57500   26.57500   29.58900  
C    31.95000   25.40700   28.66200  
C    31.62400   25.63700   27.17700  
H    29.91700   28.02500   29.88500  
H    30.47700   27.94100   27.48500  
H    29.44000   25.07000   27.44400  
H    29.89900   26.12900   26.08600  
H    32.35600   27.31900   29.39100  
H    31.69300   26.42900   30.67000  
H    32.98800   25.14800   28.90200  
H    31.29500   24.56000   28.90300  
H    32.17800   26.41700   26.64200  
H    31.74500   24.70900   26.60500  
H    29.42800   26.37200   29.82000  
N    28.41500   27.62500   27.62800  
H    27.65500   26.96300   27.72700  
C    27.98000   28.87200   27.23100  
H    26.88700   29.02300   27.16100  
O    28.71400   29.84300   27.17400  
--
0 1
C    24.95000   30.06500   22.38400  
H    25.67300   29.86700   21.58900  
H    25.39000   29.59500   23.26700  
H    23.97200   29.63400   22.15400  
S    24.66900   31.78400   22.86500  
C    24.28900   32.31200   21.17900  
H    24.91900   31.69200   20.53600  
H    23.22400   32.18900   20.96500  
H    24.49500   33.38500   21.16500  
O    25.98900   32.25400   23.39300  
C    32.75600   31.72000   26.68300  
H    31.89200   32.36900   26.84600  
H    33.53000   32.27500   26.14700  
H    32.42700   30.79400   26.20500  
S    33.37100   31.10800   28.26800  
C    31.93200   30.08000   28.64100  
H    31.08400   30.73800   28.43500  
H    31.86000   29.23700   27.94900  
H    32.07500   29.70500   29.65800  
O    33.09500   32.31900   29.10400  
C    24.67500   26.26800   31.46300  
H    24.31100   27.24900   31.77900  
H    24.05600   25.96700   30.61400  
H    24.65200   25.61300   32.33800  
S    26.37100   26.68100   30.99500  
C    27.23200   25.63300   32.18900  
H    28.26900   25.87500   32.43600  
H    26.82500   25.70600   33.20000  
H    27.12500   24.58200   31.90800  
O    26.43500   27.97900   31.73700  
C    29.63200   33.21700   23.58700  
H    29.22600   33.89000   24.34600  
H    28.86100   32.90900   22.87600  
H    30.17600   32.41100   24.08600  
S    30.74700   34.15800   22.52100  
C    32.24400   33.80600   23.47100  
H    32.07300   33.78600   24.55000  
H    32.63800   32.83400   23.16400  
H    33.01700   34.56600   23.33700  
O    30.49300   35.58100   22.91000  
C    31.08900   28.89300   23.45100  
H    31.04900   29.98300   23.37400  
H    31.19900   28.48000   24.45600  
H    31.96200   28.63400   22.84700  
S    29.55200   28.40100   22.63700  
C    28.46400   29.43800   23.64000  
H    28.82100   29.19100   24.64300  
H    28.54200   30.47200   23.29500  
H    27.44000   29.05800   23.59600  
O    29.29600   27.01100   23.13300  
C    35.94400   22.53900   32.41200  
H    35.09400   22.16000   32.98500  
H    36.58000   21.76900   31.96700  
H    36.64400   23.24200   32.87100  
S    35.27400   23.56800   31.08700  
C    34.32800   22.27200   30.25700  
H    33.55700   22.01500   30.98700  
H    33.85200   22.60300   29.33000  
H    34.93900   21.42600   29.93100  
O    36.43700   23.62600   30.14500  
C    28.02700   35.16200   31.91400  
H    27.37100   36.03700   31.90100  
H    27.52700   34.19100   31.97000  
H    28.69100   35.24600   32.77800  
S    29.17700   35.08100   30.52300  
C    30.46200   34.06100   31.28200  
H    30.82800   34.59100   32.16500  
H    30.03600   33.06500   31.42900  
H    31.31200   34.07700   30.59500  
O    29.77400   36.45200   30.60000  
C    30.67300   22.25500   31.32400  
H    31.02900   23.24500   31.62100  
H    31.17200   21.68200   30.53800  
H    29.65500   22.45800   30.98200  
S    30.58100   21.25800   32.82800  
C    29.72400   22.35100   33.98400  
H    30.09800   23.36600   34.13800  
H    28.69600   22.49400   33.63900  
H    29.60300   21.77000   34.90200  
O    31.97700   21.37300   33.35700  
C    27.20100   23.09600   28.96700  
H    28.14600   22.61700   28.69900  
H    26.85300   23.59000   28.05600  
H    27.34800   23.66700   29.88800  
S    25.93900   21.88300   29.41500  
C    24.57500   23.05500   29.59600  
H    24.18800   23.01200   30.61700  
H    24.96400   24.06800   29.46800  
H    23.79000   22.90600   28.85100  
O    26.26500   21.49100   30.82200  
C    39.46600   29.74900   27.54100  
H    40.05000   29.92100   26.63400  
H    40.04200   29.87400   28.46100  
H    39.05700   28.73700   27.48300  
S    37.96100   30.74200   27.43100  
C    38.64600   32.08600   28.42500  
H    38.80500   31.79400   29.46600  
H    39.60200   32.41900   28.01300  
H    37.88700   32.87200   28.40600  
O    37.01400   30.14600   28.42600  
C    29.12500   23.33300   23.19900  
H    29.98500   23.12700   23.84100  
H    28.95000   24.40300   23.06000  
H    28.19900   22.97900   23.66000  
S    29.25700   22.59000   21.55700  
C    29.42700   20.87100   22.08700  
H    28.51400   20.38500   22.43800  
H    29.86700   20.21600   21.33000  
H    30.11500   20.76300   22.93000  
O    30.61500   22.94300   21.03500  
C    39.95100   24.74400   29.83700  
H    41.01600   24.50900   29.91600  
H    39.59100   25.38000   30.65000  
H    39.34300   23.83700   29.86500  
S    39.50400   25.54000   28.27700  
C    39.91000   24.10400   27.25700  
H    39.12300   23.34600   27.23700  
H    39.98700   24.49300   26.23900  
H    40.80600   23.63600   27.67300  
O    40.70700   26.42100   28.14200  
C    28.92200   20.59200   26.17800  
H    28.83400   19.97000   25.28300  
H    28.81300   19.98400   27.07900  
H    28.25600   21.45900   26.18700  
S    30.57700   21.31500   26.22600  
C    31.50500   19.85600   26.75100  
H    32.39400   20.06100   27.35300  
H    30.83600   19.10800   27.18500  
H    31.81900   19.27600   25.88000  
O    30.45900   21.95400   27.57400  
C    33.06700   24.68700   33.79800  
H    32.97300   24.48700   34.86900  
H    32.80200   23.81500   33.19500  
H    34.12100   24.95100   33.67300  
S    31.87100   25.96200   33.34100  
C    32.50100   27.25500   34.43400  
H    32.06000   27.13300   35.42700  
H    33.59200   27.20800   34.47500  
H    32.15400   28.16300   33.93500  
O    30.48700   25.61800   33.79700  
C    35.58700   27.42300   25.32900  
H    35.33600   26.39000   25.07300  
H    36.54200   27.71900   24.88700  
H    35.55900   27.51900   26.41700  
S    34.31900   28.56800   24.74000  
C    35.24700   30.03700   25.23700  
H    35.22200   30.09800   26.32800  
H    36.28000   29.87000   24.92300  
H    34.68200   30.88800   24.84600  
O    33.21100   28.41800   25.73500  
C    19.45700   31.90700   28.46400  
H    19.12200   32.57700   29.26000  
H    19.52000   32.49300   27.54300  
H    18.72800   31.09600   28.38900  
S    21.12200   31.23700   28.67400  
C    20.82100   30.19200   30.11700  
H    20.28400   30.72800   30.90300  
H    20.28000   29.26700   29.90300  
H    21.83600   29.92900   30.42600  
O    21.76000   32.43400   29.30800  
C    24.38500   24.62200   26.02200  
H    23.53300   25.01100   26.58600  
H    24.04500   24.39300   25.00800  
H    24.86300   23.71900   26.41000  
S    25.53900   26.01200   25.99700  
C    26.80600   25.13800   25.05200  
H    26.95400   24.11100   25.39600  
H    26.51800   25.01000   24.00500  
H    27.75400   25.67800   25.12500  
O    26.13600   25.98000   27.36900  
C    33.00900   31.17300   35.90700  
H    32.50300   30.28700   35.51500  
H    32.68700   31.35900   36.93400  
H    32.80100   32.08100   35.33500  
S    34.74700   30.67800   35.89800  
C    34.80000   30.46800   34.10400  
H    34.50000   31.37600   33.57400  
H    35.86500   30.27800   33.95000  
H    34.24000   29.59100   33.77000  
O    34.53100   29.34400   36.54200  
C    27.98400   28.04500   35.84000  
H    27.80400   27.64600   36.84100  
H    28.77200   27.54300   35.27300  
H    28.27600   29.09500   35.92900  
S    26.38000   27.84600   35.03100  
C    25.47400   29.22700   35.76300  
H    24.39400   29.15500   35.61000  
H    25.55100   29.13600   36.85000  
H    25.84100   30.22700   35.51500  
O    25.69800   26.71000   35.72800  
C    32.19000   25.63800   23.61700  
H    32.87600   25.16600   24.32400  
H    31.87800   26.52900   24.16600  
H    31.42900   24.95800   23.22400  
S    33.01100   25.93100   22.03400  
C    33.52600   24.22100   21.76100  
H    33.97000   24.08600   20.77200  
H    34.22200   23.90300   22.54000  
H    32.52400   23.79100   21.83900  
O    34.29600   26.58600   22.43400  
C    25.51000   31.79400   33.12200  
H    25.86900   30.81200   33.44000  
H    26.36000   32.43200   32.86700  
H    24.92200   32.16100   33.96700  
S    24.33100   31.51000   31.78200  
C    23.95900   33.27400   31.65600  
H    23.09400   33.41800   31.00400  
H    23.76300   33.77400   32.60800  
H    24.84900   33.72900   31.21400  
O    23.06200   31.01600   32.40500  
C    36.23300   23.63200   27.00500  
H    36.35500   23.15600   27.98200  
H    37.00400   23.15800   26.39300  
H    36.33000   24.70800   27.16600  
S    34.66700   23.00000   26.36000  
C    35.19300   21.29200   26.09400  
H    36.21400   21.04500   25.79300  
H    34.98900   20.81300   27.05500  
H    34.43300   20.99200   25.36800  
O    34.66300   23.64700   25.01000  
C    24.27900   28.96100   29.39700  
H    23.66400   29.86300   29.34700  
H    24.27500   28.65300   30.44600  
H    25.28900   29.11100   29.00600  
S    23.43200   27.60500   28.55600  
C    23.21800   28.56100   27.03800  
H    24.18300   28.87100   26.62900  
H    22.63800   27.84200   26.45500  
H    22.60900   29.45300   27.20800  
O    22.08600   27.65200   29.21000  
C    27.27400   32.94000   26.98600  
H    28.04300   33.33000   27.65900  
H    27.70500   32.32100   26.19500  
H    26.90000   33.80900   26.43900  
S    25.96900   32.12700   27.93400  
C    24.57600   32.27000   26.79300  
H    24.94700   31.95200   25.81600  
H    23.81700   31.56100   27.13500  
H    24.33600   33.33600   26.81400  
O    25.54200   33.12300   28.96700  
C    20.09300   31.84200   24.45500  
H    19.34600   32.06300   23.68800  
H    19.65700   31.28300   25.28700  
H    20.55000   32.78200   24.77500  
S    21.49000   31.00700   23.67100  
C    20.62300   29.42400   23.59200  
H    20.13100   29.45100   24.56800  
H    19.85500   29.40200   22.81400  
H    21.27400   28.55700   23.46200  
O    22.47000   30.75600   24.77400  
C    21.57300   26.42500   21.52000  
H    22.26100   26.94600   20.85000  
H    21.14100   25.53300   21.05900  
H    20.74700   27.08500   21.79800  
S    22.51800   25.81700   22.93500  
C    21.05200   25.52700   23.95100  
H    20.49300   24.70400   23.50100  
H    21.45300   25.23400   24.92500  
H    20.46300   26.44800   23.95600  
O    23.20800   26.98300   23.57300  
C    24.45500   21.02600   23.37000  
H    24.52400   21.94400   22.78100  
H    23.95400   20.26700   22.76300  
H    23.89100   21.24700   24.28000  
S    26.09600   20.58800   23.98800  
C    25.54800   19.05200   24.76800  
H    24.49000   19.08600   25.03900  
H    25.60200   18.35400   23.93000  
H    26.21700   18.71900   25.56600  
O    26.26400   21.55700   25.11600  
C    28.98900   19.53500   29.91300  
H    29.81200   18.86400   30.17300  
H    29.32200   20.34100   29.25400  
H    28.43400   19.88900   30.78500  
S    27.73600   18.60000   29.00800  
C    27.61300   17.19700   30.14000  
H    26.75000   16.59100   29.85000  
H    28.46500   16.54300   29.93500  
H    27.35900   17.56100   31.13800  
O    28.39300   17.96700   27.82100  
C    29.84000   29.41300   32.38600  
H    30.19400   29.11900   33.37800  
H    29.36300   28.52800   31.95600  
H    30.53100   29.88800   31.68500  
S    28.38800   30.45900   32.63000  
C    28.10600   30.90600   30.90200  
H    27.35000   31.65400   30.65000  
H    29.06800   31.16500   30.45300  
H    27.86100   29.95500   30.42200  
O    28.93100   31.71100   33.24500  
C    26.22800   24.43100   19.53200  
H    25.89400   23.44100   19.21300  
H    25.88600   25.16000   18.79200  
H    27.31100   24.29200   19.57700  
S    25.55700   24.82800   21.16200  
C    26.59700   26.23700   21.61000  
H    26.47200   27.07600   20.92000  
H    26.09400   26.56800   22.52200  
H    27.59900   25.82500   21.75600  
O    26.07600   23.81900   22.13900  
C    35.70200   26.83100   29.45900  
H    35.90900   25.75800   29.47100  
H    34.72400   26.98500   28.99700  
H    36.44300   27.31000   28.81300  
S    35.73300   27.52300   31.12700  
C    37.22800   26.64300   31.63100  
H    38.12600   27.00600   31.12300  
H    37.38000   26.90500   32.68100  
H    37.05400   25.56900   31.52800  
O    34.67000   26.87600   31.95900  
$end

$rem
JOBTYPE  SP
METHOD  B3LYP
BASIS  6-31+G(D)
SYMMETRY  FALSE
SYM_IGNORE  TRUE
MEM_TOTAL  16000
MEM_STATIC  8000
MAX_SUB_FILE_NUM  16000
BASIS_LIN_DEP_THRESH  6
THRESH  14
SCF_CONVERGENCE  8
GEN_SCFMAN  TRUE
SCF_GUESS  FRAGMO
FD_MAT_VEC_PROD  FALSE
XC_GRID  000075000302
NL_GRID  1
MAX_SCF_CYCLES  200
FRGM_METHOD  STOLL
SCFMI_MODE  1
$end

$development
almo_efield  1
$end

$rem_frgm
SCF_CONVERGENCE  4
$end

@@@

$molecule
0 1
@C    30.10700   25.88300   27.13400  
@C    29.78600   27.18700   27.88200  
@C    30.13800   27.07900   29.37500  
@C    31.57500   26.57500   29.58900  
@C    31.95000   25.40700   28.66200  
@C    31.62400   25.63700   27.17700  
@H    29.91700   28.02500   29.88500  
@H    30.47700   27.94100   27.48500  
@H    29.44000   25.07000   27.44400  
@H    29.89900   26.12900   26.08600  
@H    32.35600   27.31900   29.39100  
@H    31.69300   26.42900   30.67000  
@H    32.98800   25.14800   28.90200  
@H    31.29500   24.56000   28.90300  
@H    32.17800   26.41700   26.64200  
@H    31.74500   24.70900   26.60500  
@H    29.42800   26.37200   29.82000  
@N    28.41500   27.62500   27.62800  
@H    27.65500   26.96300   27.72700  
@C    27.98000   28.87200   27.23100  
@H    26.88700   29.02300   27.16100  
@O    28.71400   29.84300   27.17400  
C    24.95000   30.06500   22.38400  
H    25.67300   29.86700   21.58900  
H    25.39000   29.59500   23.26700  
H    23.97200   29.63400   22.15400  
S    24.66900   31.78400   22.86500  
C    24.28900   32.31200   21.17900  
H    24.91900   31.69200   20.53600  
H    23.22400   32.18900   20.96500  
H    24.49500   33.38500   21.16500  
O    25.98900   32.25400   23.39300  
C    32.75600   31.72000   26.68300  
H    31.89200   32.36900   26.84600  
H    33.53000   32.27500   26.14700  
H    32.42700   30.79400   26.20500  
S    33.37100   31.10800   28.26800  
C    31.93200   30.08000   28.64100  
H    31.08400   30.73800   28.43500  
H    31.86000   29.23700   27.94900  
H    32.07500   29.70500   29.65800  
O    33.09500   32.31900   29.10400  
C    24.67500   26.26800   31.46300  
H    24.31100   27.24900   31.77900  
H    24.05600   25.96700   30.61400  
H    24.65200   25.61300   32.33800  
S    26.37100   26.68100   30.99500  
C    27.23200   25.63300   32.18900  
H    28.26900   25.87500   32.43600  
H    26.82500   25.70600   33.20000  
H    27.12500   24.58200   31.90800  
O    26.43500   27.97900   31.73700  
C    29.63200   33.21700   23.58700  
H    29.22600   33.89000   24.34600  
H    28.86100   32.90900   22.87600  
H    30.17600   32.41100   24.08600  
S    30.74700   34.15800   22.52100  
C    32.24400   33.80600   23.47100  
H    32.07300   33.78600   24.55000  
H    32.63800   32.83400   23.16400  
H    33.01700   34.56600   23.33700  
O    30.49300   35.58100   22.91000  
C    31.08900   28.89300   23.45100  
H    31.04900   29.98300   23.37400  
H    31.19900   28.48000   24.45600  
H    31.96200   28.63400   22.84700  
S    29.55200   28.40100   22.63700  
C    28.46400   29.43800   23.64000  
H    28.82100   29.19100   24.64300  
H    28.54200   30.47200   23.29500  
H    27.44000   29.05800   23.59600  
O    29.29600   27.01100   23.13300  
C    35.94400   22.53900   32.41200  
H    35.09400   22.16000   32.98500  
H    36.58000   21.76900   31.96700  
H    36.64400   23.24200   32.87100  
S    35.27400   23.56800   31.08700  
C    34.32800   22.27200   30.25700  
H    33.55700   22.01500   30.98700  
H    33.85200   22.60300   29.33000  
H    34.93900   21.42600   29.93100  
O    36.43700   23.62600   30.14500  
C    28.02700   35.16200   31.91400  
H    27.37100   36.03700   31.90100  
H    27.52700   34.19100   31.97000  
H    28.69100   35.24600   32.77800  
S    29.17700   35.08100   30.52300  
C    30.46200   34.06100   31.28200  
H    30.82800   34.59100   32.16500  
H    30.03600   33.06500   31.42900  
H    31.31200   34.07700   30.59500  
O    29.77400   36.45200   30.60000  
C    30.67300   22.25500   31.32400  
H    31.02900   23.24500   31.62100  
H    31.17200   21.68200   30.53800  
H    29.65500   22.45800   30.98200  
S    30.58100   21.25800   32.82800  
C    29.72400   22.35100   33.98400  
H    30.09800   23.36600   34.13800  
H    28.69600   22.49400   33.63900  
H    29.60300   21.77000   34.90200  
O    31.97700   21.37300   33.35700  
C    27.20100   23.09600   28.96700  
H    28.14600   22.61700   28.69900  
H    26.85300   23.59000   28.05600  
H    27.34800   23.66700   29.88800  
S    25.93900   21.88300   29.41500  
C    24.57500   23.05500   29.59600  
H    24.18800   23.01200   30.61700  
H    24.96400   24.06800   29.46800  
H    23.79000   22.90600   28.85100  
O    26.26500   21.49100   30.82200  
C    39.46600   29.74900   27.54100  
H    40.05000   29.92100   26.63400  
H    40.04200   29.87400   28.46100  
H    39.05700   28.73700   27.48300  
S    37.96100   30.74200   27.43100  
C    38.64600   32.08600   28.42500  
H    38.80500   31.79400   29.46600  
H    39.60200   32.41900   28.01300  
H    37.88700   32.87200   28.40600  
O    37.01400   30.14600   28.42600  
C    29.12500   23.33300   23.19900  
H    29.98500   23.12700   23.84100  
H    28.95000   24.40300   23.06000  
H    28.19900   22.97900   23.66000  
S    29.25700   22.59000   21.55700  
C    29.42700   20.87100   22.08700  
H    28.51400   20.38500   22.43800  
H    29.86700   20.21600   21.33000  
H    30.11500   20.76300   22.93000  
O    30.61500   22.94300   21.03500  
C    39.95100   24.74400   29.83700  
H    41.01600   24.50900   29.91600  
H    39.59100   25.38000   30.65000  
H    39.34300   23.83700   29.86500  
S    39.50400   25.54000   28.27700  
C    39.91000   24.10400   27.25700  
H    39.12300   23.34600   27.23700  
H    39.98700   24.49300   26.23900  
H    40.80600   23.63600   27.67300  
O    40.70700   26.42100   28.14200  
C    28.92200   20.59200   26.17800  
H    28.83400   19.97000   25.28300  
H    28.81300   19.98400   27.07900  
H    28.25600   21.45900   26.18700  
S    30.57700   21.31500   26.22600  
C    31.50500   19.85600   26.75100  
H    32.39400   20.06100   27.35300  
H    30.83600   19.10800   27.18500  
H    31.81900   19.27600   25.88000  
O    30.45900   21.95400   27.57400  
C    33.06700   24.68700   33.79800  
H    32.97300   24.48700   34.86900  
H    32.80200   23.81500   33.19500  
H    34.12100   24.95100   33.67300  
S    31.87100   25.96200   33.34100  
C    32.50100   27.25500   34.43400  
H    32.06000   27.13300   35.42700  
H    33.59200   27.20800   34.47500  
H    32.15400   28.16300   33.93500  
O    30.48700   25.61800   33.79700  
C    35.58700   27.42300   25.32900  
H    35.33600   26.39000   25.07300  
H    36.54200   27.71900   24.88700  
H    35.55900   27.51900   26.41700  
S    34.31900   28.56800   24.74000  
C    35.24700   30.03700   25.23700  
H    35.22200   30.09800   26.32800  
H    36.28000   29.87000   24.92300  
H    34.68200   30.88800   24.84600  
O    33.21100   28.41800   25.73500  
C    19.45700   31.90700   28.46400  
H    19.12200   32.57700   29.26000  
H    19.52000   32.49300   27.54300  
H    18.72800   31.09600   28.38900  
S    21.12200   31.23700   28.67400  
C    20.82100   30.19200   30.11700  
H    20.28400   30.72800   30.90300  
H    20.28000   29.26700   29.90300  
H    21.83600   29.92900   30.42600  
O    21.76000   32.43400   29.30800  
C    24.38500   24.62200   26.02200  
H    23.53300   25.01100   26.58600  
H    24.04500   24.39300   25.00800  
H    24.86300   23.71900   26.41000  
S    25.53900   26.01200   25.99700  
C    26.80600   25.13800   25.05200  
H    26.95400   24.11100   25.39600  
H    26.51800   25.01000   24.00500  
H    27.75400   25.67800   25.12500  
O    26.13600   25.98000   27.36900  
C    33.00900   31.17300   35.90700  
H    32.50300   30.28700   35.51500  
H    32.68700   31.35900   36.93400  
H    32.80100   32.08100   35.33500  
S    34.74700   30.67800   35.89800  
C    34.80000   30.46800   34.10400  
H    34.50000   31.37600   33.57400  
H    35.86500   30.27800   33.95000  
H    34.24000   29.59100   33.77000  
O    34.53100   29.34400   36.54200  
C    27.98400   28.04500   35.84000  
H    27.80400   27.64600   36.84100  
H    28.77200   27.54300   35.27300  
H    28.27600   29.09500   35.92900  
S    26.38000   27.84600   35.03100  
C    25.47400   29.22700   35.76300  
H    24.39400   29.15500   35.61000  
H    25.55100   29.13600   36.85000  
H    25.84100   30.22700   35.51500  
O    25.69800   26.71000   35.72800  
C    32.19000   25.63800   23.61700  
H    32.87600   25.16600   24.32400  
H    31.87800   26.52900   24.16600  
H    31.42900   24.95800   23.22400  
S    33.01100   25.93100   22.03400  
C    33.52600   24.22100   21.76100  
H    33.97000   24.08600   20.77200  
H    34.22200   23.90300   22.54000  
H    32.52400   23.79100   21.83900  
O    34.29600   26.58600   22.43400  
C    25.51000   31.79400   33.12200  
H    25.86900   30.81200   33.44000  
H    26.36000   32.43200   32.86700  
H    24.92200   32.16100   33.96700  
S    24.33100   31.51000   31.78200  
C    23.95900   33.27400   31.65600  
H    23.09400   33.41800   31.00400  
H    23.76300   33.77400   32.60800  
H    24.84900   33.72900   31.21400  
O    23.06200   31.01600   32.40500  
C    36.23300   23.63200   27.00500  
H    36.35500   23.15600   27.98200  
H    37.00400   23.15800   26.39300  
H    36.33000   24.70800   27.16600  
S    34.66700   23.00000   26.36000  
C    35.19300   21.29200   26.09400  
H    36.21400   21.04500   25.79300  
H    34.98900   20.81300   27.05500  
H    34.43300   20.99200   25.36800  
O    34.66300   23.64700   25.01000  
C    24.27900   28.96100   29.39700  
H    23.66400   29.86300   29.34700  
H    24.27500   28.65300   30.44600  
H    25.28900   29.11100   29.00600  
S    23.43200   27.60500   28.55600  
C    23.21800   28.56100   27.03800  
H    24.18300   28.87100   26.62900  
H    22.63800   27.84200   26.45500  
H    22.60900   29.45300   27.20800  
O    22.08600   27.65200   29.21000  
C    27.27400   32.94000   26.98600  
H    28.04300   33.33000   27.65900  
H    27.70500   32.32100   26.19500  
H    26.90000   33.80900   26.43900  
S    25.96900   32.12700   27.93400  
C    24.57600   32.27000   26.79300  
H    24.94700   31.95200   25.81600  
H    23.81700   31.56100   27.13500  
H    24.33600   33.33600   26.81400  
O    25.54200   33.12300   28.96700  
C    20.09300   31.84200   24.45500  
H    19.34600   32.06300   23.68800  
H    19.65700   31.28300   25.28700  
H    20.55000   32.78200   24.77500  
S    21.49000   31.00700   23.67100  
C    20.62300   29.42400   23.59200  
H    20.13100   29.45100   24.56800  
H    19.85500   29.40200   22.81400  
H    21.27400   28.55700   23.46200  
O    22.47000   30.75600   24.77400  
C    21.57300   26.42500   21.52000  
H    22.26100   26.94600   20.85000  
H    21.14100   25.53300   21.05900  
H    20.74700   27.08500   21.79800  
S    22.51800   25.81700   22.93500  
C    21.05200   25.52700   23.95100  
H    20.49300   24.70400   23.50100  
H    21.45300   25.23400   24.92500  
H    20.46300   26.44800   23.95600  
O    23.20800   26.98300   23.57300  
C    24.45500   21.02600   23.37000  
H    24.52400   21.94400   22.78100  
H    23.95400   20.26700   22.76300  
H    23.89100   21.24700   24.28000  
S    26.09600   20.58800   23.98800  
C    25.54800   19.05200   24.76800  
H    24.49000   19.08600   25.03900  
H    25.60200   18.35400   23.93000  
H    26.21700   18.71900   25.56600  
O    26.26400   21.55700   25.11600  
C    28.98900   19.53500   29.91300  
H    29.81200   18.86400   30.17300  
H    29.32200   20.34100   29.25400  
H    28.43400   19.88900   30.78500  
S    27.73600   18.60000   29.00800  
C    27.61300   17.19700   30.14000  
H    26.75000   16.59100   29.85000  
H    28.46500   16.54300   29.93500  
H    27.35900   17.56100   31.13800  
O    28.39300   17.96700   27.82100  
C    29.84000   29.41300   32.38600  
H    30.19400   29.11900   33.37800  
H    29.36300   28.52800   31.95600  
H    30.53100   29.88800   31.68500  
S    28.38800   30.45900   32.63000  
C    28.10600   30.90600   30.90200  
H    27.35000   31.65400   30.65000  
H    29.06800   31.16500   30.45300  
H    27.86100   29.95500   30.42200  
O    28.93100   31.71100   33.24500  
C    26.22800   24.43100   19.53200  
H    25.89400   23.44100   19.21300  
H    25.88600   25.16000   18.79200  
H    27.31100   24.29200   19.57700  
S    25.55700   24.82800   21.16200  
C    26.59700   26.23700   21.61000  
H    26.47200   27.07600   20.92000  
H    26.09400   26.56800   22.52200  
H    27.59900   25.82500   21.75600  
O    26.07600   23.81900   22.13900  
C    35.70200   26.83100   29.45900  
H    35.90900   25.75800   29.47100  
H    34.72400   26.98500   28.99700  
H    36.44300   27.31000   28.81300  
S    35.73300   27.52300   31.12700  
C    37.22800   26.64300   31.63100  
H    38.12600   27.00600   31.12300  
H    37.38000   26.90500   32.68100  
H    37.05400   25.56900   31.52800  
O    34.67000   26.87600   31.95900  
$end

$rem
JOBTYPE  SP
METHOD  B3LYP
BASIS  6-31+G(D)
SYMMETRY  FALSE
SYM_IGNORE  TRUE
MEM_TOTAL  16000
MEM_STATIC  8000
MAX_SUB_FILE_NUM  16000
BASIS_LIN_DEP_THRESH  6
THRESH  14
SCF_CONVERGENCE  8
GEN_SCFMAN  FALSE
SCF_GUESS  READ_DEN
FD_MAT_VEC_PROD  FALSE
XC_GRID  000075000302
NL_GRID  1
MAX_SCF_CYCLES  200
SKIP_SCFMAN  TRUE
ESP_GRID  0
ESP_EFIELD  1
$end

$development
almo_efield  1
$end

