$molecule
0 1
--
0 1
C    29.12800   28.75000   24.35800  
C    27.72800   28.69800   24.99200  
C    27.14000   27.27800   24.96500  
C    28.10700   26.23200   25.54400  
C    29.43200   26.22900   24.76400  
C    30.06700   27.62700   24.82900  
H    26.15100   27.05700   25.38600  
H    27.83700   28.98100   26.04600  
H    29.02800   28.66600   23.26900  
H    29.63200   29.69000   24.61200  
H    28.44300   26.43500   26.56800  
H    27.77300   25.18700   25.55500  
H    30.12300   25.50600   25.21400  
H    29.25500   25.81200   23.76500  
H    30.42800   27.80000   25.85000  
H    31.00900   27.63000   24.26700  
H    26.98800   26.96500   23.92500  
N    26.79500   29.62700   24.35700  
H    26.02700   29.24200   23.81900  
C    26.90500   30.99900   24.42600  
H    26.13900   31.42900   23.75500  
O    27.74800   31.62100   25.04800  
--
0 1
C    22.01300   33.43500   24.20500  
H    20.96100   33.36600   23.91800  
H    22.24500   32.65400   24.93400  
H    22.22900   34.46400   24.50300  
S    22.88200   32.82200   22.74400  
C    22.30300   31.11100   22.69600  
H    22.97500   30.53800   22.05300  
H    22.32800   30.67000   23.69600  
H    21.27000   31.08400   22.34100  
O    24.31600   32.66100   23.14100  
C    35.74700   33.07000   26.38700  
H    34.95200   33.50600   25.77700  
H    36.14300   33.85100   27.04100  
H    36.52400   32.62600   25.76000  
S    34.93200   31.80600   27.39000  
C    34.14100   30.66600   26.23200  
H    33.35000   30.12700   26.75900  
H    33.60800   31.23800   25.46900  
H    34.71900   29.88200   25.73700  
O    33.77400   32.60000   27.90900  
C    31.81300   34.42900   25.37500  
H    32.67000   34.00400   24.84700  
H    31.79200   35.51600   25.48900  
H    31.85700   33.95400   26.35900  
S    30.28300   33.80600   24.64400  
C    30.82200   32.08600   24.50800  
H    30.03300   31.55200   23.97300  
H    31.73100   32.00100   23.90600  
H    30.99800   31.74300   25.53100  
O    30.21700   34.22900   23.20900  
C    32.09400   31.90600   20.76200  
H    32.33600   32.10800   19.71500  
H    31.51000   32.75200   21.13300  
H    32.99700   31.56100   21.27000  
S    31.10200   30.39900   20.67000  
C    29.35500   30.86100   20.66400  
H    28.85200   29.89400   20.75300  
H    29.18900   31.47900   21.55000  
H    29.14100   31.48800   19.79500  
O    31.32100   29.84000   22.04200  
C    29.70300   32.52900   28.75300  
H    29.28200   32.57400   29.76100  
H    30.79500   32.57000   28.78000  
H    29.16700   33.33600   28.24700  
S    29.35100   30.91700   28.01600  
C    27.63000   30.86200   28.56300  
H    26.90900   31.42100   27.96100  
H    27.42500   29.79200   28.47900  
H    27.50700   31.08300   29.62600  
O    30.03200   30.11000   29.07600  
C    22.95600   25.40900   28.65900  
H    22.53500   24.53800   28.14900  
H    22.37600   25.42400   29.58500  
H    22.76100   26.31100   28.07400  
S    24.74300   25.27800   28.89100  
C    24.68100   23.67100   29.71500  
H    25.69000   23.35700   29.99300  
H    23.98900   23.59200   30.55800  
H    24.36300   22.95700   28.95200  
O    25.10600   26.28300   29.94000  
C    29.12900   22.70400   21.28000  
H    28.56900   22.95100   22.18600  
H    28.53800   22.69600   20.36100  
H    29.62500   21.73700   21.39400  
S    30.47800   23.90200   21.19000  
C    31.22000   23.02500   19.79500  
H    32.12000   23.58900   19.53800  
H    31.45800   22.02900   20.17600  
H    30.41900   23.09500   19.05500  
O    31.32600   23.69300   22.40600  
C    29.50200   22.34100   26.25600  
H    30.48200   21.90900   26.03500  
H    28.83600   22.32800   25.38900  
H    29.62400   23.34700   26.66600  
S    28.67200   21.32700   27.50000  
C    28.18600   19.98200   26.39600  
H    27.56700   19.23300   26.89700  
H    27.58100   20.33100   25.55500  
H    29.11000   19.51300   26.05000  
O    27.34100   21.99000   27.68000  
C    21.97200   25.39900   25.44100  
H    22.98200   25.10300   25.73500  
H    22.02400   26.28600   24.80500  
H    21.33700   25.53300   26.32100  
S    21.21500   23.92100   24.72700  
C    19.48300   24.38100   24.96300  
H    18.82400   24.03000   24.16400  
H    19.22500   24.18200   26.00600  
H    19.55500   25.46600   24.85500  
O    21.28300   22.94700   25.86100  
C    25.49200   26.40800   21.47000  
H    26.08100   25.94100   22.26300  
H    25.14500   25.68100   20.73200  
H    26.14500   27.19000   21.07500  
S    24.05500   27.14600   22.28100  
C    23.15700   27.76700   20.84200  
H    23.11300   27.18000   19.92100  
H    22.12000   27.97300   21.12000  
H    23.53000   28.74900   20.54200  
O    24.66600   28.39900   22.82600  
C    26.80200   34.84200   24.64900  
H    26.72900   35.42500   25.57100  
H    26.57800   33.77500   24.73400  
H    27.83500   35.00800   24.33200  
S    25.78000   35.55000   23.33800  
C    26.77700   34.84600   22.00500  
H    26.71200   33.75500   21.99400  
H    26.38200   35.23500   21.06300  
H    27.81200   35.14600   22.18800  
O    26.29500   36.94500   23.16300  
C    36.00900   22.13900   20.74500  
H    35.99700   21.65500   19.76500  
H    36.34600   23.17700   20.68000  
H    36.59700   21.52200   21.42900  
S    34.31600   22.21600   21.37100  
C    34.64500   22.67100   23.08800  
H    35.11200   23.66000   23.08800  
H    33.66200   22.76900   23.55700  
H    35.25600   21.90700   23.57400  
O    33.84100   20.80000   21.46800  
C    34.96800   28.18200   23.31500  
H    34.50600   27.87000   24.25500  
H    35.87500   27.61100   23.10300  
H    35.25700   29.23100   23.42000  
S    33.92800   28.10500   21.84000  
C    33.35100   26.39800   21.97300  
H    32.68000   26.35900   21.11100  
H    34.22200   25.78300   21.73400  
H    32.87400   26.14300   22.92300  
O    34.81900   27.99800   20.64200  
C    28.45200   31.39400   32.46500  
H    27.73300   31.78900   33.18700  
H    29.41700   31.43700   32.97800  
H    28.45000   31.90200   31.49800  
S    27.91900   29.69300   32.17100  
C    26.21700   30.01600   31.65800  
H    25.69400   30.10300   32.61300  
H    26.16600   31.01000   31.20500  
H    25.78300   29.19300   31.08400  
O    27.69400   29.23800   33.57900  
C    26.66200   26.55500   18.27500  
H    26.19600   27.43600   18.72500  
H    27.04700   26.72900   17.26700  
H    25.83900   25.84500   18.39200  
S    28.01100   26.04700   19.36400  
C    29.02800   27.53600   19.23800  
H    28.26600   28.26200   19.53200  
H    29.90400   27.41800   19.88100  
H    29.29000   27.69800   18.18900  
O    28.85800   25.16000   18.50600  
C    33.60500   18.31500   24.64300  
H    34.01400   17.60300   25.36500  
H    33.79800   18.01700   23.61000  
H    34.06800   19.29200   24.80500  
S    31.84500   18.57900   24.95600  
C    31.62400   19.90000   23.74200  
H    31.74000   19.60200   22.69700  
H    30.62200   20.21600   24.04200  
H    32.35200   20.68300   23.97000  
O    31.81600   19.17500   26.32900  
C    33.37900   26.41900   26.77700  
H    32.37300   26.84000   26.70600  
H    33.46100   25.91500   27.74400  
H    34.23500   27.09600   26.72900  
S    33.53800   25.06300   25.59300  
C    33.24300   23.67300   26.71000  
H    33.96500   23.95500   27.48200  
H    32.28500   23.87500   27.19600  
H    33.39000   22.70600   26.22300  
O    35.00100   24.93700   25.30000  
C    23.24000   30.78100   26.30000  
H    24.06600   31.40800   25.95500  
H    23.04200   29.93900   25.63100  
H    22.34900   31.38800   26.48200  
S    23.52200   30.04000   27.92400  
C    24.61600   28.68200   27.45100  
H    24.51200   27.88900   28.19600  
H    24.31800   28.35000   26.45300  
H    25.67300   28.96100   27.47100  
O    22.16900   29.44600   28.16100  
C    25.57200   35.66100   29.81600  
H    26.53500   36.16600   29.71000  
H    24.72400   36.15700   29.33700  
H    25.46300   35.63800   30.90300  
S    25.89300   33.98500   29.22200  
C    25.23200   34.07000   27.54200  
H    25.54700   35.02900   27.12400  
H    25.75200   33.32000   26.94000  
H    24.14300   33.98400   27.58000  
O    24.97600   32.92700   29.75300  
C    25.21800   31.05900   20.07800  
H    26.26300   30.79400   19.90100  
H    25.22500   32.09800   20.41800  
H    24.72300   30.42500   20.81800  
S    24.37300   31.11100   18.48200  
C    22.78500   31.65900   19.14900  
H    22.46700   31.00400   19.96400  
H    22.87900   32.65500   19.58900  
H    22.00500   31.61200   18.38600  
O    24.09100   29.65000   18.32100  
C    24.41500   21.15400   24.23800  
H    24.80000   20.40500   24.93400  
H    23.37100   21.32800   24.51000  
H    24.49600   20.70500   23.24500  
S    25.35400   22.69700   24.30800  
C    25.00100   23.08600   26.03700  
H    23.95400   23.39500   25.96500  
H    25.24000   22.26300   26.71400  
H    25.53000   24.02900   26.19800  
O    24.41300   23.67500   23.67500  
C    28.83300   26.97300   29.15300  
H    27.96200   26.33100   29.00000  
H    28.62700   27.81000   29.82600  
H    29.21100   27.33900   28.19500  
S    30.24300   25.96500   29.66200  
C    31.28000   27.35900   30.16000  
H    32.33700   27.20200   30.39300  
H    31.12400   28.05700   29.33400  
H    30.77100   27.93600   30.93600  
O    30.75900   25.51600   28.33100  
C    22.04700   23.75600   20.85900  
H    21.56800   24.52400   20.24600  
H    21.36300   23.01300   21.27700  
H    22.58700   24.07800   21.75200  
S    23.15100   23.12100   19.57700  
C    24.19600   22.23500   20.75500  
H    23.60700   21.75600   21.54200  
H    24.83100   21.49200   20.26400  
H    24.83200   23.04000   21.13200  
O    23.90800   24.30000   19.04900  
$end

$rem
JOBTYPE  SP
METHOD  B3LYP
BASIS  6-31+G(D)
SYMMETRY  FALSE
SYM_IGNORE  TRUE
MEM_TOTAL  16000
MEM_STATIC  8000
MAX_SUB_FILE_NUM  16000
BASIS_LIN_DEP_THRESH  6
THRESH  14
SCF_CONVERGENCE  8
GEN_SCFMAN  TRUE
SCF_GUESS  FRAGMO
FD_MAT_VEC_PROD  FALSE
XC_GRID  000075000302
NL_GRID  1
MAX_SCF_CYCLES  200
FRGM_METHOD  STOLL
SCFMI_MODE  1
$end

$development
almo_efield  1
$end

$rem_frgm
SCF_CONVERGENCE  4
$end

@@@

$molecule
0 1
@C    29.12800   28.75000   24.35800  
@C    27.72800   28.69800   24.99200  
@C    27.14000   27.27800   24.96500  
@C    28.10700   26.23200   25.54400  
@C    29.43200   26.22900   24.76400  
@C    30.06700   27.62700   24.82900  
@H    26.15100   27.05700   25.38600  
@H    27.83700   28.98100   26.04600  
@H    29.02800   28.66600   23.26900  
@H    29.63200   29.69000   24.61200  
@H    28.44300   26.43500   26.56800  
@H    27.77300   25.18700   25.55500  
@H    30.12300   25.50600   25.21400  
@H    29.25500   25.81200   23.76500  
@H    30.42800   27.80000   25.85000  
@H    31.00900   27.63000   24.26700  
@H    26.98800   26.96500   23.92500  
@N    26.79500   29.62700   24.35700  
@H    26.02700   29.24200   23.81900  
@C    26.90500   30.99900   24.42600  
@H    26.13900   31.42900   23.75500  
@O    27.74800   31.62100   25.04800  
C    22.01300   33.43500   24.20500  
H    20.96100   33.36600   23.91800  
H    22.24500   32.65400   24.93400  
H    22.22900   34.46400   24.50300  
S    22.88200   32.82200   22.74400  
C    22.30300   31.11100   22.69600  
H    22.97500   30.53800   22.05300  
H    22.32800   30.67000   23.69600  
H    21.27000   31.08400   22.34100  
O    24.31600   32.66100   23.14100  
C    35.74700   33.07000   26.38700  
H    34.95200   33.50600   25.77700  
H    36.14300   33.85100   27.04100  
H    36.52400   32.62600   25.76000  
S    34.93200   31.80600   27.39000  
C    34.14100   30.66600   26.23200  
H    33.35000   30.12700   26.75900  
H    33.60800   31.23800   25.46900  
H    34.71900   29.88200   25.73700  
O    33.77400   32.60000   27.90900  
C    31.81300   34.42900   25.37500  
H    32.67000   34.00400   24.84700  
H    31.79200   35.51600   25.48900  
H    31.85700   33.95400   26.35900  
S    30.28300   33.80600   24.64400  
C    30.82200   32.08600   24.50800  
H    30.03300   31.55200   23.97300  
H    31.73100   32.00100   23.90600  
H    30.99800   31.74300   25.53100  
O    30.21700   34.22900   23.20900  
C    32.09400   31.90600   20.76200  
H    32.33600   32.10800   19.71500  
H    31.51000   32.75200   21.13300  
H    32.99700   31.56100   21.27000  
S    31.10200   30.39900   20.67000  
C    29.35500   30.86100   20.66400  
H    28.85200   29.89400   20.75300  
H    29.18900   31.47900   21.55000  
H    29.14100   31.48800   19.79500  
O    31.32100   29.84000   22.04200  
C    29.70300   32.52900   28.75300  
H    29.28200   32.57400   29.76100  
H    30.79500   32.57000   28.78000  
H    29.16700   33.33600   28.24700  
S    29.35100   30.91700   28.01600  
C    27.63000   30.86200   28.56300  
H    26.90900   31.42100   27.96100  
H    27.42500   29.79200   28.47900  
H    27.50700   31.08300   29.62600  
O    30.03200   30.11000   29.07600  
C    22.95600   25.40900   28.65900  
H    22.53500   24.53800   28.14900  
H    22.37600   25.42400   29.58500  
H    22.76100   26.31100   28.07400  
S    24.74300   25.27800   28.89100  
C    24.68100   23.67100   29.71500  
H    25.69000   23.35700   29.99300  
H    23.98900   23.59200   30.55800  
H    24.36300   22.95700   28.95200  
O    25.10600   26.28300   29.94000  
C    29.12900   22.70400   21.28000  
H    28.56900   22.95100   22.18600  
H    28.53800   22.69600   20.36100  
H    29.62500   21.73700   21.39400  
S    30.47800   23.90200   21.19000  
C    31.22000   23.02500   19.79500  
H    32.12000   23.58900   19.53800  
H    31.45800   22.02900   20.17600  
H    30.41900   23.09500   19.05500  
O    31.32600   23.69300   22.40600  
C    29.50200   22.34100   26.25600  
H    30.48200   21.90900   26.03500  
H    28.83600   22.32800   25.38900  
H    29.62400   23.34700   26.66600  
S    28.67200   21.32700   27.50000  
C    28.18600   19.98200   26.39600  
H    27.56700   19.23300   26.89700  
H    27.58100   20.33100   25.55500  
H    29.11000   19.51300   26.05000  
O    27.34100   21.99000   27.68000  
C    21.97200   25.39900   25.44100  
H    22.98200   25.10300   25.73500  
H    22.02400   26.28600   24.80500  
H    21.33700   25.53300   26.32100  
S    21.21500   23.92100   24.72700  
C    19.48300   24.38100   24.96300  
H    18.82400   24.03000   24.16400  
H    19.22500   24.18200   26.00600  
H    19.55500   25.46600   24.85500  
O    21.28300   22.94700   25.86100  
C    25.49200   26.40800   21.47000  
H    26.08100   25.94100   22.26300  
H    25.14500   25.68100   20.73200  
H    26.14500   27.19000   21.07500  
S    24.05500   27.14600   22.28100  
C    23.15700   27.76700   20.84200  
H    23.11300   27.18000   19.92100  
H    22.12000   27.97300   21.12000  
H    23.53000   28.74900   20.54200  
O    24.66600   28.39900   22.82600  
C    26.80200   34.84200   24.64900  
H    26.72900   35.42500   25.57100  
H    26.57800   33.77500   24.73400  
H    27.83500   35.00800   24.33200  
S    25.78000   35.55000   23.33800  
C    26.77700   34.84600   22.00500  
H    26.71200   33.75500   21.99400  
H    26.38200   35.23500   21.06300  
H    27.81200   35.14600   22.18800  
O    26.29500   36.94500   23.16300  
C    36.00900   22.13900   20.74500  
H    35.99700   21.65500   19.76500  
H    36.34600   23.17700   20.68000  
H    36.59700   21.52200   21.42900  
S    34.31600   22.21600   21.37100  
C    34.64500   22.67100   23.08800  
H    35.11200   23.66000   23.08800  
H    33.66200   22.76900   23.55700  
H    35.25600   21.90700   23.57400  
O    33.84100   20.80000   21.46800  
C    34.96800   28.18200   23.31500  
H    34.50600   27.87000   24.25500  
H    35.87500   27.61100   23.10300  
H    35.25700   29.23100   23.42000  
S    33.92800   28.10500   21.84000  
C    33.35100   26.39800   21.97300  
H    32.68000   26.35900   21.11100  
H    34.22200   25.78300   21.73400  
H    32.87400   26.14300   22.92300  
O    34.81900   27.99800   20.64200  
C    28.45200   31.39400   32.46500  
H    27.73300   31.78900   33.18700  
H    29.41700   31.43700   32.97800  
H    28.45000   31.90200   31.49800  
S    27.91900   29.69300   32.17100  
C    26.21700   30.01600   31.65800  
H    25.69400   30.10300   32.61300  
H    26.16600   31.01000   31.20500  
H    25.78300   29.19300   31.08400  
O    27.69400   29.23800   33.57900  
C    26.66200   26.55500   18.27500  
H    26.19600   27.43600   18.72500  
H    27.04700   26.72900   17.26700  
H    25.83900   25.84500   18.39200  
S    28.01100   26.04700   19.36400  
C    29.02800   27.53600   19.23800  
H    28.26600   28.26200   19.53200  
H    29.90400   27.41800   19.88100  
H    29.29000   27.69800   18.18900  
O    28.85800   25.16000   18.50600  
C    33.60500   18.31500   24.64300  
H    34.01400   17.60300   25.36500  
H    33.79800   18.01700   23.61000  
H    34.06800   19.29200   24.80500  
S    31.84500   18.57900   24.95600  
C    31.62400   19.90000   23.74200  
H    31.74000   19.60200   22.69700  
H    30.62200   20.21600   24.04200  
H    32.35200   20.68300   23.97000  
O    31.81600   19.17500   26.32900  
C    33.37900   26.41900   26.77700  
H    32.37300   26.84000   26.70600  
H    33.46100   25.91500   27.74400  
H    34.23500   27.09600   26.72900  
S    33.53800   25.06300   25.59300  
C    33.24300   23.67300   26.71000  
H    33.96500   23.95500   27.48200  
H    32.28500   23.87500   27.19600  
H    33.39000   22.70600   26.22300  
O    35.00100   24.93700   25.30000  
C    23.24000   30.78100   26.30000  
H    24.06600   31.40800   25.95500  
H    23.04200   29.93900   25.63100  
H    22.34900   31.38800   26.48200  
S    23.52200   30.04000   27.92400  
C    24.61600   28.68200   27.45100  
H    24.51200   27.88900   28.19600  
H    24.31800   28.35000   26.45300  
H    25.67300   28.96100   27.47100  
O    22.16900   29.44600   28.16100  
C    25.57200   35.66100   29.81600  
H    26.53500   36.16600   29.71000  
H    24.72400   36.15700   29.33700  
H    25.46300   35.63800   30.90300  
S    25.89300   33.98500   29.22200  
C    25.23200   34.07000   27.54200  
H    25.54700   35.02900   27.12400  
H    25.75200   33.32000   26.94000  
H    24.14300   33.98400   27.58000  
O    24.97600   32.92700   29.75300  
C    25.21800   31.05900   20.07800  
H    26.26300   30.79400   19.90100  
H    25.22500   32.09800   20.41800  
H    24.72300   30.42500   20.81800  
S    24.37300   31.11100   18.48200  
C    22.78500   31.65900   19.14900  
H    22.46700   31.00400   19.96400  
H    22.87900   32.65500   19.58900  
H    22.00500   31.61200   18.38600  
O    24.09100   29.65000   18.32100  
C    24.41500   21.15400   24.23800  
H    24.80000   20.40500   24.93400  
H    23.37100   21.32800   24.51000  
H    24.49600   20.70500   23.24500  
S    25.35400   22.69700   24.30800  
C    25.00100   23.08600   26.03700  
H    23.95400   23.39500   25.96500  
H    25.24000   22.26300   26.71400  
H    25.53000   24.02900   26.19800  
O    24.41300   23.67500   23.67500  
C    28.83300   26.97300   29.15300  
H    27.96200   26.33100   29.00000  
H    28.62700   27.81000   29.82600  
H    29.21100   27.33900   28.19500  
S    30.24300   25.96500   29.66200  
C    31.28000   27.35900   30.16000  
H    32.33700   27.20200   30.39300  
H    31.12400   28.05700   29.33400  
H    30.77100   27.93600   30.93600  
O    30.75900   25.51600   28.33100  
C    22.04700   23.75600   20.85900  
H    21.56800   24.52400   20.24600  
H    21.36300   23.01300   21.27700  
H    22.58700   24.07800   21.75200  
S    23.15100   23.12100   19.57700  
C    24.19600   22.23500   20.75500  
H    23.60700   21.75600   21.54200  
H    24.83100   21.49200   20.26400  
H    24.83200   23.04000   21.13200  
O    23.90800   24.30000   19.04900  
$end

$rem
JOBTYPE  SP
METHOD  B3LYP
BASIS  6-31+G(D)
SYMMETRY  FALSE
SYM_IGNORE  TRUE
MEM_TOTAL  16000
MEM_STATIC  8000
MAX_SUB_FILE_NUM  16000
BASIS_LIN_DEP_THRESH  6
THRESH  14
SCF_CONVERGENCE  8
GEN_SCFMAN  FALSE
SCF_GUESS  READ_DEN
FD_MAT_VEC_PROD  FALSE
XC_GRID  000075000302
NL_GRID  1
MAX_SCF_CYCLES  200
SKIP_SCFMAN  TRUE
ESP_GRID  0
ESP_EFIELD  1
$end

$development
almo_efield  1
$end

