$molecule
0 1
--
0 1
C    24.89600   30.74100   26.04200  
C    26.01000   29.86300   26.63600  
C    25.55600   28.41400   26.40000  
C    25.29600   28.06200   24.92600  
C    24.21000   28.98900   24.35500  
C    24.60800   30.46000   24.55800  
H    26.41900   27.78000   26.63900  
H    26.92000   29.98000   26.03600  
H    23.98500   30.46600   26.58700  
H    25.03400   31.81800   26.19800  
H    26.20400   28.22100   24.33100  
H    24.95100   27.04600   24.70000  
H    24.16600   28.80100   23.27600  
H    23.28500   28.76400   24.90100  
H    25.48300   30.74600   23.96100  
H    23.82400   31.11000   24.15000  
H    24.65900   28.21100   26.99700  
N    26.17800   30.15100   28.06000  
H    25.89100   29.38800   28.66200  
C    27.00200   31.17400   28.47800  
H    27.18500   31.24200   29.56600  
O    27.46500   32.02600   27.74000  
--
0 1
C    22.32900   24.46200   21.83200  
H    23.30400   23.96700   21.81700  
H    21.48600   23.82200   22.10500  
H    22.19700   24.85200   20.82000  
S    22.50200   25.91200   22.89800  
C    20.99000   26.78100   22.42400  
H    20.17900   26.44100   23.07300  
H    21.15400   27.85300   22.56100  
H    20.82700   26.62700   21.35400  
O    23.58600   26.52700   22.06900  
C    32.21000   29.81600   28.81800  
H    31.81300   29.31100   27.93400  
H    33.27600   30.02100   28.69300  
H    32.04900   29.29900   29.76800  
S    31.31400   31.36700   29.05600  
C    31.06100   31.54300   27.27600  
H    30.46900   30.70000   26.91100  
H    30.57100   32.51900   27.22400  
H    31.98100   31.54100   26.68700  
O    32.32700   32.39700   29.44800  
C    23.69600   26.98500   17.59200  
H    23.05300   26.42000   18.27200  
H    23.16700   27.80000   17.09000  
H    24.27600   26.33700   16.93000  
S    25.01800   27.61700   18.65000  
C    23.87700   28.75300   19.46900  
H    23.27700   28.11700   20.12500  
H    24.61400   29.38400   19.97300  
H    23.25500   29.28300   18.74300  
O    25.93500   28.49200   17.85400  
C    27.28000   35.80100   26.41900  
H    28.06500   36.55700   26.49700  
H    26.31700   36.28300   26.60500  
H    27.54400   34.97200   27.08100  
S    27.30700   35.23600   24.70300  
C    26.52400   33.62600   24.94800  
H    25.57300   33.92600   25.39600  
H    26.38000   33.12100   23.98900  
H    26.97000   32.96800   25.69700  
O    28.72300   34.92500   24.32800  
C    25.89300   31.73500   17.79600  
H    24.97700   31.15900   17.95000  
H    25.64000   32.78800   17.65100  
H    26.34900   31.34200   16.88300  
S    27.08300   31.59700   19.14900  
C    26.10600   32.50100   20.37100  
H    25.80700   33.49100   20.01600  
H    25.28000   31.81400   20.57100  
H    26.71200   32.60000   21.27500  
O    28.24500   32.49400   18.85600  
C    28.89000   31.49000   24.05800  
H    28.39100   32.06900   23.27700  
H    28.13400   31.25400   24.81100  
H    29.70100   31.96700   24.61400  
S    29.45500   30.01100   23.18600  
C    30.92300   30.66900   22.36400  
H    31.59300   31.03300   23.14600  
H    31.35400   29.93400   21.67900  
H    30.51900   31.50200   21.78300  
O    28.50000   29.95500   22.03400  
C    27.65800   23.93700   30.83000  
H    28.64300   24.27000   31.16900  
H    27.15200   23.97500   31.79800  
H    27.68800   22.94600   30.37100  
S    27.05900   25.04300   29.53300  
C    25.35600   25.07200   30.13600  
H    25.04000   24.06300   30.41400  
H    25.28500   25.69900   31.02800  
H    24.71300   25.43200   29.32800  
O    26.78700   23.98700   28.50700  
C    25.60200   23.83800   23.72100  
H    26.14700   23.15900   23.05900  
H    25.19700   24.71000   23.20300  
H    26.21000   24.05700   24.60300  
S    24.18200   22.91000   24.34300  
C    24.02100   23.81000   25.90200  
H    24.93100   23.63100   26.48100  
H    23.85400   24.85800   25.64000  
H    23.23400   23.49400   26.59100  
O    24.76000   21.58000   24.71300  
C    29.22800   26.39600   23.20500  
H    28.68300   25.97100   24.05200  
H    30.26600   26.06300   23.13500  
H    29.24400   27.48700   23.27500  
S    28.41700   26.00700   21.63800  
C    26.88100   26.93600   21.84400  
H    26.35700   26.88000   20.88600  
H    26.27900   26.50800   22.65000  
H    27.02000   27.98800   22.10500  
O    27.96900   24.58200   21.74500  
C    22.59200   37.67700   21.19200  
H    23.02500   38.43500   21.84900  
H    23.39200   37.18300   20.63400  
H    21.83700   38.15800   20.56600  
S    21.78600   36.31700   22.06700  
C    23.24200   35.49600   22.75400  
H    23.76400   36.22400   23.38000  
H    22.91600   34.63700   23.34700  
H    23.89800   35.19000   21.93500  
O    21.41900   35.29700   21.03500  
C    24.21600   27.05800   34.61600  
H    23.69500   26.89500   33.66900  
H    23.47400   27.18300   35.40900  
H    24.85700   27.94000   34.54000  
S    25.31700   25.65300   34.89500  
C    26.39900   26.47000   36.09000  
H    26.79100   27.37900   35.62700  
H    25.91500   26.79100   37.01600  
H    27.17900   25.74100   36.32300  
O    26.02200   25.59900   33.57500  
C    17.55800   31.05400   24.61900  
H    16.72500   30.35300   24.71800  
H    17.03600   32.01300   24.59300  
H    18.10700   30.93000   23.68200  
S    18.63100   30.67900   26.02300  
C    17.61300   31.54300   27.24100  
H    17.46100   32.55500   26.85500  
H    16.70000   30.97500   27.43600  
H    18.17500   31.59700   28.17700  
O    19.76700   31.65400   26.01600  
C    31.04400   36.30100   30.17000  
H    31.06100   37.17400   30.82800  
H    30.29200   35.55900   30.44800  
H    32.02100   35.81900   30.26600  
S    30.83400   36.94900   28.49600  
C    30.41600   35.41200   27.64400  
H    31.30300   34.77600   27.69800  
H    29.53300   34.89300   28.02700  
H    30.22000   35.70100   26.60800  
O    32.24200   37.17300   28.03800  
C    18.94500   26.78700   26.04400  
H    18.31700   27.45100   26.64200  
H    19.04400   27.17800   25.02800  
H    18.46300   25.81500   26.17900  
S    20.57700   26.75000   26.81800  
C    20.92800   28.50400   26.56200  
H    21.94600   28.73500   26.88600  
H    20.77000   28.75700   25.51100  
H    20.26100   29.03300   27.24700  
O    21.44300   26.01100   25.84500  
C    31.21100   33.28500   33.32800  
H    30.67700   33.69200   34.19100  
H    31.22100   34.14900   32.65800  
H    30.47900   32.52500   33.04400  
S    32.77400   32.53600   33.84000  
C    32.96500   31.35100   32.48900  
H    33.88100   30.79800   32.71100  
H    32.08500   30.70300   32.48300  
H    33.13600   31.84700   31.53000  
O    32.37200   31.56700   34.90700  
C    19.70600   34.64400   30.47000  
H    19.64000   34.23500   29.45800  
H    18.83300   34.31900   31.04200  
H    19.85500   35.72600   30.50800  
S    21.00500   33.82700   31.42400  
C    20.09100   32.29100   31.68800  
H    19.90700   31.85800   30.70200  
H    20.81200   31.73300   32.29200  
H    19.20400   32.56800   32.26300  
O    20.75800   34.51900   32.72900  
C    22.79100   32.42400   35.60200  
H    22.08100   32.46600   36.43200  
H    23.71100   32.95800   35.85400  
H    22.23300   32.87300   34.77700  
S    23.10900   30.71300   35.11400  
C    23.98100   31.37200   33.67600  
H    24.48500   30.54400   33.16900  
H    23.32300   31.91500   32.99300  
H    24.75100   32.06400   34.02600  
O    21.85000   30.33300   34.39900  
C    22.69400   27.46600   29.71900  
H    22.81700   26.50900   30.23200  
H    21.72300   27.93000   29.91000  
H    22.92700   27.49800   28.65200  
S    23.93500   28.49000   30.54300  
C    23.38500   30.07900   29.88100  
H    22.29400   30.06100   29.80900  
H    23.65600   30.95200   30.48000  
H    23.73800   30.33600   28.87900  
O    25.15800   28.19100   29.73400  
C    25.19800   21.59700   20.51500  
H    25.18300   21.94200   21.55300  
H    24.25200   21.81100   20.01300  
H    25.45400   20.53900   20.41700  
S    26.43200   22.70300   19.79400  
C    25.34300   24.14600   19.79600  
H    24.29300   23.84800   19.84800  
H    25.57500   24.73300   20.68800  
H    25.54500   24.66900   18.85800  
O    26.56100   22.36300   18.34200  
C    29.80800   27.03500   27.84200  
H    29.39600   27.48400   28.75000  
H    30.75400   27.47000   27.50900  
H    29.14700   27.11400   26.97500  
S    30.28800   25.34700   28.27300  
C    31.52600   25.62300   29.56100  
H    32.23000   26.36300   29.17300  
H    31.15300   25.94800   30.53600  
H    32.08800   24.69700   29.70600  
O    31.17500   25.06000   27.10200  
C    23.01600   39.15600   27.09200  
H    21.95300   39.39100   26.99900  
H    23.21000   38.47300   27.92300  
H    23.71700   39.99400   27.06500  
S    23.27300   38.19100   25.58600  
C    25.06300   38.36700   25.41200  
H    25.32900   37.89200   24.46400  
H    25.16400   39.45500   25.37700  
H    25.62500   38.09200   26.30800  
O    22.69400   39.09600   24.54400  
C    18.86200   23.49300   29.03400  
H    18.61700   24.53000   28.79200  
H    18.97500   22.89800   28.12400  
H    18.06300   23.02800   29.61800  
S    20.38300   23.26800   29.98300  
C    20.39000   24.91200   30.73300  
H    21.13100   25.15100   31.50000  
H    20.49200   25.62700   29.91300  
H    19.38900   24.96200   31.16900  
O    21.46400   23.35400   28.95100  
C    24.16600   34.38900   28.86100  
H    24.47400   33.34300   28.78600  
H    24.96400   35.09600   28.61700  
H    23.87400   34.69200   29.86900  
S    22.88500   34.79500   27.65300  
C    22.12000   33.16000   27.72900  
H    21.36500   33.09900   26.94200  
H    22.94600   32.46300   27.56400  
H    21.71300   33.00900   28.73200  
O    23.52900   34.70800   26.30400  
C    20.94700   32.45000   22.92600  
H    21.68500   32.92000   23.58100  
H    21.06000   32.90600   21.93900  
H    19.92200   32.67300   23.23100  
S    21.20500   30.66200   22.93900  
C    22.38200   30.76000   21.57200  
H    22.04900   31.37900   20.73500  
H    23.26400   31.26000   21.98100  
H    22.55700   29.73500   21.23600  
O    19.93800   30.19400   22.29200  
C    29.27300   31.64900   36.76600  
H    29.03300   30.98700   37.60200  
H    29.78700   31.14900   35.94100  
H    29.89000   32.44600   37.19000  
S    27.77300   32.34100   36.03300  
C    26.93900   32.38100   37.63600  
H    26.73700   31.36100   37.97200  
H    27.56800   32.96000   38.31700  
H    26.00200   32.93000   37.51600  
O    27.07500   31.21000   35.34300  
C    28.44800   22.47200   25.78200  
H    27.68600   22.27700   25.02200  
H    28.31900   21.77700   26.61500  
H    28.26100   23.50000   26.10500  
S    30.11400   22.12100   25.17700  
C    30.41200   23.54600   24.10600  
H    30.43800   24.37200   24.82100  
H    31.32500   23.49700   23.50700  
H    29.53000   23.59600   23.46100  
O    30.13200   20.94500   24.25100  
C    27.75000   28.93500   32.11600  
H    27.13300   28.79700   33.00800  
H    27.90700   29.99300   31.89300  
H    27.36000   28.44500   31.22000  
S    29.35400   28.19300   32.49300  
C    29.63900   29.22900   33.94600  
H    28.78300   29.20800   34.62500  
H    30.53000   28.78700   34.39900  
H    29.92400   30.24000   33.64300  
O    30.32800   28.77600   31.51700  
C    26.03200   34.66200   32.88700  
H    25.04500   34.76300   32.42800  
H    26.02100   34.20600   33.88000  
H    26.49900   35.64300   33.00800  
S    26.99300   33.55500   31.83100  
C    27.17400   34.61800   30.38100  
H    27.30000   33.92000   29.55000  
H    26.35000   35.31100   30.19400  
H    28.09600   35.20300   30.44600  
O    25.98200   32.58300   31.30900  
$end

$rem
JOBTYPE  SP
METHOD  B3LYP
BASIS  6-31+G(D)
SYMMETRY  FALSE
SYM_IGNORE  TRUE
MEM_TOTAL  16000
MEM_STATIC  8000
MAX_SUB_FILE_NUM  16000
BASIS_LIN_DEP_THRESH  6
THRESH  14
SCF_CONVERGENCE  8
GEN_SCFMAN  TRUE
SCF_GUESS  FRAGMO
FD_MAT_VEC_PROD  FALSE
XC_GRID  000075000302
NL_GRID  1
MAX_SCF_CYCLES  200
FRGM_METHOD  STOLL
SCFMI_MODE  1
$end

$development
almo_efield  1
$end

$rem_frgm
SCF_CONVERGENCE  4
$end

@@@

$molecule
0 1
@C    24.89600   30.74100   26.04200  
@C    26.01000   29.86300   26.63600  
@C    25.55600   28.41400   26.40000  
@C    25.29600   28.06200   24.92600  
@C    24.21000   28.98900   24.35500  
@C    24.60800   30.46000   24.55800  
@H    26.41900   27.78000   26.63900  
@H    26.92000   29.98000   26.03600  
@H    23.98500   30.46600   26.58700  
@H    25.03400   31.81800   26.19800  
@H    26.20400   28.22100   24.33100  
@H    24.95100   27.04600   24.70000  
@H    24.16600   28.80100   23.27600  
@H    23.28500   28.76400   24.90100  
@H    25.48300   30.74600   23.96100  
@H    23.82400   31.11000   24.15000  
@H    24.65900   28.21100   26.99700  
@N    26.17800   30.15100   28.06000  
@H    25.89100   29.38800   28.66200  
@C    27.00200   31.17400   28.47800  
@H    27.18500   31.24200   29.56600  
@O    27.46500   32.02600   27.74000  
C    22.32900   24.46200   21.83200  
H    23.30400   23.96700   21.81700  
H    21.48600   23.82200   22.10500  
H    22.19700   24.85200   20.82000  
S    22.50200   25.91200   22.89800  
C    20.99000   26.78100   22.42400  
H    20.17900   26.44100   23.07300  
H    21.15400   27.85300   22.56100  
H    20.82700   26.62700   21.35400  
O    23.58600   26.52700   22.06900  
C    32.21000   29.81600   28.81800  
H    31.81300   29.31100   27.93400  
H    33.27600   30.02100   28.69300  
H    32.04900   29.29900   29.76800  
S    31.31400   31.36700   29.05600  
C    31.06100   31.54300   27.27600  
H    30.46900   30.70000   26.91100  
H    30.57100   32.51900   27.22400  
H    31.98100   31.54100   26.68700  
O    32.32700   32.39700   29.44800  
C    23.69600   26.98500   17.59200  
H    23.05300   26.42000   18.27200  
H    23.16700   27.80000   17.09000  
H    24.27600   26.33700   16.93000  
S    25.01800   27.61700   18.65000  
C    23.87700   28.75300   19.46900  
H    23.27700   28.11700   20.12500  
H    24.61400   29.38400   19.97300  
H    23.25500   29.28300   18.74300  
O    25.93500   28.49200   17.85400  
C    27.28000   35.80100   26.41900  
H    28.06500   36.55700   26.49700  
H    26.31700   36.28300   26.60500  
H    27.54400   34.97200   27.08100  
S    27.30700   35.23600   24.70300  
C    26.52400   33.62600   24.94800  
H    25.57300   33.92600   25.39600  
H    26.38000   33.12100   23.98900  
H    26.97000   32.96800   25.69700  
O    28.72300   34.92500   24.32800  
C    25.89300   31.73500   17.79600  
H    24.97700   31.15900   17.95000  
H    25.64000   32.78800   17.65100  
H    26.34900   31.34200   16.88300  
S    27.08300   31.59700   19.14900  
C    26.10600   32.50100   20.37100  
H    25.80700   33.49100   20.01600  
H    25.28000   31.81400   20.57100  
H    26.71200   32.60000   21.27500  
O    28.24500   32.49400   18.85600  
C    28.89000   31.49000   24.05800  
H    28.39100   32.06900   23.27700  
H    28.13400   31.25400   24.81100  
H    29.70100   31.96700   24.61400  
S    29.45500   30.01100   23.18600  
C    30.92300   30.66900   22.36400  
H    31.59300   31.03300   23.14600  
H    31.35400   29.93400   21.67900  
H    30.51900   31.50200   21.78300  
O    28.50000   29.95500   22.03400  
C    27.65800   23.93700   30.83000  
H    28.64300   24.27000   31.16900  
H    27.15200   23.97500   31.79800  
H    27.68800   22.94600   30.37100  
S    27.05900   25.04300   29.53300  
C    25.35600   25.07200   30.13600  
H    25.04000   24.06300   30.41400  
H    25.28500   25.69900   31.02800  
H    24.71300   25.43200   29.32800  
O    26.78700   23.98700   28.50700  
C    25.60200   23.83800   23.72100  
H    26.14700   23.15900   23.05900  
H    25.19700   24.71000   23.20300  
H    26.21000   24.05700   24.60300  
S    24.18200   22.91000   24.34300  
C    24.02100   23.81000   25.90200  
H    24.93100   23.63100   26.48100  
H    23.85400   24.85800   25.64000  
H    23.23400   23.49400   26.59100  
O    24.76000   21.58000   24.71300  
C    29.22800   26.39600   23.20500  
H    28.68300   25.97100   24.05200  
H    30.26600   26.06300   23.13500  
H    29.24400   27.48700   23.27500  
S    28.41700   26.00700   21.63800  
C    26.88100   26.93600   21.84400  
H    26.35700   26.88000   20.88600  
H    26.27900   26.50800   22.65000  
H    27.02000   27.98800   22.10500  
O    27.96900   24.58200   21.74500  
C    22.59200   37.67700   21.19200  
H    23.02500   38.43500   21.84900  
H    23.39200   37.18300   20.63400  
H    21.83700   38.15800   20.56600  
S    21.78600   36.31700   22.06700  
C    23.24200   35.49600   22.75400  
H    23.76400   36.22400   23.38000  
H    22.91600   34.63700   23.34700  
H    23.89800   35.19000   21.93500  
O    21.41900   35.29700   21.03500  
C    24.21600   27.05800   34.61600  
H    23.69500   26.89500   33.66900  
H    23.47400   27.18300   35.40900  
H    24.85700   27.94000   34.54000  
S    25.31700   25.65300   34.89500  
C    26.39900   26.47000   36.09000  
H    26.79100   27.37900   35.62700  
H    25.91500   26.79100   37.01600  
H    27.17900   25.74100   36.32300  
O    26.02200   25.59900   33.57500  
C    17.55800   31.05400   24.61900  
H    16.72500   30.35300   24.71800  
H    17.03600   32.01300   24.59300  
H    18.10700   30.93000   23.68200  
S    18.63100   30.67900   26.02300  
C    17.61300   31.54300   27.24100  
H    17.46100   32.55500   26.85500  
H    16.70000   30.97500   27.43600  
H    18.17500   31.59700   28.17700  
O    19.76700   31.65400   26.01600  
C    31.04400   36.30100   30.17000  
H    31.06100   37.17400   30.82800  
H    30.29200   35.55900   30.44800  
H    32.02100   35.81900   30.26600  
S    30.83400   36.94900   28.49600  
C    30.41600   35.41200   27.64400  
H    31.30300   34.77600   27.69800  
H    29.53300   34.89300   28.02700  
H    30.22000   35.70100   26.60800  
O    32.24200   37.17300   28.03800  
C    18.94500   26.78700   26.04400  
H    18.31700   27.45100   26.64200  
H    19.04400   27.17800   25.02800  
H    18.46300   25.81500   26.17900  
S    20.57700   26.75000   26.81800  
C    20.92800   28.50400   26.56200  
H    21.94600   28.73500   26.88600  
H    20.77000   28.75700   25.51100  
H    20.26100   29.03300   27.24700  
O    21.44300   26.01100   25.84500  
C    31.21100   33.28500   33.32800  
H    30.67700   33.69200   34.19100  
H    31.22100   34.14900   32.65800  
H    30.47900   32.52500   33.04400  
S    32.77400   32.53600   33.84000  
C    32.96500   31.35100   32.48900  
H    33.88100   30.79800   32.71100  
H    32.08500   30.70300   32.48300  
H    33.13600   31.84700   31.53000  
O    32.37200   31.56700   34.90700  
C    19.70600   34.64400   30.47000  
H    19.64000   34.23500   29.45800  
H    18.83300   34.31900   31.04200  
H    19.85500   35.72600   30.50800  
S    21.00500   33.82700   31.42400  
C    20.09100   32.29100   31.68800  
H    19.90700   31.85800   30.70200  
H    20.81200   31.73300   32.29200  
H    19.20400   32.56800   32.26300  
O    20.75800   34.51900   32.72900  
C    22.79100   32.42400   35.60200  
H    22.08100   32.46600   36.43200  
H    23.71100   32.95800   35.85400  
H    22.23300   32.87300   34.77700  
S    23.10900   30.71300   35.11400  
C    23.98100   31.37200   33.67600  
H    24.48500   30.54400   33.16900  
H    23.32300   31.91500   32.99300  
H    24.75100   32.06400   34.02600  
O    21.85000   30.33300   34.39900  
C    22.69400   27.46600   29.71900  
H    22.81700   26.50900   30.23200  
H    21.72300   27.93000   29.91000  
H    22.92700   27.49800   28.65200  
S    23.93500   28.49000   30.54300  
C    23.38500   30.07900   29.88100  
H    22.29400   30.06100   29.80900  
H    23.65600   30.95200   30.48000  
H    23.73800   30.33600   28.87900  
O    25.15800   28.19100   29.73400  
C    25.19800   21.59700   20.51500  
H    25.18300   21.94200   21.55300  
H    24.25200   21.81100   20.01300  
H    25.45400   20.53900   20.41700  
S    26.43200   22.70300   19.79400  
C    25.34300   24.14600   19.79600  
H    24.29300   23.84800   19.84800  
H    25.57500   24.73300   20.68800  
H    25.54500   24.66900   18.85800  
O    26.56100   22.36300   18.34200  
C    29.80800   27.03500   27.84200  
H    29.39600   27.48400   28.75000  
H    30.75400   27.47000   27.50900  
H    29.14700   27.11400   26.97500  
S    30.28800   25.34700   28.27300  
C    31.52600   25.62300   29.56100  
H    32.23000   26.36300   29.17300  
H    31.15300   25.94800   30.53600  
H    32.08800   24.69700   29.70600  
O    31.17500   25.06000   27.10200  
C    23.01600   39.15600   27.09200  
H    21.95300   39.39100   26.99900  
H    23.21000   38.47300   27.92300  
H    23.71700   39.99400   27.06500  
S    23.27300   38.19100   25.58600  
C    25.06300   38.36700   25.41200  
H    25.32900   37.89200   24.46400  
H    25.16400   39.45500   25.37700  
H    25.62500   38.09200   26.30800  
O    22.69400   39.09600   24.54400  
C    18.86200   23.49300   29.03400  
H    18.61700   24.53000   28.79200  
H    18.97500   22.89800   28.12400  
H    18.06300   23.02800   29.61800  
S    20.38300   23.26800   29.98300  
C    20.39000   24.91200   30.73300  
H    21.13100   25.15100   31.50000  
H    20.49200   25.62700   29.91300  
H    19.38900   24.96200   31.16900  
O    21.46400   23.35400   28.95100  
C    24.16600   34.38900   28.86100  
H    24.47400   33.34300   28.78600  
H    24.96400   35.09600   28.61700  
H    23.87400   34.69200   29.86900  
S    22.88500   34.79500   27.65300  
C    22.12000   33.16000   27.72900  
H    21.36500   33.09900   26.94200  
H    22.94600   32.46300   27.56400  
H    21.71300   33.00900   28.73200  
O    23.52900   34.70800   26.30400  
C    20.94700   32.45000   22.92600  
H    21.68500   32.92000   23.58100  
H    21.06000   32.90600   21.93900  
H    19.92200   32.67300   23.23100  
S    21.20500   30.66200   22.93900  
C    22.38200   30.76000   21.57200  
H    22.04900   31.37900   20.73500  
H    23.26400   31.26000   21.98100  
H    22.55700   29.73500   21.23600  
O    19.93800   30.19400   22.29200  
C    29.27300   31.64900   36.76600  
H    29.03300   30.98700   37.60200  
H    29.78700   31.14900   35.94100  
H    29.89000   32.44600   37.19000  
S    27.77300   32.34100   36.03300  
C    26.93900   32.38100   37.63600  
H    26.73700   31.36100   37.97200  
H    27.56800   32.96000   38.31700  
H    26.00200   32.93000   37.51600  
O    27.07500   31.21000   35.34300  
C    28.44800   22.47200   25.78200  
H    27.68600   22.27700   25.02200  
H    28.31900   21.77700   26.61500  
H    28.26100   23.50000   26.10500  
S    30.11400   22.12100   25.17700  
C    30.41200   23.54600   24.10600  
H    30.43800   24.37200   24.82100  
H    31.32500   23.49700   23.50700  
H    29.53000   23.59600   23.46100  
O    30.13200   20.94500   24.25100  
C    27.75000   28.93500   32.11600  
H    27.13300   28.79700   33.00800  
H    27.90700   29.99300   31.89300  
H    27.36000   28.44500   31.22000  
S    29.35400   28.19300   32.49300  
C    29.63900   29.22900   33.94600  
H    28.78300   29.20800   34.62500  
H    30.53000   28.78700   34.39900  
H    29.92400   30.24000   33.64300  
O    30.32800   28.77600   31.51700  
C    26.03200   34.66200   32.88700  
H    25.04500   34.76300   32.42800  
H    26.02100   34.20600   33.88000  
H    26.49900   35.64300   33.00800  
S    26.99300   33.55500   31.83100  
C    27.17400   34.61800   30.38100  
H    27.30000   33.92000   29.55000  
H    26.35000   35.31100   30.19400  
H    28.09600   35.20300   30.44600  
O    25.98200   32.58300   31.30900  
$end

$rem
JOBTYPE  SP
METHOD  B3LYP
BASIS  6-31+G(D)
SYMMETRY  FALSE
SYM_IGNORE  TRUE
MEM_TOTAL  16000
MEM_STATIC  8000
MAX_SUB_FILE_NUM  16000
BASIS_LIN_DEP_THRESH  6
THRESH  14
SCF_CONVERGENCE  8
GEN_SCFMAN  FALSE
SCF_GUESS  READ_DEN
FD_MAT_VEC_PROD  FALSE
XC_GRID  000075000302
NL_GRID  1
MAX_SCF_CYCLES  200
SKIP_SCFMAN  TRUE
ESP_GRID  0
ESP_EFIELD  1
$end

$development
almo_efield  1
$end

