$molecule
0 1
--
0 1
C    21.92900   14.54700   28.80200  
C    22.59100   14.75600   27.43000  
C    23.47400   16.00800   27.29900  
C    24.42600   16.14900   28.49800  
C    23.59000   16.14900   29.78900  
C    22.87700   14.80200   29.98500  
H    24.01200   16.13900   26.35200  
H    23.26000   13.88800   27.38500  
H    20.98700   15.09700   28.91400  
H    21.67700   13.48000   28.84600  
H    25.15400   15.32900   28.48100  
H    24.91800   17.11800   28.35700  
H    24.17600   16.38500   30.68600  
H    22.88800   16.99100   29.82700  
H    23.59300   13.97600   29.89300  
H    22.32900   14.85100   30.93400  
H    22.76000   16.83900   27.34200  
N    21.65600   14.62500   26.31500  
H    20.66800   14.83600   26.38700  
C    21.99000   13.91600   25.18000  
H    21.08600   13.69400   24.58300  
O    23.08900   13.44900   24.94000  
--
0 1
C    20.02400   18.31200   29.53300  
H    19.05300   18.37600   30.03100  
H    20.29500   17.30500   29.20400  
H    20.91700   18.79400   29.94000  
S    19.66400   19.29300   28.05900  
C    21.34900   19.87100   27.75800  
H    21.77800   19.57300   26.79800  
H    21.32400   20.96300   27.76700  
H    22.04900   19.50000   28.51200  
O    18.80800   20.42200   28.54500  
C    19.25800   19.37000   21.42000  
H    18.72200   19.81900   20.58000  
H    20.34400   19.44900   21.32400  
H    18.84400   18.44300   21.82500  
S    18.92300   20.56800   22.73100  
C    19.70800   22.06300   22.08800  
H    19.80000   22.81300   22.87800  
H    20.73200   21.75100   21.86700  
H    19.12700   22.30400   21.19500  
O    19.81100   20.13300   23.85500  
C    25.86600   12.78400   27.40200  
H    25.16600   12.76700   28.24200  
H    26.25500   13.78200   27.18200  
H    25.52500   12.37400   26.44800  
S    27.27400   11.74900   27.86100  
C    26.45800   10.14600   27.69600  
H    25.53700   10.05100   28.27800  
H    26.18600   10.01800   26.64500  
H    27.16100   9.36600    28.00100  
O    27.45100   11.94500   29.33500  
C    16.69900   10.21400   19.54800  
H    17.25000   9.36200    19.95400  
H    15.63800   10.14400   19.80000  
H    16.72600   10.39500   18.47100  
S    17.38700   11.69700   20.31800  
C    16.68200   11.47600   21.96700  
H    17.30500   12.07800   22.63300  
H    15.69600   11.94700   21.95600  
H    16.78700   10.42700   22.25700  
O    16.69600   12.91500   19.78900  
C    26.94000   17.99900   35.91600  
H    26.59900   17.07000   36.37900  
H    27.33000   18.76500   36.59100  
H    26.02300   18.39500   35.47300  
S    28.14300   17.60700   34.62500  
C    29.48000   17.40400   35.82400  
H    29.37800   18.21600   36.54900  
H    29.39600   16.43900   36.32900  
H    30.40700   17.40600   35.24600  
O    28.34800   19.01400   34.15900  
C    20.33400   8.84500    34.51800  
H    19.88200   8.91400    35.51100  
H    19.67600   9.27400    33.75800  
H    20.50700   7.79300    34.27700  
S    21.89000   9.76400    34.52200  
C    22.80400   8.89100    35.81400  
H    22.85800   7.82900    35.56100  
H    23.82100   9.27600    35.91900  
H    22.13700   8.87700    36.68000  
O    21.52400   11.02500   35.24100  
C    12.95700   15.85200   25.35400  
H    13.01000   15.42800   24.34800  
H    12.36700   15.03300   25.77200  
H    12.44600   16.81400   25.43900  
S    14.60300   16.13100   26.04600  
C    15.23600   14.47700   25.68900  
H    14.56400   13.69500   26.05100  
H    15.37600   14.39900   24.60700  
H    16.18200   14.30300   26.20800  
O    14.40400   16.23100   27.52600  
C    19.31600   6.62300    30.74900  
H    19.64700   6.64800    31.79100  
H    18.28800   6.98100    30.64700  
H    19.39300   5.55600    30.52400  
S    20.18800   7.65000    29.54600  
C    20.06000   9.18400    30.49400  
H    20.46400   9.10400    31.50700  
H    20.45800   10.06300   29.98100  
H    18.99000   9.39100    30.56600  
O    19.10800   7.94900    28.55300  
C    28.93300   15.64000   23.69500  
H    27.87000   15.56900   23.93600  
H    29.35000   16.40800   24.35100  
H    29.20200   15.92200   22.67300  
S    29.73700   14.08500   24.14300  
C    28.88000   13.93400   25.72700  
H    29.21700   14.73200   26.39400  
H    27.80200   13.91200   25.55100  
H    29.20800   12.96600   26.11500  
O    31.15300   14.35100   24.54900  
C    28.07900   21.57600   31.58400  
H    28.53900   21.35500   32.55000  
H    28.39200   22.47400   31.04600  
H    27.00300   21.61800   31.77200  
S    28.17800   20.20600   30.41000  
C    29.96800   20.42600   30.28900  
H    30.34500   19.50200   29.84300  
H    30.18900   21.29100   29.65800  
H    30.38500   20.53000   31.29400  
O    27.63500   20.65400   29.08900  
C    20.10400   17.03400   33.12800  
H    20.92700   17.41600   32.51800  
H    19.63200   16.27200   32.50200  
H    19.36100   17.75900   33.47100  
S    20.86500   16.35400   34.61900  
C    21.52900   17.94500   35.16100  
H    22.18100   17.93700   36.03900  
H    22.08200   18.54700   34.43500  
H    20.65400   18.54700   35.41800  
O    22.11100   15.66300   34.16000  
C    29.28100   14.51500   30.66600  
H    28.83300   13.76100   30.01400  
H    30.30300   14.59400   30.28500  
H    29.13300   14.33800   31.73400  
S    28.41800   16.04200   30.23100  
C    26.86700   15.52500   31.00000  
H    26.89200   15.71500   32.07600  
H    26.19800   16.24300   30.51900  
H    26.65400   14.51600   30.63700  
O    28.01100   15.88700   28.79900  
C    23.78500   15.10400   20.33500  
H    24.55900   15.70800   20.81400  
H    23.41200   14.20500   20.83200  
H    24.12400   14.85000   19.32700  
S    22.29400   16.08700   20.06400  
C    23.30200   17.42800   19.39400  
H    23.87300   17.86700   20.21700  
H    23.93200   16.98600   18.61800  
H    22.57600   18.14100   18.99500  
O    21.75000   16.50300   21.39500  
C    23.45600   22.54300   30.37000  
H    24.26400   23.27900   30.38800  
H    22.89000   22.71200   29.45000  
H    22.93800   22.45500   31.32800  
S    24.36100   21.00000   30.11100  
C    24.61700   21.16100   28.32900  
H    25.16100   22.08900   28.13700  
H    25.21200   20.30900   27.99000  
H    23.64600   21.24800   27.83500  
O    23.32500   19.92900   30.24400  
C    29.04200   19.56900   26.19700  
H    29.00200   20.23400   27.06400  
H    29.45700   18.59200   26.45600  
H    29.62500   20.05200   25.40900  
S    27.42300   19.26600   25.45400  
C    26.83600   17.99300   26.59300  
H    27.35300   17.04400   26.42600  
H    27.07600   18.29100   27.61700  
H    25.76100   17.88900   26.42500  
O    27.71900   18.48300   24.21300  
C    24.44700   17.51600   23.80900  
H    24.92500   16.92000   24.59000  
H    23.83800   16.83700   23.20600  
H    25.26700   17.91800   23.20800  
S    23.35400   18.83100   24.39500  
C    22.87500   19.34200   22.72900  
H    23.78500   19.76000   22.29200  
H    22.46400   18.47300   22.20800  
H    22.16900   20.16800   22.85000  
O    24.21800   19.98500   24.79600  
C    18.88800   11.88500   27.15700  
H    18.04200   12.21800   27.76400  
H    19.16300   10.83100   27.24900  
H    19.74000   12.56100   27.27400  
S    18.43900   12.17500   25.43100  
C    17.17100   10.88900   25.49200  
H    16.51800   11.07300   24.63600  
H    17.76600   9.97900    25.38200  
H    16.66800   10.81300   26.46000  
O    19.48700   11.61400   24.52200  
C    17.87700   13.71200   33.09500  
H    18.51800   14.09800   33.89100  
H    17.72100   14.48800   32.34100  
H    16.88600   13.40700   33.44200  
S    18.67700   12.22500   32.45200  
C    20.17200   13.06500   31.88300  
H    19.88900   13.94700   31.30400  
H    20.67800   13.40200   32.79100  
H    20.76400   12.38500   31.26500  
O    18.03400   12.00000   31.11900  
C    20.82200   13.08300   21.30600  
H    21.57300   13.31300   22.06600  
H    20.67500   13.82100   20.51200  
H    19.88500   12.89400   21.83600  
S    21.21000   11.54100   20.44800  
C    21.29800   10.52000   21.93600  
H    20.52900   10.93100   22.59400  
H    20.95000   9.54700    21.57900  
H    22.34500   10.54900   22.24700  
O    22.64500   11.70300   20.05300  
C    15.70200   18.96000   29.42800  
H    15.97500   20.01000   29.30100  
H    16.52900   18.34900   29.05700  
H    14.72000   18.76300   28.99100  
S    15.59800   18.67300   31.20900  
C    15.34400   16.90900   30.90900  
H    14.88900   16.51400   31.82100  
H    14.59500   16.80100   30.12100  
H    16.26500   16.41300   30.59200  
O    14.28400   19.23100   31.66000  
C    28.15900   12.53100   36.67700  
H    27.97800   11.49600   36.37700  
H    29.18100   12.74700   36.99900  
H    27.44300   12.84700   37.44100  
S    27.94300   13.71400   35.32800  
C    26.59100   12.85700   34.49000  
H    25.86000   12.52900   35.23400  
H    26.17800   13.46900   33.68400  
H    26.91000   11.94200   33.98500  
O    29.10200   13.52400   34.39900  
C    14.70300   14.80800   21.16300  
H    14.80000   14.38100   20.16200  
H    15.18800   14.11400   21.85400  
H    13.68000   14.84500   21.54800  
S    15.65000   16.31200   21.48800  
C    17.30200   15.78300   20.97900  
H    17.98600   16.39600   21.57200  
H    17.49000   14.75700   21.30400  
H    17.48100   15.89200   19.90600  
O    15.62400   16.41100   22.98200  
C    25.20100   10.08300   31.98400  
H    24.79300   9.49700    32.81000  
H    25.52900   9.41400    31.18400  
H    26.03600   10.65800   32.39400  
S    23.83100   11.12300   31.42900  
C    23.65000   12.31900   32.77100  
H    22.71700   12.88900   32.76300  
H    23.72500   11.77300   33.71500  
H    24.47100   13.04000   32.79000  
O    22.57700   10.31000   31.51300  
C    22.21700   9.91500    27.47000  
H    22.33000   8.88900    27.82900  
H    22.78800   10.62900   28.06900  
H    21.15900   10.16200   27.58500  
S    22.66400   10.02900   25.72200  
C    21.36200   8.98900    25.02500  
H    21.30200   8.05300    25.58800  
H    20.54200   9.70100    25.14200  
H    21.56500   8.75000    23.97800  
O    23.85100   9.14300    25.50300  
C    25.62100   11.15900   21.97600  
H    26.42900   11.53500   21.34200  
H    25.70600   10.08500   22.15800  
H    24.66000   11.43600   21.53500  
S    25.72400   11.77800   23.67000  
C    25.83000   13.53300   23.25300  
H    26.10400   14.01800   24.19300  
H    26.53600   13.72700   22.44100  
H    24.85000   13.83000   22.87100  
O    27.08000   11.34600   24.13500  
C    19.75700   16.94000   24.34900  
H    20.22600   17.86200   24.70300  
H    20.53600   16.18300   24.47700  
H    19.58300   17.10700   23.28300  
S    18.32800   16.35400   25.28700  
C    17.57400   17.90000   25.84000  
H    18.20400   18.76700   25.62600  
H    16.59400   17.99600   25.36600  
H    17.47300   17.85300   26.92700  
O    19.12400   15.97900   26.49900  
$end

$rem
JOBTYPE  SP
METHOD  B3LYP
BASIS  6-31+G(D)
SYMMETRY  FALSE
SYM_IGNORE  TRUE
MEM_TOTAL  16000
MEM_STATIC  8000
MAX_SUB_FILE_NUM  16000
BASIS_LIN_DEP_THRESH  6
THRESH  14
SCF_CONVERGENCE  8
GEN_SCFMAN  TRUE
SCF_GUESS  FRAGMO
FD_MAT_VEC_PROD  FALSE
XC_GRID  000075000302
NL_GRID  1
MAX_SCF_CYCLES  200
FRGM_METHOD  STOLL
SCFMI_MODE  1
$end

$development
almo_efield  1
$end

$rem_frgm
SCF_CONVERGENCE  4
$end

@@@

$molecule
0 1
@C    21.92900   14.54700   28.80200  
@C    22.59100   14.75600   27.43000  
@C    23.47400   16.00800   27.29900  
@C    24.42600   16.14900   28.49800  
@C    23.59000   16.14900   29.78900  
@C    22.87700   14.80200   29.98500  
@H    24.01200   16.13900   26.35200  
@H    23.26000   13.88800   27.38500  
@H    20.98700   15.09700   28.91400  
@H    21.67700   13.48000   28.84600  
@H    25.15400   15.32900   28.48100  
@H    24.91800   17.11800   28.35700  
@H    24.17600   16.38500   30.68600  
@H    22.88800   16.99100   29.82700  
@H    23.59300   13.97600   29.89300  
@H    22.32900   14.85100   30.93400  
@H    22.76000   16.83900   27.34200  
@N    21.65600   14.62500   26.31500  
@H    20.66800   14.83600   26.38700  
@C    21.99000   13.91600   25.18000  
@H    21.08600   13.69400   24.58300  
@O    23.08900   13.44900   24.94000  
C    20.02400   18.31200   29.53300  
H    19.05300   18.37600   30.03100  
H    20.29500   17.30500   29.20400  
H    20.91700   18.79400   29.94000  
S    19.66400   19.29300   28.05900  
C    21.34900   19.87100   27.75800  
H    21.77800   19.57300   26.79800  
H    21.32400   20.96300   27.76700  
H    22.04900   19.50000   28.51200  
O    18.80800   20.42200   28.54500  
C    19.25800   19.37000   21.42000  
H    18.72200   19.81900   20.58000  
H    20.34400   19.44900   21.32400  
H    18.84400   18.44300   21.82500  
S    18.92300   20.56800   22.73100  
C    19.70800   22.06300   22.08800  
H    19.80000   22.81300   22.87800  
H    20.73200   21.75100   21.86700  
H    19.12700   22.30400   21.19500  
O    19.81100   20.13300   23.85500  
C    25.86600   12.78400   27.40200  
H    25.16600   12.76700   28.24200  
H    26.25500   13.78200   27.18200  
H    25.52500   12.37400   26.44800  
S    27.27400   11.74900   27.86100  
C    26.45800   10.14600   27.69600  
H    25.53700   10.05100   28.27800  
H    26.18600   10.01800   26.64500  
H    27.16100   9.36600    28.00100  
O    27.45100   11.94500   29.33500  
C    16.69900   10.21400   19.54800  
H    17.25000   9.36200    19.95400  
H    15.63800   10.14400   19.80000  
H    16.72600   10.39500   18.47100  
S    17.38700   11.69700   20.31800  
C    16.68200   11.47600   21.96700  
H    17.30500   12.07800   22.63300  
H    15.69600   11.94700   21.95600  
H    16.78700   10.42700   22.25700  
O    16.69600   12.91500   19.78900  
C    26.94000   17.99900   35.91600  
H    26.59900   17.07000   36.37900  
H    27.33000   18.76500   36.59100  
H    26.02300   18.39500   35.47300  
S    28.14300   17.60700   34.62500  
C    29.48000   17.40400   35.82400  
H    29.37800   18.21600   36.54900  
H    29.39600   16.43900   36.32900  
H    30.40700   17.40600   35.24600  
O    28.34800   19.01400   34.15900  
C    20.33400   8.84500    34.51800  
H    19.88200   8.91400    35.51100  
H    19.67600   9.27400    33.75800  
H    20.50700   7.79300    34.27700  
S    21.89000   9.76400    34.52200  
C    22.80400   8.89100    35.81400  
H    22.85800   7.82900    35.56100  
H    23.82100   9.27600    35.91900  
H    22.13700   8.87700    36.68000  
O    21.52400   11.02500   35.24100  
C    12.95700   15.85200   25.35400  
H    13.01000   15.42800   24.34800  
H    12.36700   15.03300   25.77200  
H    12.44600   16.81400   25.43900  
S    14.60300   16.13100   26.04600  
C    15.23600   14.47700   25.68900  
H    14.56400   13.69500   26.05100  
H    15.37600   14.39900   24.60700  
H    16.18200   14.30300   26.20800  
O    14.40400   16.23100   27.52600  
C    19.31600   6.62300    30.74900  
H    19.64700   6.64800    31.79100  
H    18.28800   6.98100    30.64700  
H    19.39300   5.55600    30.52400  
S    20.18800   7.65000    29.54600  
C    20.06000   9.18400    30.49400  
H    20.46400   9.10400    31.50700  
H    20.45800   10.06300   29.98100  
H    18.99000   9.39100    30.56600  
O    19.10800   7.94900    28.55300  
C    28.93300   15.64000   23.69500  
H    27.87000   15.56900   23.93600  
H    29.35000   16.40800   24.35100  
H    29.20200   15.92200   22.67300  
S    29.73700   14.08500   24.14300  
C    28.88000   13.93400   25.72700  
H    29.21700   14.73200   26.39400  
H    27.80200   13.91200   25.55100  
H    29.20800   12.96600   26.11500  
O    31.15300   14.35100   24.54900  
C    28.07900   21.57600   31.58400  
H    28.53900   21.35500   32.55000  
H    28.39200   22.47400   31.04600  
H    27.00300   21.61800   31.77200  
S    28.17800   20.20600   30.41000  
C    29.96800   20.42600   30.28900  
H    30.34500   19.50200   29.84300  
H    30.18900   21.29100   29.65800  
H    30.38500   20.53000   31.29400  
O    27.63500   20.65400   29.08900  
C    20.10400   17.03400   33.12800  
H    20.92700   17.41600   32.51800  
H    19.63200   16.27200   32.50200  
H    19.36100   17.75900   33.47100  
S    20.86500   16.35400   34.61900  
C    21.52900   17.94500   35.16100  
H    22.18100   17.93700   36.03900  
H    22.08200   18.54700   34.43500  
H    20.65400   18.54700   35.41800  
O    22.11100   15.66300   34.16000  
C    29.28100   14.51500   30.66600  
H    28.83300   13.76100   30.01400  
H    30.30300   14.59400   30.28500  
H    29.13300   14.33800   31.73400  
S    28.41800   16.04200   30.23100  
C    26.86700   15.52500   31.00000  
H    26.89200   15.71500   32.07600  
H    26.19800   16.24300   30.51900  
H    26.65400   14.51600   30.63700  
O    28.01100   15.88700   28.79900  
C    23.78500   15.10400   20.33500  
H    24.55900   15.70800   20.81400  
H    23.41200   14.20500   20.83200  
H    24.12400   14.85000   19.32700  
S    22.29400   16.08700   20.06400  
C    23.30200   17.42800   19.39400  
H    23.87300   17.86700   20.21700  
H    23.93200   16.98600   18.61800  
H    22.57600   18.14100   18.99500  
O    21.75000   16.50300   21.39500  
C    23.45600   22.54300   30.37000  
H    24.26400   23.27900   30.38800  
H    22.89000   22.71200   29.45000  
H    22.93800   22.45500   31.32800  
S    24.36100   21.00000   30.11100  
C    24.61700   21.16100   28.32900  
H    25.16100   22.08900   28.13700  
H    25.21200   20.30900   27.99000  
H    23.64600   21.24800   27.83500  
O    23.32500   19.92900   30.24400  
C    29.04200   19.56900   26.19700  
H    29.00200   20.23400   27.06400  
H    29.45700   18.59200   26.45600  
H    29.62500   20.05200   25.40900  
S    27.42300   19.26600   25.45400  
C    26.83600   17.99300   26.59300  
H    27.35300   17.04400   26.42600  
H    27.07600   18.29100   27.61700  
H    25.76100   17.88900   26.42500  
O    27.71900   18.48300   24.21300  
C    24.44700   17.51600   23.80900  
H    24.92500   16.92000   24.59000  
H    23.83800   16.83700   23.20600  
H    25.26700   17.91800   23.20800  
S    23.35400   18.83100   24.39500  
C    22.87500   19.34200   22.72900  
H    23.78500   19.76000   22.29200  
H    22.46400   18.47300   22.20800  
H    22.16900   20.16800   22.85000  
O    24.21800   19.98500   24.79600  
C    18.88800   11.88500   27.15700  
H    18.04200   12.21800   27.76400  
H    19.16300   10.83100   27.24900  
H    19.74000   12.56100   27.27400  
S    18.43900   12.17500   25.43100  
C    17.17100   10.88900   25.49200  
H    16.51800   11.07300   24.63600  
H    17.76600   9.97900    25.38200  
H    16.66800   10.81300   26.46000  
O    19.48700   11.61400   24.52200  
C    17.87700   13.71200   33.09500  
H    18.51800   14.09800   33.89100  
H    17.72100   14.48800   32.34100  
H    16.88600   13.40700   33.44200  
S    18.67700   12.22500   32.45200  
C    20.17200   13.06500   31.88300  
H    19.88900   13.94700   31.30400  
H    20.67800   13.40200   32.79100  
H    20.76400   12.38500   31.26500  
O    18.03400   12.00000   31.11900  
C    20.82200   13.08300   21.30600  
H    21.57300   13.31300   22.06600  
H    20.67500   13.82100   20.51200  
H    19.88500   12.89400   21.83600  
S    21.21000   11.54100   20.44800  
C    21.29800   10.52000   21.93600  
H    20.52900   10.93100   22.59400  
H    20.95000   9.54700    21.57900  
H    22.34500   10.54900   22.24700  
O    22.64500   11.70300   20.05300  
C    15.70200   18.96000   29.42800  
H    15.97500   20.01000   29.30100  
H    16.52900   18.34900   29.05700  
H    14.72000   18.76300   28.99100  
S    15.59800   18.67300   31.20900  
C    15.34400   16.90900   30.90900  
H    14.88900   16.51400   31.82100  
H    14.59500   16.80100   30.12100  
H    16.26500   16.41300   30.59200  
O    14.28400   19.23100   31.66000  
C    28.15900   12.53100   36.67700  
H    27.97800   11.49600   36.37700  
H    29.18100   12.74700   36.99900  
H    27.44300   12.84700   37.44100  
S    27.94300   13.71400   35.32800  
C    26.59100   12.85700   34.49000  
H    25.86000   12.52900   35.23400  
H    26.17800   13.46900   33.68400  
H    26.91000   11.94200   33.98500  
O    29.10200   13.52400   34.39900  
C    14.70300   14.80800   21.16300  
H    14.80000   14.38100   20.16200  
H    15.18800   14.11400   21.85400  
H    13.68000   14.84500   21.54800  
S    15.65000   16.31200   21.48800  
C    17.30200   15.78300   20.97900  
H    17.98600   16.39600   21.57200  
H    17.49000   14.75700   21.30400  
H    17.48100   15.89200   19.90600  
O    15.62400   16.41100   22.98200  
C    25.20100   10.08300   31.98400  
H    24.79300   9.49700    32.81000  
H    25.52900   9.41400    31.18400  
H    26.03600   10.65800   32.39400  
S    23.83100   11.12300   31.42900  
C    23.65000   12.31900   32.77100  
H    22.71700   12.88900   32.76300  
H    23.72500   11.77300   33.71500  
H    24.47100   13.04000   32.79000  
O    22.57700   10.31000   31.51300  
C    22.21700   9.91500    27.47000  
H    22.33000   8.88900    27.82900  
H    22.78800   10.62900   28.06900  
H    21.15900   10.16200   27.58500  
S    22.66400   10.02900   25.72200  
C    21.36200   8.98900    25.02500  
H    21.30200   8.05300    25.58800  
H    20.54200   9.70100    25.14200  
H    21.56500   8.75000    23.97800  
O    23.85100   9.14300    25.50300  
C    25.62100   11.15900   21.97600  
H    26.42900   11.53500   21.34200  
H    25.70600   10.08500   22.15800  
H    24.66000   11.43600   21.53500  
S    25.72400   11.77800   23.67000  
C    25.83000   13.53300   23.25300  
H    26.10400   14.01800   24.19300  
H    26.53600   13.72700   22.44100  
H    24.85000   13.83000   22.87100  
O    27.08000   11.34600   24.13500  
C    19.75700   16.94000   24.34900  
H    20.22600   17.86200   24.70300  
H    20.53600   16.18300   24.47700  
H    19.58300   17.10700   23.28300  
S    18.32800   16.35400   25.28700  
C    17.57400   17.90000   25.84000  
H    18.20400   18.76700   25.62600  
H    16.59400   17.99600   25.36600  
H    17.47300   17.85300   26.92700  
O    19.12400   15.97900   26.49900  
$end

$rem
JOBTYPE  SP
METHOD  B3LYP
BASIS  6-31+G(D)
SYMMETRY  FALSE
SYM_IGNORE  TRUE
MEM_TOTAL  16000
MEM_STATIC  8000
MAX_SUB_FILE_NUM  16000
BASIS_LIN_DEP_THRESH  6
THRESH  14
SCF_CONVERGENCE  8
GEN_SCFMAN  FALSE
SCF_GUESS  READ_DEN
FD_MAT_VEC_PROD  FALSE
XC_GRID  000075000302
NL_GRID  1
MAX_SCF_CYCLES  200
SKIP_SCFMAN  TRUE
ESP_GRID  0
ESP_EFIELD  1
$end

$development
almo_efield  1
$end

