$molecule
0 1
--
0 1
C    28.15000   22.90200   26.07900  
C    27.93100   24.17600   26.91000  
C    27.33200   25.19400   25.92700  
C    26.06300   24.66700   25.23600  
C    26.29200   23.35700   24.46400  
C    26.94800   22.28300   25.34700  
H    27.13500   26.17900   26.36900  
H    27.20200   23.98800   27.70800  
H    28.94200   23.20800   25.38400  
H    28.60700   22.19000   26.77800  
H    25.32300   24.48300   26.02500  
H    25.71200   25.41800   24.51800  
H    25.36600   22.97600   24.01700  
H    26.96700   23.72800   23.68300  
H    26.27900   21.84800   26.10000  
H    27.39700   21.47200   24.76100  
H    28.05100   25.38000   25.11900  
N    29.12500   24.58400   27.64900  
H    30.01900   24.71200   27.19000  
C    29.28800   24.78900   29.00300  
H    30.32700   24.99800   29.31600  
O    28.38300   24.72700   29.81600  
--
0 1
C    24.10700   30.50500   25.28600  
H    24.45900   31.52500   25.11400  
H    23.58900   30.52200   26.24800  
H    25.00900   29.89100   25.35400  
S    22.87000   29.92300   24.10500  
C    22.71600   28.20600   24.64800  
H    23.55000   27.58900   24.30400  
H    22.51100   28.13700   25.72000  
H    21.84200   27.86600   24.08700  
O    23.47300   29.71700   22.75000  
C    24.97800   27.46000   29.21200  
H    23.89100   27.36700   29.15800  
H    25.42000   28.31700   28.69900  
H    25.43500   26.55300   28.80800  
S    25.38600   27.61300   30.96600  
C    25.21700   25.93100   31.60500  
H    24.30300   25.65000   31.07600  
H    26.11800   25.35900   31.36900  
H    25.12600   25.91300   32.69400  
O    24.27000   28.22400   31.75500  
C    30.48600   29.37400   32.40000  
H    31.03400   28.99600   31.53300  
H    30.55100   30.45800   32.51800  
H    30.91000   28.89600   33.28700  
S    28.73500   28.93100   32.33600  
C    28.97700   27.19200   31.90700  
H    29.41100   27.17100   30.90500  
H    29.60100   26.75400   32.69000  
H    28.03700   26.67000   31.71400  
O    28.30900   29.53000   31.03200  
C    31.99900   24.46500   32.23500  
H    31.77200   24.33300   31.17400  
H    32.10300   23.45500   32.64100  
H    31.14600   24.91900   32.74600  
S    33.43800   25.45600   32.69600  
C    32.80800   25.45700   34.39000  
H    32.67400   24.47400   34.85000  
H    33.46700   26.07100   35.00900  
H    31.86000   26.00000   34.41600  
O    33.09700   26.75200   32.02900  
C    27.48600   19.27300   20.31800  
H    26.43400   19.23100   20.02200  
H    28.05200   20.08900   19.86000  
H    27.87000   18.27100   20.11400  
S    27.45400   19.37400   22.12200  
C    29.22800   19.59900   22.37900  
H    29.36900   20.61500   22.00100  
H    29.41300   19.57600   23.45600  
H    29.75700   18.83800   21.80000  
O    27.24500   17.94000   22.49700  
C    35.27200   28.62900   30.18600  
H    36.16400   29.21800   30.41500  
H    34.64800   28.26200   31.00500  
H    35.56200   27.80900   29.52400  
S    34.22100   29.87400   29.40400  
C    32.77900   28.83800   29.06600  
H    32.99000   28.27500   28.15300  
H    32.52200   28.22700   29.93500  
H    32.02600   29.56400   28.74900  
O    34.76300   30.00700   28.01400  
C    31.66000   19.86700   26.39800  
H    31.45000   19.33000   25.46900  
H    30.78400   20.11500   27.00200  
H    32.21700   20.76400   26.11500  
S    32.77100   18.83600   27.38100  
C    34.15700   18.53300   26.26200  
H    34.75700   19.40300   25.98300  
H    34.72200   17.78400   26.82200  
H    33.65300   18.10600   25.39200  
O    32.13400   17.49700   27.59300  
C    29.54800   21.32200   31.52100  
H    28.72000   20.61700   31.62500  
H    30.10600   21.27400   32.46000  
H    29.22200   22.31500   31.20100  
S    30.70500   20.82600   30.22500  
C    31.09200   19.19300   30.89700  
H    31.99600   18.82500   30.40500  
H    31.30200   19.20400   31.96900  
H    30.30200   18.51100   30.57200  
O    31.93700   21.60400   30.56900  
C    27.67900   24.54600   19.21000  
H    26.62000   24.81500   19.23900  
H    28.17500   25.03700   20.05100  
H    27.96000   24.98100   18.24700  
S    27.92100   22.75900   19.31800  
C    26.82000   22.20100   17.99900  
H    26.80100   21.12300   18.17500  
H    25.83400   22.65500   18.12600  
H    27.21500   22.54600   17.03900  
O    27.05900   22.42300   20.49600  
C    27.53200   22.82200   34.02700  
H    26.46400   22.84000   34.26000  
H    27.75800   23.22300   33.03600  
H    27.96900   21.82100   33.98100  
S    28.54400   23.83500   35.13100  
C    27.54700   25.29200   34.74800  
H    26.46400   25.16300   34.82500  
H    27.94900   26.05300   35.42200  
H    27.72900   25.46700   33.68500  
O    29.83300   23.74400   34.37600  
C    23.20800   20.51100   26.47400  
H    23.69900   20.72000   27.42800  
H    23.63600   19.63700   25.97500  
H    23.27300   21.37700   25.81100  
S    21.46700   20.08100   26.69600  
C    20.71800   20.61400   25.14000  
H    20.84500   19.78600   24.43700  
H    19.62900   20.56500   25.22000  
H    21.16100   21.53100   24.74400  
O    20.99100   21.14200   27.63800  
C    33.74200   28.16300   25.27600  
H    33.92100   28.45400   24.23800  
H    32.94900   27.42700   25.43100  
H    33.45600   29.10900   25.74200  
S    35.24100   27.40400   25.94000  
C    36.46100   28.62100   25.39300  
H    36.13600   29.49100   25.97000  
H    37.47900   28.32500   25.65900  
H    36.42400   28.82600   24.32000  
O    35.42300   26.39500   24.84900  
C    18.56700   28.00700   26.67600  
H    19.25800   28.03000   27.52300  
H    18.40300   29.00500   26.26200  
H    17.64000   27.49600   26.95000  
S    19.27700   27.00200   25.35200  
C    17.80800   26.98500   24.30000  
H    17.51100   28.00300   24.03600  
H    18.10400   26.54100   23.34600  
H    17.02800   26.38900   24.78000  
O    19.26800   25.62500   25.93900  
C    29.92700   29.35400   25.72100  
H    29.80100   28.46500   25.09900  
H    30.21600   30.24300   25.15500  
H    30.68200   29.21700   26.50000  
S    28.30300   29.54200   26.49000  
C    28.52000   28.64600   28.04400  
H    29.28700   29.01400   28.72900  
H    27.57000   28.72100   28.58000  
H    28.83200   27.64400   27.73800  
O    27.46300   28.67800   25.60200  
C    29.14600   28.52300   21.60200  
H    29.79700   29.14800   20.98500  
H    29.27100   28.90500   22.61800  
H    29.38300   27.45900   21.52400  
S    27.45900   28.83600   21.03500  
C    26.53800   28.01400   22.35400  
H    25.48700   27.90400   22.07500  
H    26.86400   26.97200   22.40400  
H    26.70900   28.71400   23.17600  
O    27.39000   28.04900   19.76300  
C    35.17200   23.12300   22.94700  
H    34.19300   23.38700   22.53800  
H    35.87900   23.93600   22.76500  
H    35.52800   22.19800   22.48600  
S    34.75500   23.00700   24.70200  
C    36.14600   21.89100   24.99400  
H    37.04100   22.50200   25.13100  
H    35.92900   21.37500   25.93300  
H    36.17300   21.16600   24.17600  
O    33.58500   22.08700   24.54400  
C    22.12100   24.17600   26.69700  
H    21.19000   23.60400   26.71300  
H    21.92200   25.23300   26.89400  
H    22.60900   24.05900   25.72600  
S    23.34000   23.55100   27.87500  
C    22.13300   23.86700   29.18300  
H    22.74600   24.17300   30.03400  
H    21.55500   24.76900   28.96600  
H    21.53900   22.95300   29.26500  
O    24.20900   24.71400   28.23900  
C    23.77500   15.82800   23.11500  
H    22.80700   15.74000   23.61600  
H    23.64900   16.59300   22.34400  
H    24.13100   14.89300   22.67400  
S    24.99400   16.51000   24.26100  
C    25.32700   15.01600   25.22100  
H    25.72800   15.26100   26.20800  
H    24.32900   14.57000   25.19600  
H    25.99700   14.44000   24.57800  
O    24.16200   17.35300   25.17600  
C    30.21500   15.47200   22.17300  
H    29.84400   14.55500   22.63800  
H    29.40400   16.18300   21.99400  
H    30.84600   15.26900   21.30400  
S    31.32700   16.17700   23.41200  
C    30.22000   16.19000   24.84000  
H    30.68200   15.45700   25.50600  
H    30.38000   17.18100   25.27100  
H    29.15900   15.96600   24.70500  
O    31.54500   17.62000   23.08100  
C    23.37700   20.76400   19.91700  
H    24.25300   21.40500   20.04800  
H    23.60300   19.73400   19.63000  
H    22.72400   21.24200   19.18200  
S    22.48900   20.80000   21.49000  
C    23.00300   19.18000   22.10300  
H    22.33800   19.01700   22.95500  
H    22.87600   18.41300   21.33400  
H    24.03100   19.29800   22.45400  
O    21.01100   20.81500   21.25500  
C    26.27300   21.80300   29.33800  
H    26.95300   21.05600   29.75400  
H    26.21900   21.65400   28.25700  
H    26.64700   22.75500   29.72400  
S    24.63700   21.54000   30.05700  
C    25.10400   22.23300   31.65900  
H    24.91000   23.30000   31.79500  
H    24.46500   21.83300   32.45000  
H    26.15400   21.96800   31.81200  
O    24.54900   20.09400   30.43500  
C    23.24100   26.34500   19.56300  
H    22.83200   27.10000   20.23900  
H    24.33200   26.33200   19.51400  
H    22.65300   26.32400   18.64100  
S    23.06600   24.74800   20.39100  
C    24.58600   24.67900   21.36600  
H    25.33500   24.37100   20.63200  
H    24.85800   25.68100   21.70900  
H    24.41800   24.04800   22.24200  
O    23.35300   23.88000   19.20700  
C    31.04700   23.45600   23.07100  
H    29.98900   23.68400   23.22300  
H    31.36600   22.52600   22.59500  
H    31.38200   23.35800   24.10700  
S    31.79900   24.91800   22.32000  
C    31.55900   25.97600   23.76500  
H    31.65000   27.05200   23.60100  
H    30.57000   25.80900   24.20000  
H    32.29300   25.67800   24.51800  
O    30.78600   25.43800   21.34800  
C    28.04700   18.22900   26.01200  
H    28.86400   18.73700   25.49200  
H    27.84600   17.21500   25.65700  
H    27.14400   18.83600   25.90700  
S    28.44600   18.29600   27.77300  
C    26.90900   17.60500   28.42500  
H    26.66800   16.63600   27.98000  
H    26.98300   17.44900   29.50500  
H    26.15400   18.33900   28.13400  
O    28.38800   19.70400   28.27800  
C    33.47900   23.12700   27.64500  
H    33.10100   22.70200   26.71200  
H    34.48400   22.72500   27.79600  
H    32.81300   22.84600   28.46500  
S    33.45300   24.90800   27.33900  
C    33.79000   25.51100   29.00900  
H    33.08200   25.09800   29.73200  
H    34.82500   25.19600   29.16600  
H    33.83000   26.60300   28.99100  
O    32.03600   25.26800   27.01700  
$end

$rem
JOBTYPE  SP
METHOD  B3LYP
BASIS  6-31+G(D)
SYMMETRY  FALSE
SYM_IGNORE  TRUE
MEM_TOTAL  16000
MEM_STATIC  8000
MAX_SUB_FILE_NUM  16000
BASIS_LIN_DEP_THRESH  6
THRESH  14
SCF_CONVERGENCE  8
GEN_SCFMAN  TRUE
SCF_GUESS  FRAGMO
FD_MAT_VEC_PROD  FALSE
XC_GRID  000075000302
NL_GRID  1
MAX_SCF_CYCLES  200
FRGM_METHOD  STOLL
SCFMI_MODE  1
$end

$development
almo_efield  1
$end

$rem_frgm
SCF_CONVERGENCE  4
$end

@@@

$molecule
0 1
@C    28.15000   22.90200   26.07900  
@C    27.93100   24.17600   26.91000  
@C    27.33200   25.19400   25.92700  
@C    26.06300   24.66700   25.23600  
@C    26.29200   23.35700   24.46400  
@C    26.94800   22.28300   25.34700  
@H    27.13500   26.17900   26.36900  
@H    27.20200   23.98800   27.70800  
@H    28.94200   23.20800   25.38400  
@H    28.60700   22.19000   26.77800  
@H    25.32300   24.48300   26.02500  
@H    25.71200   25.41800   24.51800  
@H    25.36600   22.97600   24.01700  
@H    26.96700   23.72800   23.68300  
@H    26.27900   21.84800   26.10000  
@H    27.39700   21.47200   24.76100  
@H    28.05100   25.38000   25.11900  
@N    29.12500   24.58400   27.64900  
@H    30.01900   24.71200   27.19000  
@C    29.28800   24.78900   29.00300  
@H    30.32700   24.99800   29.31600  
@O    28.38300   24.72700   29.81600  
C    24.10700   30.50500   25.28600  
H    24.45900   31.52500   25.11400  
H    23.58900   30.52200   26.24800  
H    25.00900   29.89100   25.35400  
S    22.87000   29.92300   24.10500  
C    22.71600   28.20600   24.64800  
H    23.55000   27.58900   24.30400  
H    22.51100   28.13700   25.72000  
H    21.84200   27.86600   24.08700  
O    23.47300   29.71700   22.75000  
C    24.97800   27.46000   29.21200  
H    23.89100   27.36700   29.15800  
H    25.42000   28.31700   28.69900  
H    25.43500   26.55300   28.80800  
S    25.38600   27.61300   30.96600  
C    25.21700   25.93100   31.60500  
H    24.30300   25.65000   31.07600  
H    26.11800   25.35900   31.36900  
H    25.12600   25.91300   32.69400  
O    24.27000   28.22400   31.75500  
C    30.48600   29.37400   32.40000  
H    31.03400   28.99600   31.53300  
H    30.55100   30.45800   32.51800  
H    30.91000   28.89600   33.28700  
S    28.73500   28.93100   32.33600  
C    28.97700   27.19200   31.90700  
H    29.41100   27.17100   30.90500  
H    29.60100   26.75400   32.69000  
H    28.03700   26.67000   31.71400  
O    28.30900   29.53000   31.03200  
C    31.99900   24.46500   32.23500  
H    31.77200   24.33300   31.17400  
H    32.10300   23.45500   32.64100  
H    31.14600   24.91900   32.74600  
S    33.43800   25.45600   32.69600  
C    32.80800   25.45700   34.39000  
H    32.67400   24.47400   34.85000  
H    33.46700   26.07100   35.00900  
H    31.86000   26.00000   34.41600  
O    33.09700   26.75200   32.02900  
C    27.48600   19.27300   20.31800  
H    26.43400   19.23100   20.02200  
H    28.05200   20.08900   19.86000  
H    27.87000   18.27100   20.11400  
S    27.45400   19.37400   22.12200  
C    29.22800   19.59900   22.37900  
H    29.36900   20.61500   22.00100  
H    29.41300   19.57600   23.45600  
H    29.75700   18.83800   21.80000  
O    27.24500   17.94000   22.49700  
C    35.27200   28.62900   30.18600  
H    36.16400   29.21800   30.41500  
H    34.64800   28.26200   31.00500  
H    35.56200   27.80900   29.52400  
S    34.22100   29.87400   29.40400  
C    32.77900   28.83800   29.06600  
H    32.99000   28.27500   28.15300  
H    32.52200   28.22700   29.93500  
H    32.02600   29.56400   28.74900  
O    34.76300   30.00700   28.01400  
C    31.66000   19.86700   26.39800  
H    31.45000   19.33000   25.46900  
H    30.78400   20.11500   27.00200  
H    32.21700   20.76400   26.11500  
S    32.77100   18.83600   27.38100  
C    34.15700   18.53300   26.26200  
H    34.75700   19.40300   25.98300  
H    34.72200   17.78400   26.82200  
H    33.65300   18.10600   25.39200  
O    32.13400   17.49700   27.59300  
C    29.54800   21.32200   31.52100  
H    28.72000   20.61700   31.62500  
H    30.10600   21.27400   32.46000  
H    29.22200   22.31500   31.20100  
S    30.70500   20.82600   30.22500  
C    31.09200   19.19300   30.89700  
H    31.99600   18.82500   30.40500  
H    31.30200   19.20400   31.96900  
H    30.30200   18.51100   30.57200  
O    31.93700   21.60400   30.56900  
C    27.67900   24.54600   19.21000  
H    26.62000   24.81500   19.23900  
H    28.17500   25.03700   20.05100  
H    27.96000   24.98100   18.24700  
S    27.92100   22.75900   19.31800  
C    26.82000   22.20100   17.99900  
H    26.80100   21.12300   18.17500  
H    25.83400   22.65500   18.12600  
H    27.21500   22.54600   17.03900  
O    27.05900   22.42300   20.49600  
C    27.53200   22.82200   34.02700  
H    26.46400   22.84000   34.26000  
H    27.75800   23.22300   33.03600  
H    27.96900   21.82100   33.98100  
S    28.54400   23.83500   35.13100  
C    27.54700   25.29200   34.74800  
H    26.46400   25.16300   34.82500  
H    27.94900   26.05300   35.42200  
H    27.72900   25.46700   33.68500  
O    29.83300   23.74400   34.37600  
C    23.20800   20.51100   26.47400  
H    23.69900   20.72000   27.42800  
H    23.63600   19.63700   25.97500  
H    23.27300   21.37700   25.81100  
S    21.46700   20.08100   26.69600  
C    20.71800   20.61400   25.14000  
H    20.84500   19.78600   24.43700  
H    19.62900   20.56500   25.22000  
H    21.16100   21.53100   24.74400  
O    20.99100   21.14200   27.63800  
C    33.74200   28.16300   25.27600  
H    33.92100   28.45400   24.23800  
H    32.94900   27.42700   25.43100  
H    33.45600   29.10900   25.74200  
S    35.24100   27.40400   25.94000  
C    36.46100   28.62100   25.39300  
H    36.13600   29.49100   25.97000  
H    37.47900   28.32500   25.65900  
H    36.42400   28.82600   24.32000  
O    35.42300   26.39500   24.84900  
C    18.56700   28.00700   26.67600  
H    19.25800   28.03000   27.52300  
H    18.40300   29.00500   26.26200  
H    17.64000   27.49600   26.95000  
S    19.27700   27.00200   25.35200  
C    17.80800   26.98500   24.30000  
H    17.51100   28.00300   24.03600  
H    18.10400   26.54100   23.34600  
H    17.02800   26.38900   24.78000  
O    19.26800   25.62500   25.93900  
C    29.92700   29.35400   25.72100  
H    29.80100   28.46500   25.09900  
H    30.21600   30.24300   25.15500  
H    30.68200   29.21700   26.50000  
S    28.30300   29.54200   26.49000  
C    28.52000   28.64600   28.04400  
H    29.28700   29.01400   28.72900  
H    27.57000   28.72100   28.58000  
H    28.83200   27.64400   27.73800  
O    27.46300   28.67800   25.60200  
C    29.14600   28.52300   21.60200  
H    29.79700   29.14800   20.98500  
H    29.27100   28.90500   22.61800  
H    29.38300   27.45900   21.52400  
S    27.45900   28.83600   21.03500  
C    26.53800   28.01400   22.35400  
H    25.48700   27.90400   22.07500  
H    26.86400   26.97200   22.40400  
H    26.70900   28.71400   23.17600  
O    27.39000   28.04900   19.76300  
C    35.17200   23.12300   22.94700  
H    34.19300   23.38700   22.53800  
H    35.87900   23.93600   22.76500  
H    35.52800   22.19800   22.48600  
S    34.75500   23.00700   24.70200  
C    36.14600   21.89100   24.99400  
H    37.04100   22.50200   25.13100  
H    35.92900   21.37500   25.93300  
H    36.17300   21.16600   24.17600  
O    33.58500   22.08700   24.54400  
C    22.12100   24.17600   26.69700  
H    21.19000   23.60400   26.71300  
H    21.92200   25.23300   26.89400  
H    22.60900   24.05900   25.72600  
S    23.34000   23.55100   27.87500  
C    22.13300   23.86700   29.18300  
H    22.74600   24.17300   30.03400  
H    21.55500   24.76900   28.96600  
H    21.53900   22.95300   29.26500  
O    24.20900   24.71400   28.23900  
C    23.77500   15.82800   23.11500  
H    22.80700   15.74000   23.61600  
H    23.64900   16.59300   22.34400  
H    24.13100   14.89300   22.67400  
S    24.99400   16.51000   24.26100  
C    25.32700   15.01600   25.22100  
H    25.72800   15.26100   26.20800  
H    24.32900   14.57000   25.19600  
H    25.99700   14.44000   24.57800  
O    24.16200   17.35300   25.17600  
C    30.21500   15.47200   22.17300  
H    29.84400   14.55500   22.63800  
H    29.40400   16.18300   21.99400  
H    30.84600   15.26900   21.30400  
S    31.32700   16.17700   23.41200  
C    30.22000   16.19000   24.84000  
H    30.68200   15.45700   25.50600  
H    30.38000   17.18100   25.27100  
H    29.15900   15.96600   24.70500  
O    31.54500   17.62000   23.08100  
C    23.37700   20.76400   19.91700  
H    24.25300   21.40500   20.04800  
H    23.60300   19.73400   19.63000  
H    22.72400   21.24200   19.18200  
S    22.48900   20.80000   21.49000  
C    23.00300   19.18000   22.10300  
H    22.33800   19.01700   22.95500  
H    22.87600   18.41300   21.33400  
H    24.03100   19.29800   22.45400  
O    21.01100   20.81500   21.25500  
C    26.27300   21.80300   29.33800  
H    26.95300   21.05600   29.75400  
H    26.21900   21.65400   28.25700  
H    26.64700   22.75500   29.72400  
S    24.63700   21.54000   30.05700  
C    25.10400   22.23300   31.65900  
H    24.91000   23.30000   31.79500  
H    24.46500   21.83300   32.45000  
H    26.15400   21.96800   31.81200  
O    24.54900   20.09400   30.43500  
C    23.24100   26.34500   19.56300  
H    22.83200   27.10000   20.23900  
H    24.33200   26.33200   19.51400  
H    22.65300   26.32400   18.64100  
S    23.06600   24.74800   20.39100  
C    24.58600   24.67900   21.36600  
H    25.33500   24.37100   20.63200  
H    24.85800   25.68100   21.70900  
H    24.41800   24.04800   22.24200  
O    23.35300   23.88000   19.20700  
C    31.04700   23.45600   23.07100  
H    29.98900   23.68400   23.22300  
H    31.36600   22.52600   22.59500  
H    31.38200   23.35800   24.10700  
S    31.79900   24.91800   22.32000  
C    31.55900   25.97600   23.76500  
H    31.65000   27.05200   23.60100  
H    30.57000   25.80900   24.20000  
H    32.29300   25.67800   24.51800  
O    30.78600   25.43800   21.34800  
C    28.04700   18.22900   26.01200  
H    28.86400   18.73700   25.49200  
H    27.84600   17.21500   25.65700  
H    27.14400   18.83600   25.90700  
S    28.44600   18.29600   27.77300  
C    26.90900   17.60500   28.42500  
H    26.66800   16.63600   27.98000  
H    26.98300   17.44900   29.50500  
H    26.15400   18.33900   28.13400  
O    28.38800   19.70400   28.27800  
C    33.47900   23.12700   27.64500  
H    33.10100   22.70200   26.71200  
H    34.48400   22.72500   27.79600  
H    32.81300   22.84600   28.46500  
S    33.45300   24.90800   27.33900  
C    33.79000   25.51100   29.00900  
H    33.08200   25.09800   29.73200  
H    34.82500   25.19600   29.16600  
H    33.83000   26.60300   28.99100  
O    32.03600   25.26800   27.01700  
$end

$rem
JOBTYPE  SP
METHOD  B3LYP
BASIS  6-31+G(D)
SYMMETRY  FALSE
SYM_IGNORE  TRUE
MEM_TOTAL  16000
MEM_STATIC  8000
MAX_SUB_FILE_NUM  16000
BASIS_LIN_DEP_THRESH  6
THRESH  14
SCF_CONVERGENCE  8
GEN_SCFMAN  FALSE
SCF_GUESS  READ_DEN
FD_MAT_VEC_PROD  FALSE
XC_GRID  000075000302
NL_GRID  1
MAX_SCF_CYCLES  200
SKIP_SCFMAN  TRUE
ESP_GRID  0
ESP_EFIELD  1
$end

$development
almo_efield  1
$end

