$molecule
0 1
--
0 1
C    24.70500   15.45900   28.62200  
C    25.60800   15.93500   27.47300  
C    25.56100   17.47200   27.50900  
C    25.89100   18.04000   28.89900  
C    25.21400   17.38100   30.11200  
C    25.16000   15.84600   30.03900  
H    26.16200   17.89100   26.69300  
H    26.61200   15.56800   27.71600  
H    23.67000   15.77400   28.44600  
H    24.73800   14.36300   28.57900  
H    26.94500   17.78600   29.06200  
H    25.80600   19.13200   28.84000  
H    25.76900   17.76200   30.97700  
H    24.18100   17.73900   30.20600  
H    26.12800   15.44700   30.36500  
H    24.44000   15.48100   30.78200  
H    24.53500   17.78900   27.28100  
N    25.33500   15.33100   26.16900  
H    24.86400   15.90300   25.47900  
C    25.86600   14.13900   25.72600  
H    25.61600   13.94900   24.66700  
O    26.66500   13.45300   26.34000  
--
0 1
C    19.91100   19.09100   29.95400  
H    19.19600   18.68700   30.67600  
H    20.79200   18.45000   29.86700  
H    20.18400   20.10000   30.27200  
S    18.97200   19.30200   28.42500  
C    20.32800   20.16200   27.59700  
H    20.47200   21.06100   28.20200  
H    21.21600   19.52500   27.62500  
H    20.16700   20.51200   26.57400  
O    18.00000   20.40100   28.72300  
C    21.72800   19.11300   24.60100  
H    22.50600   19.79300   24.95600  
H    21.23700   18.72300   25.49700  
H    22.23600   18.25900   24.14600  
S    20.59200   19.99300   23.50500  
C    21.92100   20.55100   22.41500  
H    22.72800   21.02600   22.98000  
H    22.18500   19.77600   21.69100  
H    21.41600   21.34100   21.85400  
O    20.18500   21.12600   24.39500  
C    29.16700   17.02900   31.45000  
H    28.66100   17.75800   32.08800  
H    29.25500   17.36600   30.41400  
H    28.63100   16.08300   31.55700  
S    30.86500   16.70100   31.97300  
C    30.52900   16.67700   33.74900  
H    30.00500   17.59200   34.03600  
H    30.00200   15.77600   34.07100  
H    31.43600   16.56800   34.35000  
O    31.52100   18.00900   31.65400  
C    23.03100   23.42300   36.35300  
H    23.57200   22.94100   37.17100  
H    23.37700   24.44800   36.19800  
H    21.95500   23.42200   36.54700  
S    23.27600   22.47800   34.83200  
C    25.07100   22.65200   34.94300  
H    25.37200   22.19000   33.99900  
H    25.45100   23.67000   34.82900  
H    25.55400   22.13000   35.77300  
O    22.85600   23.42900   33.75500  
C    27.56800   9.83000    27.74100  
H    27.48400   9.32200    28.70500  
H    26.91000   10.70000   27.67000  
H    27.42200   9.06800    26.97100  
S    29.19400   10.61500   27.67200  
C    29.20100   10.48000   25.87000  
H    30.17500   10.90800   25.62000  
H    29.12900   9.42500    25.59500  
H    28.42300   11.19200   25.58200  
O    30.18500   9.56500    28.06700  
C    24.15000   19.55000   36.85300  
H    23.75100   18.53400   36.90700  
H    23.59300   20.25500   37.47600  
H    24.16400   19.93300   35.82900  
S    25.86700   19.40900   37.39600  
C    25.50900   18.10200   38.59100  
H    25.41000   17.15100   38.06000  
H    26.27100   18.15700   39.37300  
H    24.62300   18.36900   39.17300  
O    26.18000   20.70400   38.07700  
C    23.18300   12.89900   35.53900  
H    24.17900   12.60500   35.19700  
H    23.10200   13.95600   35.80700  
H    23.05800   12.33500   36.46600  
S    21.81100   12.33300   34.50900  
C    22.38400   13.44400   33.20400  
H    23.03700   14.16900   33.69600  
H    22.95100   12.86300   32.47100  
H    21.48800   13.84800   32.72600  
O    20.64400   13.10600   35.03900  
C    31.41400   13.96700   22.57000  
H    30.79600   14.39200   21.77500  
H    31.87400   14.68900   23.25000  
H    32.32800   13.56300   22.12600  
S    30.44200   12.86000   23.61600  
C    29.42300   14.07300   24.48500  
H    28.61900   14.41000   23.82500  
H    29.04000   13.65600   25.41900  
H    30.08400   14.89700   24.76300  
O    31.47500   12.53300   24.64800  
C    26.96300   19.90600   32.74100  
H    27.64800   19.42700   32.03600  
H    26.32700   19.08600   33.08300  
H    26.53100   20.83800   32.36800  
S    28.04700   20.30300   34.13100  
C    29.46000   20.90500   33.18000  
H    30.04900   21.68400   33.67200  
H    30.15100   20.11600   32.87200  
H    28.98600   21.38900   32.32200  
O    28.42700   19.01000   34.78300  
C    28.71500   22.63200   24.18300  
H    28.40000   21.71300   24.68500  
H    29.80400   22.71300   24.13200  
H    28.33000   23.58100   24.56300  
S    28.13700   22.66700   22.47100  
C    27.48900   20.98100   22.43900  
H    26.61300   20.85500   23.07900  
H    27.10300   20.68400   21.46000  
H    28.23700   20.24700   22.75100  
O    29.41500   22.53800   21.70000  
C    20.40100   18.67500   33.27300  
H    20.27900   19.03100   34.29900  
H    20.30700   19.50500   32.56800  
H    19.61500   17.95900   33.02400  
S    22.14200   18.24600   33.04900  
C    22.21500   17.16300   34.49300  
H    23.19300   16.67700   34.54000  
H    22.27100   17.90200   35.29800  
H    21.33800   16.51800   34.58500  
O    22.89500   19.47600   33.45300  
C    30.72000   12.67200   30.23100  
H    31.19900   13.43200   30.85300  
H    30.94300   11.72300   30.72600  
H    31.16600   12.60200   29.23600  
S    28.94700   13.02000   30.18100  
C    29.13600   14.47500   29.12700  
H    28.21100   15.04000   29.27300  
H    29.98200   15.06300   29.49100  
H    29.24800   14.15900   28.08700  
O    28.74700   13.50500   31.58300  
C    24.83100   14.41700   20.99400  
H    25.79300   14.93400   21.04400  
H    24.35200   14.49000   21.97300  
H    24.93500   13.38600   20.64700  
S    23.79200   15.33200   19.83300  
C    22.75500   14.06800   19.06300  
H    22.39500   14.56600   18.15900  
H    23.42900   13.23800   18.83700  
H    22.10000   13.64000   19.82600  
O    24.72300   15.73300   18.73100  
C    23.45100   24.24200   30.13400  
H    22.75300   24.37900   29.30400  
H    23.10200   24.73700   31.04400  
H    24.51000   24.33100   29.87500  
S    22.99400   22.52900   30.48000  
C    24.43000   21.92300   31.39400  
H    25.19000   21.57100   30.69100  
H    24.80400   22.67600   32.09300  
H    24.08200   21.04800   31.94800  
O    23.01600   21.84100   29.15000  
C    27.54000   25.43600   30.83500  
H    27.41400   24.86600   29.91100  
H    26.55500   25.86500   31.03500  
H    28.27200   26.23800   30.70800  
S    27.82600   24.24100   32.16000  
C    29.61000   24.07000   31.92700  
H    29.87800   23.45000   31.06800  
H    30.13900   25.02300   31.85000  
H    29.97200   23.66600   32.87600  
O    27.07700   22.99500   31.80200  
C    32.10900   18.60700   22.09300  
H    32.55000   17.78600   22.66400  
H    32.14800   18.43800   21.01400  
H    32.54200   19.58900   22.30100  
S    30.32200   18.54100   22.35400  
C    30.47500   19.09800   24.06700  
H    31.49500   18.84900   24.37100  
H    30.29400   20.16900   24.18800  
H    29.73000   18.56800   24.66500  
O    30.05300   17.07300   22.47000  
C    16.23200   15.17600   32.36500  
H    16.17000   16.15400   32.85000  
H    15.46300   15.23600   31.59100  
H    15.89000   14.37800   33.03000  
S    17.93300   14.91400   31.81400  
C    18.56100   15.19200   33.48500  
H    18.82800   14.31400   34.08000  
H    19.47000   15.78000   33.33000  
H    17.85100   15.79600   34.05500  
O    18.28600   16.25400   31.24700  
C    24.78500   17.87000   22.21400  
H    24.65800   16.82300   21.92500  
H    23.86800   18.44100   22.04600  
H    25.55300   18.33300   21.59100  
S    25.48200   18.04400   23.87200  
C    26.80200   16.84000   23.60100  
H    26.41800   15.99700   23.02100  
H    27.49100   17.30300   22.89100  
H    27.27800   16.62200   24.56000  
O    24.45500   17.42600   24.76900  
C    25.00100   20.91600   26.45000  
H    24.90000   21.06500   27.52900  
H    24.26200   20.20100   26.08000  
H    25.99700   20.55200   26.18700  
S    24.76600   22.43000   25.49200  
C    23.08700   22.75800   26.07500  
H    22.81300   23.50400   25.32400  
H    22.35400   21.95300   25.97800  
H    23.06700   23.18400   27.08100  
O    24.61700   21.89500   24.10200  
C    20.96200   15.50200   29.53600  
H    20.00200   15.29000   30.01500  
H    21.68200   15.93500   30.23400  
H    20.65600   16.15400   28.71300  
S    21.48900   13.88900   28.91500  
C    19.90800   13.16200   28.42800  
H    19.98200   12.08600   28.60300  
H    19.14600   13.47100   29.14800  
H    19.64600   13.30300   27.37600  
O    21.89900   13.01900   30.06200  
C    22.60900   11.20800   21.66000  
H    23.61400   11.38900   22.04800  
H    22.26600   12.03400   21.03300  
H    21.84200   11.04300   22.42100  
S    22.57700   9.74500    20.60000  
C    23.03300   8.69600    21.99900  
H    22.31700   8.84600    22.81100  
H    23.08800   7.65500    21.67000  
H    24.04500   8.82100    22.39300  
O    23.89400   9.93400    19.91400  
C    26.11100   15.40500   33.49600  
H    27.04100   15.07700   33.02500  
H    25.37500   14.59800   33.52600  
H    25.71700   16.20600   32.86600  
S    26.41000   16.03200   35.16400  
C    27.48100   14.63700   35.57800  
H    28.37700   14.83900   34.98600  
H    27.76300   14.79300   36.62300  
H    26.87800   13.73500   35.45100  
O    25.16100   15.78400   35.95000  
C    28.12300   21.83900   28.15400  
H    27.03600   21.93500   28.09600  
H    28.56500   22.52800   28.87900  
H    28.65400   22.08000   27.22900  
S    28.44900   20.08200   28.41800  
C    30.24600   20.10700   28.61100  
H    30.57700   19.07700   28.45400  
H    30.66200   20.77300   27.85100  
H    30.49500   20.63600   29.53400  
O    28.17700   19.42600   27.10100  
C    24.60500   11.01600   31.07700  
H    24.32600   9.97900    31.28100  
H    23.73500   11.65500   31.24300  
H    24.87600   11.10000   30.02200  
S    26.00500   11.73200   31.96800  
C    26.98700   10.23000   31.75500  
H    28.02600   10.43000   32.02900  
H    26.56600   9.50300    32.45400  
H    26.97400   9.89500    30.71400  
O    25.62700   11.88200   33.40900  
C    24.06700   9.91900    27.10400  
H    23.19300   9.28000    26.95400  
H    24.96100   9.34700    27.36400  
H    23.93200   10.78200   27.76100  
S    23.98500   10.69000   25.47200  
C    22.24100   11.14700   25.59700  
H    21.86500   11.64200   24.69800  
H    21.56500   10.30500   25.76600  
H    22.14000   11.92700   26.35500  
O    23.88100   9.43400    24.66400  
C    34.76500   15.90300   26.42600  
H    35.33600   15.12400   26.93700  
H    34.70900   15.70300   25.35300  
H    35.19100   16.89600   26.58900  
S    33.16600   15.91400   27.26800  
C    32.52500   14.42100   26.47700  
H    31.44900   14.59300   26.39600  
H    32.83900   14.35100   25.43300  
H    32.87700   13.59800   27.10400  
O    32.31000   17.03700   26.77100  
C    27.05200   8.25500    22.29200  
H    27.46100   7.24200    22.31200  
H    26.18300   8.46000    22.92100  
H    26.86900   8.43100    21.22900  
S    28.30300   9.48600    22.72200  
C    27.04300   10.72200   23.11300  
H    26.51100   10.48700   24.03800  
H    27.54800   11.69100   23.14000  
H    26.36000   10.81400   22.26400  
O    28.74500   10.08900   21.42600  
C    21.58600   15.22000   25.38800  
H    22.40900   15.48500   26.05500  
H    20.93200   16.07500   25.20000  
H    21.03100   14.35300   25.75500  
S    22.34900   14.79300   23.80600  
C    20.85700   14.02100   23.14100  
H    21.07300   13.52400   22.19200  
H    20.43300   13.32800   23.87200  
H    20.08700   14.78200   22.99300  
O    23.30300   13.65400   23.98600  
$end

$rem
JOBTYPE  SP
METHOD  B3LYP
BASIS  6-31+G(D)
SYMMETRY  FALSE
SYM_IGNORE  TRUE
MEM_TOTAL  16000
MEM_STATIC  8000
MAX_SUB_FILE_NUM  16000
BASIS_LIN_DEP_THRESH  6
THRESH  14
SCF_CONVERGENCE  8
GEN_SCFMAN  TRUE
SCF_GUESS  FRAGMO
FD_MAT_VEC_PROD  FALSE
XC_GRID  000075000302
NL_GRID  1
MAX_SCF_CYCLES  200
FRGM_METHOD  STOLL
SCFMI_MODE  1
$end

$development
almo_efield  1
$end

$rem_frgm
SCF_CONVERGENCE  4
$end

@@@

$molecule
0 1
@C    24.70500   15.45900   28.62200  
@C    25.60800   15.93500   27.47300  
@C    25.56100   17.47200   27.50900  
@C    25.89100   18.04000   28.89900  
@C    25.21400   17.38100   30.11200  
@C    25.16000   15.84600   30.03900  
@H    26.16200   17.89100   26.69300  
@H    26.61200   15.56800   27.71600  
@H    23.67000   15.77400   28.44600  
@H    24.73800   14.36300   28.57900  
@H    26.94500   17.78600   29.06200  
@H    25.80600   19.13200   28.84000  
@H    25.76900   17.76200   30.97700  
@H    24.18100   17.73900   30.20600  
@H    26.12800   15.44700   30.36500  
@H    24.44000   15.48100   30.78200  
@H    24.53500   17.78900   27.28100  
@N    25.33500   15.33100   26.16900  
@H    24.86400   15.90300   25.47900  
@C    25.86600   14.13900   25.72600  
@H    25.61600   13.94900   24.66700  
@O    26.66500   13.45300   26.34000  
C    19.91100   19.09100   29.95400  
H    19.19600   18.68700   30.67600  
H    20.79200   18.45000   29.86700  
H    20.18400   20.10000   30.27200  
S    18.97200   19.30200   28.42500  
C    20.32800   20.16200   27.59700  
H    20.47200   21.06100   28.20200  
H    21.21600   19.52500   27.62500  
H    20.16700   20.51200   26.57400  
O    18.00000   20.40100   28.72300  
C    21.72800   19.11300   24.60100  
H    22.50600   19.79300   24.95600  
H    21.23700   18.72300   25.49700  
H    22.23600   18.25900   24.14600  
S    20.59200   19.99300   23.50500  
C    21.92100   20.55100   22.41500  
H    22.72800   21.02600   22.98000  
H    22.18500   19.77600   21.69100  
H    21.41600   21.34100   21.85400  
O    20.18500   21.12600   24.39500  
C    29.16700   17.02900   31.45000  
H    28.66100   17.75800   32.08800  
H    29.25500   17.36600   30.41400  
H    28.63100   16.08300   31.55700  
S    30.86500   16.70100   31.97300  
C    30.52900   16.67700   33.74900  
H    30.00500   17.59200   34.03600  
H    30.00200   15.77600   34.07100  
H    31.43600   16.56800   34.35000  
O    31.52100   18.00900   31.65400  
C    23.03100   23.42300   36.35300  
H    23.57200   22.94100   37.17100  
H    23.37700   24.44800   36.19800  
H    21.95500   23.42200   36.54700  
S    23.27600   22.47800   34.83200  
C    25.07100   22.65200   34.94300  
H    25.37200   22.19000   33.99900  
H    25.45100   23.67000   34.82900  
H    25.55400   22.13000   35.77300  
O    22.85600   23.42900   33.75500  
C    27.56800   9.83000    27.74100  
H    27.48400   9.32200    28.70500  
H    26.91000   10.70000   27.67000  
H    27.42200   9.06800    26.97100  
S    29.19400   10.61500   27.67200  
C    29.20100   10.48000   25.87000  
H    30.17500   10.90800   25.62000  
H    29.12900   9.42500    25.59500  
H    28.42300   11.19200   25.58200  
O    30.18500   9.56500    28.06700  
C    24.15000   19.55000   36.85300  
H    23.75100   18.53400   36.90700  
H    23.59300   20.25500   37.47600  
H    24.16400   19.93300   35.82900  
S    25.86700   19.40900   37.39600  
C    25.50900   18.10200   38.59100  
H    25.41000   17.15100   38.06000  
H    26.27100   18.15700   39.37300  
H    24.62300   18.36900   39.17300  
O    26.18000   20.70400   38.07700  
C    23.18300   12.89900   35.53900  
H    24.17900   12.60500   35.19700  
H    23.10200   13.95600   35.80700  
H    23.05800   12.33500   36.46600  
S    21.81100   12.33300   34.50900  
C    22.38400   13.44400   33.20400  
H    23.03700   14.16900   33.69600  
H    22.95100   12.86300   32.47100  
H    21.48800   13.84800   32.72600  
O    20.64400   13.10600   35.03900  
C    31.41400   13.96700   22.57000  
H    30.79600   14.39200   21.77500  
H    31.87400   14.68900   23.25000  
H    32.32800   13.56300   22.12600  
S    30.44200   12.86000   23.61600  
C    29.42300   14.07300   24.48500  
H    28.61900   14.41000   23.82500  
H    29.04000   13.65600   25.41900  
H    30.08400   14.89700   24.76300  
O    31.47500   12.53300   24.64800  
C    26.96300   19.90600   32.74100  
H    27.64800   19.42700   32.03600  
H    26.32700   19.08600   33.08300  
H    26.53100   20.83800   32.36800  
S    28.04700   20.30300   34.13100  
C    29.46000   20.90500   33.18000  
H    30.04900   21.68400   33.67200  
H    30.15100   20.11600   32.87200  
H    28.98600   21.38900   32.32200  
O    28.42700   19.01000   34.78300  
C    28.71500   22.63200   24.18300  
H    28.40000   21.71300   24.68500  
H    29.80400   22.71300   24.13200  
H    28.33000   23.58100   24.56300  
S    28.13700   22.66700   22.47100  
C    27.48900   20.98100   22.43900  
H    26.61300   20.85500   23.07900  
H    27.10300   20.68400   21.46000  
H    28.23700   20.24700   22.75100  
O    29.41500   22.53800   21.70000  
C    20.40100   18.67500   33.27300  
H    20.27900   19.03100   34.29900  
H    20.30700   19.50500   32.56800  
H    19.61500   17.95900   33.02400  
S    22.14200   18.24600   33.04900  
C    22.21500   17.16300   34.49300  
H    23.19300   16.67700   34.54000  
H    22.27100   17.90200   35.29800  
H    21.33800   16.51800   34.58500  
O    22.89500   19.47600   33.45300  
C    30.72000   12.67200   30.23100  
H    31.19900   13.43200   30.85300  
H    30.94300   11.72300   30.72600  
H    31.16600   12.60200   29.23600  
S    28.94700   13.02000   30.18100  
C    29.13600   14.47500   29.12700  
H    28.21100   15.04000   29.27300  
H    29.98200   15.06300   29.49100  
H    29.24800   14.15900   28.08700  
O    28.74700   13.50500   31.58300  
C    24.83100   14.41700   20.99400  
H    25.79300   14.93400   21.04400  
H    24.35200   14.49000   21.97300  
H    24.93500   13.38600   20.64700  
S    23.79200   15.33200   19.83300  
C    22.75500   14.06800   19.06300  
H    22.39500   14.56600   18.15900  
H    23.42900   13.23800   18.83700  
H    22.10000   13.64000   19.82600  
O    24.72300   15.73300   18.73100  
C    23.45100   24.24200   30.13400  
H    22.75300   24.37900   29.30400  
H    23.10200   24.73700   31.04400  
H    24.51000   24.33100   29.87500  
S    22.99400   22.52900   30.48000  
C    24.43000   21.92300   31.39400  
H    25.19000   21.57100   30.69100  
H    24.80400   22.67600   32.09300  
H    24.08200   21.04800   31.94800  
O    23.01600   21.84100   29.15000  
C    27.54000   25.43600   30.83500  
H    27.41400   24.86600   29.91100  
H    26.55500   25.86500   31.03500  
H    28.27200   26.23800   30.70800  
S    27.82600   24.24100   32.16000  
C    29.61000   24.07000   31.92700  
H    29.87800   23.45000   31.06800  
H    30.13900   25.02300   31.85000  
H    29.97200   23.66600   32.87600  
O    27.07700   22.99500   31.80200  
C    32.10900   18.60700   22.09300  
H    32.55000   17.78600   22.66400  
H    32.14800   18.43800   21.01400  
H    32.54200   19.58900   22.30100  
S    30.32200   18.54100   22.35400  
C    30.47500   19.09800   24.06700  
H    31.49500   18.84900   24.37100  
H    30.29400   20.16900   24.18800  
H    29.73000   18.56800   24.66500  
O    30.05300   17.07300   22.47000  
C    16.23200   15.17600   32.36500  
H    16.17000   16.15400   32.85000  
H    15.46300   15.23600   31.59100  
H    15.89000   14.37800   33.03000  
S    17.93300   14.91400   31.81400  
C    18.56100   15.19200   33.48500  
H    18.82800   14.31400   34.08000  
H    19.47000   15.78000   33.33000  
H    17.85100   15.79600   34.05500  
O    18.28600   16.25400   31.24700  
C    24.78500   17.87000   22.21400  
H    24.65800   16.82300   21.92500  
H    23.86800   18.44100   22.04600  
H    25.55300   18.33300   21.59100  
S    25.48200   18.04400   23.87200  
C    26.80200   16.84000   23.60100  
H    26.41800   15.99700   23.02100  
H    27.49100   17.30300   22.89100  
H    27.27800   16.62200   24.56000  
O    24.45500   17.42600   24.76900  
C    25.00100   20.91600   26.45000  
H    24.90000   21.06500   27.52900  
H    24.26200   20.20100   26.08000  
H    25.99700   20.55200   26.18700  
S    24.76600   22.43000   25.49200  
C    23.08700   22.75800   26.07500  
H    22.81300   23.50400   25.32400  
H    22.35400   21.95300   25.97800  
H    23.06700   23.18400   27.08100  
O    24.61700   21.89500   24.10200  
C    20.96200   15.50200   29.53600  
H    20.00200   15.29000   30.01500  
H    21.68200   15.93500   30.23400  
H    20.65600   16.15400   28.71300  
S    21.48900   13.88900   28.91500  
C    19.90800   13.16200   28.42800  
H    19.98200   12.08600   28.60300  
H    19.14600   13.47100   29.14800  
H    19.64600   13.30300   27.37600  
O    21.89900   13.01900   30.06200  
C    22.60900   11.20800   21.66000  
H    23.61400   11.38900   22.04800  
H    22.26600   12.03400   21.03300  
H    21.84200   11.04300   22.42100  
S    22.57700   9.74500    20.60000  
C    23.03300   8.69600    21.99900  
H    22.31700   8.84600    22.81100  
H    23.08800   7.65500    21.67000  
H    24.04500   8.82100    22.39300  
O    23.89400   9.93400    19.91400  
C    26.11100   15.40500   33.49600  
H    27.04100   15.07700   33.02500  
H    25.37500   14.59800   33.52600  
H    25.71700   16.20600   32.86600  
S    26.41000   16.03200   35.16400  
C    27.48100   14.63700   35.57800  
H    28.37700   14.83900   34.98600  
H    27.76300   14.79300   36.62300  
H    26.87800   13.73500   35.45100  
O    25.16100   15.78400   35.95000  
C    28.12300   21.83900   28.15400  
H    27.03600   21.93500   28.09600  
H    28.56500   22.52800   28.87900  
H    28.65400   22.08000   27.22900  
S    28.44900   20.08200   28.41800  
C    30.24600   20.10700   28.61100  
H    30.57700   19.07700   28.45400  
H    30.66200   20.77300   27.85100  
H    30.49500   20.63600   29.53400  
O    28.17700   19.42600   27.10100  
C    24.60500   11.01600   31.07700  
H    24.32600   9.97900    31.28100  
H    23.73500   11.65500   31.24300  
H    24.87600   11.10000   30.02200  
S    26.00500   11.73200   31.96800  
C    26.98700   10.23000   31.75500  
H    28.02600   10.43000   32.02900  
H    26.56600   9.50300    32.45400  
H    26.97400   9.89500    30.71400  
O    25.62700   11.88200   33.40900  
C    24.06700   9.91900    27.10400  
H    23.19300   9.28000    26.95400  
H    24.96100   9.34700    27.36400  
H    23.93200   10.78200   27.76100  
S    23.98500   10.69000   25.47200  
C    22.24100   11.14700   25.59700  
H    21.86500   11.64200   24.69800  
H    21.56500   10.30500   25.76600  
H    22.14000   11.92700   26.35500  
O    23.88100   9.43400    24.66400  
C    34.76500   15.90300   26.42600  
H    35.33600   15.12400   26.93700  
H    34.70900   15.70300   25.35300  
H    35.19100   16.89600   26.58900  
S    33.16600   15.91400   27.26800  
C    32.52500   14.42100   26.47700  
H    31.44900   14.59300   26.39600  
H    32.83900   14.35100   25.43300  
H    32.87700   13.59800   27.10400  
O    32.31000   17.03700   26.77100  
C    27.05200   8.25500    22.29200  
H    27.46100   7.24200    22.31200  
H    26.18300   8.46000    22.92100  
H    26.86900   8.43100    21.22900  
S    28.30300   9.48600    22.72200  
C    27.04300   10.72200   23.11300  
H    26.51100   10.48700   24.03800  
H    27.54800   11.69100   23.14000  
H    26.36000   10.81400   22.26400  
O    28.74500   10.08900   21.42600  
C    21.58600   15.22000   25.38800  
H    22.40900   15.48500   26.05500  
H    20.93200   16.07500   25.20000  
H    21.03100   14.35300   25.75500  
S    22.34900   14.79300   23.80600  
C    20.85700   14.02100   23.14100  
H    21.07300   13.52400   22.19200  
H    20.43300   13.32800   23.87200  
H    20.08700   14.78200   22.99300  
O    23.30300   13.65400   23.98600  
$end

$rem
JOBTYPE  SP
METHOD  B3LYP
BASIS  6-31+G(D)
SYMMETRY  FALSE
SYM_IGNORE  TRUE
MEM_TOTAL  16000
MEM_STATIC  8000
MAX_SUB_FILE_NUM  16000
BASIS_LIN_DEP_THRESH  6
THRESH  14
SCF_CONVERGENCE  8
GEN_SCFMAN  FALSE
SCF_GUESS  READ_DEN
FD_MAT_VEC_PROD  FALSE
XC_GRID  000075000302
NL_GRID  1
MAX_SCF_CYCLES  200
SKIP_SCFMAN  TRUE
ESP_GRID  0
ESP_EFIELD  1
$end

$development
almo_efield  1
$end

