$molecule
0 1
--
0 1
C    32.05000   26.44500   28.31400  
C    30.73400   25.92300   28.91400  
C    30.76700   24.38700   28.84700  
C    31.92200   23.86100   29.71500  
C    33.29600   24.41800   29.30700  
C    33.24700   25.94500   29.13900  
H    29.81900   24.01200   29.25200  
H    30.61100   26.18100   29.97300  
H    32.06000   26.14700   27.25900  
H    32.07900   27.54200   28.31200  
H    31.72600   24.16900   30.74900  
H    31.84800   22.76900   29.64900  
H    33.91800   24.12000   30.16000  
H    33.63900   23.84500   28.43700  
H    33.23800   26.49400   30.08800  
H    34.14200   26.32700   28.63100  
H    30.90800   23.98800   27.83600  
N    29.55800   26.35100   28.15800  
H    29.26900   25.85000   27.32700  
C    28.63000   27.27100   28.60000  
H    27.79700   27.47700   27.90400  
O    28.80000   27.87100   29.64600  
--
0 1
C    25.57800   30.86300   23.83800  
H    25.53200   30.36500   22.86600  
H    26.11300   30.12600   24.44200  
H    24.58800   30.91500   24.29900  
S    26.45900   32.44000   23.79300  
C    26.01700   32.87500   25.49000  
H    26.43100   32.10700   26.14900  
H    26.39100   33.87300   25.73300  
H    24.93500   33.02300   25.53500  
O    25.44200   33.15600   22.96000  
C    33.71500   29.76300   29.28900  
H    33.20400   29.73800   28.32300  
H    34.29300   28.83700   29.34200  
H    32.91200   29.77700   30.03000  
S    34.68300   31.28900   29.27200  
C    35.07200   31.40800   31.03200  
H    35.99000   30.82000   31.11400  
H    35.23700   32.43800   31.36000  
H    34.27800   30.95100   31.62800  
O    33.74100   32.42300   29.00900  
C    27.44500   26.37800   33.25400  
H    28.02400   27.22000   32.86600  
H    26.68100   26.72300   33.95700  
H    28.18000   25.69300   33.68300  
S    26.66400   25.77500   31.74000  
C    25.41500   27.02800   31.37500  
H    25.19200   27.57600   32.29400  
H    25.80300   27.78000   30.68200  
H    24.54200   26.56100   30.91200  
O    25.83800   24.62600   32.22800  
C    36.08200   22.11400   31.93700  
H    36.69900   21.27000   31.62000  
H    35.02700   21.88600   31.76600  
H    36.48300   22.86800   31.25500  
S    36.25000   22.35300   33.72100  
C    34.55200   22.84900   34.08600  
H    33.90600   21.99400   33.87200  
H    34.37900   23.28600   35.07300  
H    34.23300   23.54000   33.30100  
O    36.95200   23.67100   33.81700  
C    32.12300   17.80900   30.21300  
H    31.10900   17.41300   30.31700  
H    32.32400   18.31500   29.26500  
H    32.86700   17.02700   30.38400  
S    32.29500   19.03100   31.53200  
C    30.88200   20.06900   31.09200  
H    30.99300   20.45400   30.07500  
H    29.95300   19.51000   31.22700  
H    30.98000   20.97900   31.68900  
O    33.45300   19.95100   31.30100  
C    27.37600   20.25800   28.78700  
H    28.27300   20.79800   29.10100  
H    27.44700   20.21800   27.69700  
H    26.46100   20.77400   29.09000  
S    27.31300   18.66200   29.63000  
C    27.16400   19.36300   31.28900  
H    27.84500   20.21200   31.39000  
H    26.14700   19.61300   31.60400  
H    27.48900   18.61100   32.01200  
O    28.70700   18.12400   29.52700  
C    31.96800   32.76400   31.85000  
H    31.79000   31.77000   32.26800  
H    32.70700   32.74800   31.04400  
H    32.33600   33.45100   32.61700  
S    30.45700   33.42900   31.11600  
C    30.81600   35.16900   31.44400  
H    31.69900   35.44900   30.86400  
H    30.06900   35.83400   31.00200  
H    30.89600   35.41700   32.50600  
O    29.32400   33.16400   32.05800  
C    28.36400   22.92600   33.70400  
H    29.04400   23.41600   34.40400  
H    28.68600   23.00200   32.66200  
H    27.30900   23.16600   33.85900  
S    28.40500   21.16800   34.11900  
C    27.75400   21.27500   35.80200  
H    26.77600   21.75400   35.89600  
H    27.76100   20.25200   36.18500  
H    28.45300   21.91600   36.34600  
O    29.84700   20.80700   34.29200  
C    24.25500   25.19500   27.97600  
H    24.88300   26.08400   27.87900  
H    24.05300   24.76000   26.99400  
H    23.33500   25.22500   28.56500  
S    25.12200   24.00500   29.02300  
C    26.57500   23.50000   28.07600  
H    26.26100   22.93300   27.19600  
H    27.12600   24.40700   27.81300  
H    27.13100   22.95500   28.84300  
O    24.11700   22.89700   29.08200  
C    37.11600   27.57600   26.64500  
H    36.23200   27.06300   26.25800  
H    38.00600   26.97000   26.45400  
H    37.01600   27.65400   27.73100  
S    37.42800   29.24800   26.03600  
C    39.18500   29.39200   26.43400  
H    39.88900   29.04300   25.67500  
H    39.45300   30.39600   26.77200  
H    39.37400   28.78200   27.32100  
O    36.71900   30.06200   27.07300  
C    29.56900   23.22700   25.15400  
H    30.06800   22.34100   25.55500  
H    29.53800   24.07200   25.84800  
H    28.64500   22.92300   24.65500  
S    30.54500   23.93500   23.80800  
C    31.09500   22.39700   23.03500  
H    30.27700   21.93300   22.47900  
H    31.93000   22.51600   22.33900  
H    31.40200   21.69800   23.81700  
O    31.79300   24.28000   24.55800  
C    41.89500   25.12000   29.10800  
H    41.92700   26.00500   29.74900  
H    42.00100   24.24500   29.75400  
H    42.76000   25.15700   28.44100  
S    40.43100   25.04600   28.05000  
C    40.76500   26.66000   27.31000  
H    40.70100   27.35600   28.15000  
H    41.78000   26.67100   26.90600  
H    40.09300   26.80900   26.46100  
O    39.33300   25.27700   29.04100  
C    32.87100   21.78200   26.36000  
H    32.14800   22.58900   26.21600  
H    33.76900   22.13000   26.87700  
H    33.14200   21.47900   25.34500  
S    32.09500   20.50500   27.37500  
C    33.51800   19.43900   27.05000  
H    33.13500   18.46600   27.36600  
H    33.59800   19.35100   25.96300  
H    34.43300   19.75200   27.55900  
O    30.94200   19.99400   26.56700  
C    31.42000   23.57800   36.07100  
H    31.01000   24.56000   36.31800  
H    32.40900   23.61000   35.60700  
H    30.76300   22.91800   35.49800  
S    31.66600   22.78200   37.67400  
C    32.11900   21.09600   37.21100  
H    32.14900   20.52700   38.14400  
H    31.36100   20.81800   36.47400  
H    33.07000   21.11200   36.67400  
O    30.26000   22.48600   38.09600  
C    33.02400   26.61900   34.36100  
H    33.69000   27.32600   33.85900  
H    32.67400   27.17300   35.23600  
H    33.48700   25.68100   34.67800  
S    31.55000   26.28800   33.37000  
C    31.28000   27.96100   32.74200  
H    31.91000   28.11200   31.86100  
H    30.22700   28.05600   32.46400  
H    31.54200   28.65300   33.54600  
O    30.56000   26.21500   34.49000  
C    34.06800   26.91300   25.02300  
H    34.10100   27.62000   25.85700  
H    34.02400   25.89300   25.41300  
H    34.99600   27.13000   24.48700  
S    32.61600   27.48900   24.11500  
C    32.96000   26.64200   22.55600  
H    34.01200   26.77900   22.29600  
H    32.87200   25.56000   22.69000  
H    32.21100   26.99600   21.84300  
O    32.82600   28.94100   23.81700  
C    25.92800   25.82200   24.98600  
H    25.03900   25.92000   24.35900  
H    26.19100   24.76400   25.06100  
H    25.68500   26.04900   26.02700  
S    27.34800   26.93500   24.87900  
C    27.81500   26.40300   23.21700  
H    27.08400   26.94300   22.61000  
H    28.83900   26.75900   23.07100  
H    27.81600   25.32500   23.03600  
O    28.33000   26.13300   25.67600  
C    34.95900   23.60300   23.86700  
H    34.64900   22.87300   23.11400  
H    35.18800   23.14900   24.83400  
H    34.17300   24.36200   23.88600  
S    36.36100   24.59000   23.29600  
C    37.36100   23.16900   22.80000  
H    38.41300   23.38700   23.00200  
H    37.04300   22.23800   23.27700  
H    37.19700   23.00900   21.73100  
O    37.08100   25.07400   24.51600  
C    25.92500   33.82700   31.26100  
H    26.92800   34.19700   31.48800  
H    25.85700   34.12600   30.21200  
H    25.23500   34.41100   31.87500  
S    25.76400   32.03500   31.42700  
C    26.95000   31.50600   30.17100  
H    26.87000   30.43500   29.97000  
H    26.75600   31.96300   29.19800  
H    27.94500   31.70000   30.58000  
O    24.35300   31.89400   30.94600  
C    38.74200   21.48600   28.09100  
H    38.26700   21.72600   29.04600  
H    38.91500   20.42800   28.30700  
H    39.62900   22.12200   28.04600  
S    37.55500   21.72300   26.75000  
C    37.47900   23.51200   26.99600  
H    36.61600   23.95400   26.49200  
H    37.33000   23.61700   28.07300  
H    38.40600   24.01600   26.71000  
O    36.23000   21.40100   27.36900  
C    23.32100   29.68800   28.81000  
H    23.79100   29.22600   29.68200  
H    22.92400   30.69700   28.94800  
H    22.53400   29.01800   28.45400  
S    24.49200   29.73200   27.43500  
C    23.38500   29.36300   26.05500  
H    22.76300   28.53000   26.39100  
H    22.86700   30.31900   25.94300  
H    23.90300   29.13500   25.12000  
O    25.24900   28.44100   27.47500  
C    29.55800   30.86200   27.93100  
H    30.61300   30.99800   27.67900  
H    28.98200   31.79100   27.93700  
H    29.28800   30.25400   28.79800  
S    28.77000   30.12700   26.48000  
C    30.25400   29.16200   26.11700  
H    30.32600   28.30100   26.78600  
H    30.20400   28.80300   25.08600  
H    31.14700   29.78000   26.23900  
O    28.86100   31.16400   25.40500  
C    32.38300   32.34100   25.07500  
H    32.48700   32.25000   26.16000  
H    31.45800   32.90300   24.92500  
H    32.29200   31.33100   24.66800  
S    33.85900   33.20300   24.49100  
C    34.96700   32.31400   25.60600  
H    34.83300   31.22900   25.60000  
H    36.02300   32.48400   25.37800  
H    34.70700   32.63400   26.61800  
O    33.73400   34.59300   25.03200  
C    24.07100   20.93300   26.21100  
H    24.08600   19.86100   25.99800  
H    24.76300   21.30700   26.97100  
H    23.04900   21.11700   26.55200  
S    24.21600   22.07100   24.81600  
C    23.65400   20.96300   23.50300  
H    22.59200   21.17100   23.35100  
H    24.31700   21.20200   22.66800  
H    23.80400   19.92500   23.81300  
O    25.70500   22.21300   24.77100  
C    26.78800   31.30300   34.90500  
H    27.40000   32.12300   35.29100  
H    26.85300   31.21700   33.81800  
H    25.73600   31.51100   35.12000  
S    27.29700   29.85300   35.85500  
C    28.88400   29.69100   35.00700  
H    29.07900   28.62600   35.15500  
H    28.70900   29.87300   33.94400  
H    29.66300   30.37500   35.35400  
O    26.49700   28.75500   35.22600  
C    37.19500   27.94100   30.67600  
H    38.03800   27.35600   30.29800  
H    36.53900   27.98000   29.80300  
H    37.47100   28.88100   31.16200  
S    36.33100   27.08000   32.00900  
C    36.39400   25.52400   31.09200  
H    36.08000   25.61000   30.04900  
H    37.44500   25.22700   31.13700  
H    35.78000   24.75600   31.56800  
O    34.96500   27.59200   31.67100  
$end

$rem
JOBTYPE  SP
METHOD  B3LYP
BASIS  6-31+G(D)
SYMMETRY  FALSE
SYM_IGNORE  TRUE
MEM_TOTAL  16000
MEM_STATIC  8000
MAX_SUB_FILE_NUM  16000
BASIS_LIN_DEP_THRESH  6
THRESH  14
SCF_CONVERGENCE  8
GEN_SCFMAN  TRUE
SCF_GUESS  FRAGMO
FD_MAT_VEC_PROD  FALSE
XC_GRID  000075000302
NL_GRID  1
MAX_SCF_CYCLES  200
FRGM_METHOD  STOLL
SCFMI_MODE  1
$end

$development
almo_efield  1
$end

$rem_frgm
SCF_CONVERGENCE  4
$end

@@@

$molecule
0 1
@C    32.05000   26.44500   28.31400  
@C    30.73400   25.92300   28.91400  
@C    30.76700   24.38700   28.84700  
@C    31.92200   23.86100   29.71500  
@C    33.29600   24.41800   29.30700  
@C    33.24700   25.94500   29.13900  
@H    29.81900   24.01200   29.25200  
@H    30.61100   26.18100   29.97300  
@H    32.06000   26.14700   27.25900  
@H    32.07900   27.54200   28.31200  
@H    31.72600   24.16900   30.74900  
@H    31.84800   22.76900   29.64900  
@H    33.91800   24.12000   30.16000  
@H    33.63900   23.84500   28.43700  
@H    33.23800   26.49400   30.08800  
@H    34.14200   26.32700   28.63100  
@H    30.90800   23.98800   27.83600  
@N    29.55800   26.35100   28.15800  
@H    29.26900   25.85000   27.32700  
@C    28.63000   27.27100   28.60000  
@H    27.79700   27.47700   27.90400  
@O    28.80000   27.87100   29.64600  
C    25.57800   30.86300   23.83800  
H    25.53200   30.36500   22.86600  
H    26.11300   30.12600   24.44200  
H    24.58800   30.91500   24.29900  
S    26.45900   32.44000   23.79300  
C    26.01700   32.87500   25.49000  
H    26.43100   32.10700   26.14900  
H    26.39100   33.87300   25.73300  
H    24.93500   33.02300   25.53500  
O    25.44200   33.15600   22.96000  
C    33.71500   29.76300   29.28900  
H    33.20400   29.73800   28.32300  
H    34.29300   28.83700   29.34200  
H    32.91200   29.77700   30.03000  
S    34.68300   31.28900   29.27200  
C    35.07200   31.40800   31.03200  
H    35.99000   30.82000   31.11400  
H    35.23700   32.43800   31.36000  
H    34.27800   30.95100   31.62800  
O    33.74100   32.42300   29.00900  
C    27.44500   26.37800   33.25400  
H    28.02400   27.22000   32.86600  
H    26.68100   26.72300   33.95700  
H    28.18000   25.69300   33.68300  
S    26.66400   25.77500   31.74000  
C    25.41500   27.02800   31.37500  
H    25.19200   27.57600   32.29400  
H    25.80300   27.78000   30.68200  
H    24.54200   26.56100   30.91200  
O    25.83800   24.62600   32.22800  
C    36.08200   22.11400   31.93700  
H    36.69900   21.27000   31.62000  
H    35.02700   21.88600   31.76600  
H    36.48300   22.86800   31.25500  
S    36.25000   22.35300   33.72100  
C    34.55200   22.84900   34.08600  
H    33.90600   21.99400   33.87200  
H    34.37900   23.28600   35.07300  
H    34.23300   23.54000   33.30100  
O    36.95200   23.67100   33.81700  
C    32.12300   17.80900   30.21300  
H    31.10900   17.41300   30.31700  
H    32.32400   18.31500   29.26500  
H    32.86700   17.02700   30.38400  
S    32.29500   19.03100   31.53200  
C    30.88200   20.06900   31.09200  
H    30.99300   20.45400   30.07500  
H    29.95300   19.51000   31.22700  
H    30.98000   20.97900   31.68900  
O    33.45300   19.95100   31.30100  
C    27.37600   20.25800   28.78700  
H    28.27300   20.79800   29.10100  
H    27.44700   20.21800   27.69700  
H    26.46100   20.77400   29.09000  
S    27.31300   18.66200   29.63000  
C    27.16400   19.36300   31.28900  
H    27.84500   20.21200   31.39000  
H    26.14700   19.61300   31.60400  
H    27.48900   18.61100   32.01200  
O    28.70700   18.12400   29.52700  
C    31.96800   32.76400   31.85000  
H    31.79000   31.77000   32.26800  
H    32.70700   32.74800   31.04400  
H    32.33600   33.45100   32.61700  
S    30.45700   33.42900   31.11600  
C    30.81600   35.16900   31.44400  
H    31.69900   35.44900   30.86400  
H    30.06900   35.83400   31.00200  
H    30.89600   35.41700   32.50600  
O    29.32400   33.16400   32.05800  
C    28.36400   22.92600   33.70400  
H    29.04400   23.41600   34.40400  
H    28.68600   23.00200   32.66200  
H    27.30900   23.16600   33.85900  
S    28.40500   21.16800   34.11900  
C    27.75400   21.27500   35.80200  
H    26.77600   21.75400   35.89600  
H    27.76100   20.25200   36.18500  
H    28.45300   21.91600   36.34600  
O    29.84700   20.80700   34.29200  
C    24.25500   25.19500   27.97600  
H    24.88300   26.08400   27.87900  
H    24.05300   24.76000   26.99400  
H    23.33500   25.22500   28.56500  
S    25.12200   24.00500   29.02300  
C    26.57500   23.50000   28.07600  
H    26.26100   22.93300   27.19600  
H    27.12600   24.40700   27.81300  
H    27.13100   22.95500   28.84300  
O    24.11700   22.89700   29.08200  
C    37.11600   27.57600   26.64500  
H    36.23200   27.06300   26.25800  
H    38.00600   26.97000   26.45400  
H    37.01600   27.65400   27.73100  
S    37.42800   29.24800   26.03600  
C    39.18500   29.39200   26.43400  
H    39.88900   29.04300   25.67500  
H    39.45300   30.39600   26.77200  
H    39.37400   28.78200   27.32100  
O    36.71900   30.06200   27.07300  
C    29.56900   23.22700   25.15400  
H    30.06800   22.34100   25.55500  
H    29.53800   24.07200   25.84800  
H    28.64500   22.92300   24.65500  
S    30.54500   23.93500   23.80800  
C    31.09500   22.39700   23.03500  
H    30.27700   21.93300   22.47900  
H    31.93000   22.51600   22.33900  
H    31.40200   21.69800   23.81700  
O    31.79300   24.28000   24.55800  
C    41.89500   25.12000   29.10800  
H    41.92700   26.00500   29.74900  
H    42.00100   24.24500   29.75400  
H    42.76000   25.15700   28.44100  
S    40.43100   25.04600   28.05000  
C    40.76500   26.66000   27.31000  
H    40.70100   27.35600   28.15000  
H    41.78000   26.67100   26.90600  
H    40.09300   26.80900   26.46100  
O    39.33300   25.27700   29.04100  
C    32.87100   21.78200   26.36000  
H    32.14800   22.58900   26.21600  
H    33.76900   22.13000   26.87700  
H    33.14200   21.47900   25.34500  
S    32.09500   20.50500   27.37500  
C    33.51800   19.43900   27.05000  
H    33.13500   18.46600   27.36600  
H    33.59800   19.35100   25.96300  
H    34.43300   19.75200   27.55900  
O    30.94200   19.99400   26.56700  
C    31.42000   23.57800   36.07100  
H    31.01000   24.56000   36.31800  
H    32.40900   23.61000   35.60700  
H    30.76300   22.91800   35.49800  
S    31.66600   22.78200   37.67400  
C    32.11900   21.09600   37.21100  
H    32.14900   20.52700   38.14400  
H    31.36100   20.81800   36.47400  
H    33.07000   21.11200   36.67400  
O    30.26000   22.48600   38.09600  
C    33.02400   26.61900   34.36100  
H    33.69000   27.32600   33.85900  
H    32.67400   27.17300   35.23600  
H    33.48700   25.68100   34.67800  
S    31.55000   26.28800   33.37000  
C    31.28000   27.96100   32.74200  
H    31.91000   28.11200   31.86100  
H    30.22700   28.05600   32.46400  
H    31.54200   28.65300   33.54600  
O    30.56000   26.21500   34.49000  
C    34.06800   26.91300   25.02300  
H    34.10100   27.62000   25.85700  
H    34.02400   25.89300   25.41300  
H    34.99600   27.13000   24.48700  
S    32.61600   27.48900   24.11500  
C    32.96000   26.64200   22.55600  
H    34.01200   26.77900   22.29600  
H    32.87200   25.56000   22.69000  
H    32.21100   26.99600   21.84300  
O    32.82600   28.94100   23.81700  
C    25.92800   25.82200   24.98600  
H    25.03900   25.92000   24.35900  
H    26.19100   24.76400   25.06100  
H    25.68500   26.04900   26.02700  
S    27.34800   26.93500   24.87900  
C    27.81500   26.40300   23.21700  
H    27.08400   26.94300   22.61000  
H    28.83900   26.75900   23.07100  
H    27.81600   25.32500   23.03600  
O    28.33000   26.13300   25.67600  
C    34.95900   23.60300   23.86700  
H    34.64900   22.87300   23.11400  
H    35.18800   23.14900   24.83400  
H    34.17300   24.36200   23.88600  
S    36.36100   24.59000   23.29600  
C    37.36100   23.16900   22.80000  
H    38.41300   23.38700   23.00200  
H    37.04300   22.23800   23.27700  
H    37.19700   23.00900   21.73100  
O    37.08100   25.07400   24.51600  
C    25.92500   33.82700   31.26100  
H    26.92800   34.19700   31.48800  
H    25.85700   34.12600   30.21200  
H    25.23500   34.41100   31.87500  
S    25.76400   32.03500   31.42700  
C    26.95000   31.50600   30.17100  
H    26.87000   30.43500   29.97000  
H    26.75600   31.96300   29.19800  
H    27.94500   31.70000   30.58000  
O    24.35300   31.89400   30.94600  
C    38.74200   21.48600   28.09100  
H    38.26700   21.72600   29.04600  
H    38.91500   20.42800   28.30700  
H    39.62900   22.12200   28.04600  
S    37.55500   21.72300   26.75000  
C    37.47900   23.51200   26.99600  
H    36.61600   23.95400   26.49200  
H    37.33000   23.61700   28.07300  
H    38.40600   24.01600   26.71000  
O    36.23000   21.40100   27.36900  
C    23.32100   29.68800   28.81000  
H    23.79100   29.22600   29.68200  
H    22.92400   30.69700   28.94800  
H    22.53400   29.01800   28.45400  
S    24.49200   29.73200   27.43500  
C    23.38500   29.36300   26.05500  
H    22.76300   28.53000   26.39100  
H    22.86700   30.31900   25.94300  
H    23.90300   29.13500   25.12000  
O    25.24900   28.44100   27.47500  
C    29.55800   30.86200   27.93100  
H    30.61300   30.99800   27.67900  
H    28.98200   31.79100   27.93700  
H    29.28800   30.25400   28.79800  
S    28.77000   30.12700   26.48000  
C    30.25400   29.16200   26.11700  
H    30.32600   28.30100   26.78600  
H    30.20400   28.80300   25.08600  
H    31.14700   29.78000   26.23900  
O    28.86100   31.16400   25.40500  
C    32.38300   32.34100   25.07500  
H    32.48700   32.25000   26.16000  
H    31.45800   32.90300   24.92500  
H    32.29200   31.33100   24.66800  
S    33.85900   33.20300   24.49100  
C    34.96700   32.31400   25.60600  
H    34.83300   31.22900   25.60000  
H    36.02300   32.48400   25.37800  
H    34.70700   32.63400   26.61800  
O    33.73400   34.59300   25.03200  
C    24.07100   20.93300   26.21100  
H    24.08600   19.86100   25.99800  
H    24.76300   21.30700   26.97100  
H    23.04900   21.11700   26.55200  
S    24.21600   22.07100   24.81600  
C    23.65400   20.96300   23.50300  
H    22.59200   21.17100   23.35100  
H    24.31700   21.20200   22.66800  
H    23.80400   19.92500   23.81300  
O    25.70500   22.21300   24.77100  
C    26.78800   31.30300   34.90500  
H    27.40000   32.12300   35.29100  
H    26.85300   31.21700   33.81800  
H    25.73600   31.51100   35.12000  
S    27.29700   29.85300   35.85500  
C    28.88400   29.69100   35.00700  
H    29.07900   28.62600   35.15500  
H    28.70900   29.87300   33.94400  
H    29.66300   30.37500   35.35400  
O    26.49700   28.75500   35.22600  
C    37.19500   27.94100   30.67600  
H    38.03800   27.35600   30.29800  
H    36.53900   27.98000   29.80300  
H    37.47100   28.88100   31.16200  
S    36.33100   27.08000   32.00900  
C    36.39400   25.52400   31.09200  
H    36.08000   25.61000   30.04900  
H    37.44500   25.22700   31.13700  
H    35.78000   24.75600   31.56800  
O    34.96500   27.59200   31.67100  
$end

$rem
JOBTYPE  SP
METHOD  B3LYP
BASIS  6-31+G(D)
SYMMETRY  FALSE
SYM_IGNORE  TRUE
MEM_TOTAL  16000
MEM_STATIC  8000
MAX_SUB_FILE_NUM  16000
BASIS_LIN_DEP_THRESH  6
THRESH  14
SCF_CONVERGENCE  8
GEN_SCFMAN  FALSE
SCF_GUESS  READ_DEN
FD_MAT_VEC_PROD  FALSE
XC_GRID  000075000302
NL_GRID  1
MAX_SCF_CYCLES  200
SKIP_SCFMAN  TRUE
ESP_GRID  0
ESP_EFIELD  1
$end

$development
almo_efield  1
$end

