$molecule
0 1
--
0 1
C    28.10600   28.24500   23.21800  
C    27.10800   28.47000   24.36600  
C    25.86500   27.59200   24.14900  
C    26.26500   26.10700   24.15600  
C    27.36800   25.82500   23.12300  
C    28.56900   26.78400   23.09500  
H    25.27200   27.76900   25.05400  
H    27.58600   28.16700   25.30500  
H    27.50700   28.69300   22.41500  
H    28.96500   28.91800   23.33200  
H    26.56200   25.88300   25.18800  
H    25.44200   25.43000   23.89600  
H    27.60700   24.75500   23.12500  
H    26.82400   26.05800   22.19900  
H    29.17400   26.52100   23.97200  
H    29.12000   26.62400   22.16000  
H    25.33500   27.99400   23.27600  
N    26.65100   29.85800   24.35600  
H    25.75600   30.01500   23.90700  
C    27.33500   30.96100   24.82100  
H    26.90300   31.95500   24.60300  
O    28.48500   30.85700   25.21100  
--
0 1
C    23.12300   33.09000   24.77700  
H    23.31300   33.89700   24.06500  
H    22.17000   33.10200   25.31200  
H    23.97800   33.05400   25.45600  
S    23.09200   31.61100   23.73900  
C    22.89000   30.48500   25.13800  
H    22.58000   29.51400   24.74500  
H    23.85500   30.50800   25.65000  
H    22.07800   30.81300   25.79200  
O    24.53500   31.42400   23.38500  
C    34.84400   31.74200   25.63400  
H    34.21700   32.53100   25.21100  
H    34.80800   31.61500   26.71900  
H    35.89300   31.76700   25.33000  
S    34.24500   30.12500   25.09400  
C    35.02700   30.15400   23.46500  
H    34.72000   29.25900   22.91900  
H    34.66300   31.00400   22.88200  
H    36.10200   30.17900   23.66000  
O    32.79700   30.40800   24.83700  
C    31.12300   33.41800   24.57500  
H    30.48700   33.76700   25.39300  
H    30.96200   32.34400   24.45300  
H    32.16900   33.55500   24.85900  
S    30.57400   34.29300   23.09200  
C    30.76500   35.94300   23.80400  
H    30.47800   36.67300   23.04300  
H    30.01000   36.04200   24.58800  
H    31.74500   36.04600   24.27600  
O    29.09900   34.09200   22.93700  
C    32.25600   29.78100   21.46500  
H    31.78700   28.87700   21.86100  
H    33.30200   29.58900   21.21300  
H    32.32600   30.48200   22.30000  
S    31.47300   30.59000   20.05200  
C    29.87900   30.94100   20.82700  
H    29.88600   31.67400   21.63800  
H    29.25400   31.36600   20.03700  
H    29.52400   30.02900   21.31300  
O    31.01600   29.40000   19.26600  
C    26.99100   18.86000   25.15900  
H    25.95100   18.61400   24.92800  
H    27.33200   18.18800   25.95100  
H    26.94400   19.90200   25.48600  
S    28.16300   18.71400   23.79200  
C    28.01800   16.93000   23.54200  
H    28.58200   16.75100   22.62300  
H    28.39600   16.25800   24.31600  
H    26.96300   16.67400   23.41500  
O    29.47000   18.77400   24.51800  
C    32.15600   33.52000   28.52100  
H    31.66900   33.46500   29.49800  
H    33.20600   33.82100   28.55800  
H    31.59300   34.27100   27.96000  
S    32.07200   31.85600   27.82100  
C    30.26500   31.86600   27.83600  
H    29.86400   31.74300   28.84600  
H    29.79200   32.69100   27.29600  
H    30.00200   31.00500   27.21700  
O    32.36300   31.00400   29.01600  
C    29.26200   24.96600   30.83500  
H    28.89800   25.39600   29.89800  
H    28.37000   24.66800   31.39200  
H    29.84600   25.73500   31.34700  
S    30.37300   23.56500   30.57400  
C    31.19200   24.32200   29.15300  
H    30.46200   24.56600   28.37700  
H    31.62900   25.21600   29.60700  
H    31.96500   23.63800   28.79300  
O    29.52100   22.43200   30.09200  
C    24.30600   23.66100   28.04600  
H    23.36300   23.10800   28.08300  
H    24.76400   23.57800   27.05700  
H    24.95700   23.17700   28.77800  
S    24.35100   25.35700   28.66600  
C    26.13500   25.32800   28.95200  
H    26.54200   25.99300   28.18600  
H    26.26500   25.78000   29.93900  
H    26.59500   24.34300   28.83400  
O    23.77000   25.35300   30.04600  
C    29.46500   21.51900   22.66700  
H    29.01800   21.59100   23.66200  
H    28.66600   21.36700   21.93700  
H    30.25700   20.77000   22.59100  
S    30.15600   23.15600   22.34000  
C    30.74700   22.65100   20.70900  
H    31.11300   23.62200   20.36500  
H    31.57000   21.93700   20.79900  
H    29.91500   22.24800   20.12600  
O    31.44700   23.19800   23.09800  
C    28.87200   23.63100   25.83500  
H    29.77200   23.03000   25.68600  
H    28.27900   23.65800   24.91700  
H    29.09700   24.65100   26.15700  
S    27.98500   22.81900   27.18400  
C    29.05200   21.36100   27.12600  
H    29.06600   20.98700   26.09900  
H    30.09000   21.62700   27.34200  
H    28.59300   20.59200   27.75300  
O    26.80100   22.20200   26.50800  
C    25.58100   34.63700   22.05200  
H    24.93200   35.51600   22.07100  
H    25.50700   34.07000   22.98400  
H    26.58500   34.95000   21.75300  
S    25.02000   33.52900   20.73900  
C    26.54300   32.59400   20.47100  
H    26.55900   32.21200   19.44600  
H    27.42000   33.21900   20.65700  
H    26.53700   31.75400   21.17100  
O    25.06800   34.40400   19.52500  
C    22.48700   26.09400   25.15500  
H    22.69200   26.31200   26.20600  
H    23.31700   26.16800   24.44800  
H    21.62600   26.65100   24.77500  
S    21.84800   24.41000   25.30300  
C    21.33800   24.35400   23.57000  
H    20.59700   25.13100   23.37000  
H    22.17000   24.41000   22.86300  
H    20.78200   23.41300   23.55200  
O    20.56200   24.38600   26.06900  
C    23.04200   25.27500   19.19400  
H    22.15800   25.76700   19.60800  
H    23.36700   25.62200   18.21000  
H    22.97400   24.19000   19.31100  
S    24.43500   25.85000   20.19200  
C    25.58700   24.46600   20.04600  
H    25.82400   24.35500   18.98500  
H    26.50300   24.72300   20.58500  
H    25.02200   23.58800   20.36800  
O    23.85200   25.65100   21.55700  
C    33.81300   27.19200   19.12800  
H    33.51400   26.50000   18.33700  
H    32.97500   27.87600   19.28300  
H    34.68900   27.80900   18.91400  
S    34.25800   26.28200   20.62500  
C    32.60600   25.95100   21.27600  
H    32.59200   25.47400   22.25900  
H    32.02700   26.87700   21.32500  
H    32.01600   25.32900   20.59800  
O    34.85700   27.30900   21.53500  
C    27.42800   30.50500   33.05200  
H    27.22900   29.97900   33.98900  
H    28.42000   30.94900   32.94400  
H    26.76300   31.29300   32.68900  
S    27.06400   29.32900   31.72800  
C    25.38900   28.80400   32.16000  
H    25.50000   28.40900   33.17300  
H    24.64200   29.60100   32.20000  
H    25.02100   28.05400   31.45600  
O    27.87200   28.08700   31.94000  
C    29.31800   27.31800   16.72000  
H    28.25300   27.55600   16.66700  
H    29.90300   28.07200   17.25200  
H    29.71800   27.22200   15.70700  
S    29.47400   25.80700   17.69800  
C    29.05500   26.41100   19.34900  
H    28.06200   26.86800   19.37500  
H    29.20400   25.56600   20.02500  
H    29.81500   27.16000   19.58700  
O    30.90500   25.38900   17.82900  
C    34.49200   26.68800   26.04600  
H    34.76400   26.58100   24.99200  
H    33.60300   27.32100   26.10500  
H    35.34800   27.12500   26.56700  
S    34.02500   25.05300   26.65500  
C    32.55500   24.71600   25.66000  
H    31.83600   25.50500   25.89900  
H    32.93400   24.75000   24.63500  
H    32.02000   23.79300   25.89700  
O    33.41700   25.52400   27.93900  
C    26.61100   30.77500   15.28100  
H    26.25200   31.72300   15.68900  
H    26.61400   31.02200   14.21600  
H    25.89100   29.96200   15.40100  
S    28.27700   30.35600   15.84200  
C    27.68200   30.09900   17.52900  
H    28.52800   30.18900   18.21500  
H    26.93400   30.84300   17.81500  
H    27.20100   29.12600   17.66100  
O    28.89800   31.70800   16.01500  
C    24.20100   30.80600   28.73600  
H    23.11500   30.92300   28.69800  
H    24.58200   31.18500   29.68700  
H    24.61300   31.35900   27.88800  
S    24.47300   29.02000   28.68500  
C    26.02900   29.02700   27.76700  
H    25.73900   29.57400   26.86600  
H    26.76600   29.62900   28.30400  
H    26.29400   27.97300   27.64900  
O    23.39300   28.66500   27.71100  
C    23.44600   29.46100   19.87200  
H    24.19300   30.09600   20.35500  
H    22.47500   29.93700   20.03000  
H    23.50100   28.38400   20.04900  
S    23.83900   29.43900   18.10800  
C    22.25800   28.77100   17.54500  
H    21.44600   29.49100   17.67800  
H    22.25600   28.66700   16.45600  
H    22.02300   27.87100   18.11800  
O    24.85000   28.36400   17.85700  
C    25.39700   35.44200   26.59400  
H    24.54400   35.31700   27.26600  
H    25.73600   36.47900   26.66300  
H    24.96800   35.39400   25.58900  
S    26.72900   34.28900   26.99500  
C    27.72800   34.69100   25.54300  
H    28.31200   35.60600   25.66900  
H    28.41200   33.84100   25.47900  
H    27.03300   34.69200   24.69900  
O    26.07900   32.96100   26.76300  
C    23.99600   19.85800   27.17500  
H    24.47800   20.83800   27.13900  
H    24.40300   19.26100   27.99500  
H    24.20400   19.34100   26.23400  
S    22.20900   20.02100   27.38600  
C    21.93200   20.94800   25.86000  
H    20.89900   21.30400   25.84400  
H    22.68600   21.71700   25.67400  
H    21.81900   20.29100   24.99300  
O    22.20200   21.03900   28.48300  
C    21.60600   27.94700   22.02900  
H    21.55300   27.43300   21.06500  
H    22.04600   28.94700   22.06900  
H    22.06000   27.33200   22.81100  
S    19.85200   28.19000   22.38900  
C    19.70900   29.66600   21.35600  
H    18.71100   30.10600   21.29300  
H    20.50800   30.35100   21.65300  
H    20.01000   29.41000   20.33700  
O    19.90200   28.66900   23.80600  
C    23.33100   21.27600   22.05300  
H    23.49700   22.09800   21.35300  
H    23.29300   20.34200   21.48700  
H    22.36300   21.41000   22.54200  
S    24.70800   21.16300   23.21800  
C    25.01800   22.88200   23.68200  
H    26.01500   22.97000   24.12000  
H    25.01300   23.53900   22.80800  
H    24.21900   23.17100   24.36900  
O    25.86000   20.99000   22.27800  
C    30.79200   28.46800   26.47700  
H    31.40100   27.56700   26.58400  
H    30.38000   28.47500   25.46500  
H    31.30500   29.42000   26.63600  
S    29.37900   28.41300   27.60200  
C    30.39000   27.97900   29.03600  
H    31.09300   27.22200   28.67900  
H    30.97800   28.85100   29.33500  
H    29.77700   27.60500   29.85900  
O    28.74100   27.11200   27.22500  
C    23.89800   21.02200   18.08600  
H    23.96800   21.55800   19.03600  
H    23.31000   21.65000   17.41200  
H    23.36500   20.11100   18.37000  
S    25.56200   20.69200   17.46300  
C    26.18000   19.98600   19.00800  
H    26.25600   20.62800   19.88900  
H    25.63200   19.08400   19.29200  
H    27.16400   19.62500   18.69800  
O    26.21700   22.03300   17.58100  
$end

$rem
JOBTYPE  SP
METHOD  B3LYP
BASIS  6-31+G(D)
SYMMETRY  FALSE
SYM_IGNORE  TRUE
MEM_TOTAL  16000
MEM_STATIC  8000
MAX_SUB_FILE_NUM  16000
BASIS_LIN_DEP_THRESH  6
THRESH  14
SCF_CONVERGENCE  8
GEN_SCFMAN  TRUE
SCF_GUESS  FRAGMO
FD_MAT_VEC_PROD  FALSE
XC_GRID  000075000302
NL_GRID  1
MAX_SCF_CYCLES  200
FRGM_METHOD  STOLL
SCFMI_MODE  1
$end

$development
almo_efield  1
$end

$rem_frgm
SCF_CONVERGENCE  4
$end

@@@

$molecule
0 1
@C    28.10600   28.24500   23.21800  
@C    27.10800   28.47000   24.36600  
@C    25.86500   27.59200   24.14900  
@C    26.26500   26.10700   24.15600  
@C    27.36800   25.82500   23.12300  
@C    28.56900   26.78400   23.09500  
@H    25.27200   27.76900   25.05400  
@H    27.58600   28.16700   25.30500  
@H    27.50700   28.69300   22.41500  
@H    28.96500   28.91800   23.33200  
@H    26.56200   25.88300   25.18800  
@H    25.44200   25.43000   23.89600  
@H    27.60700   24.75500   23.12500  
@H    26.82400   26.05800   22.19900  
@H    29.17400   26.52100   23.97200  
@H    29.12000   26.62400   22.16000  
@H    25.33500   27.99400   23.27600  
@N    26.65100   29.85800   24.35600  
@H    25.75600   30.01500   23.90700  
@C    27.33500   30.96100   24.82100  
@H    26.90300   31.95500   24.60300  
@O    28.48500   30.85700   25.21100  
C    23.12300   33.09000   24.77700  
H    23.31300   33.89700   24.06500  
H    22.17000   33.10200   25.31200  
H    23.97800   33.05400   25.45600  
S    23.09200   31.61100   23.73900  
C    22.89000   30.48500   25.13800  
H    22.58000   29.51400   24.74500  
H    23.85500   30.50800   25.65000  
H    22.07800   30.81300   25.79200  
O    24.53500   31.42400   23.38500  
C    34.84400   31.74200   25.63400  
H    34.21700   32.53100   25.21100  
H    34.80800   31.61500   26.71900  
H    35.89300   31.76700   25.33000  
S    34.24500   30.12500   25.09400  
C    35.02700   30.15400   23.46500  
H    34.72000   29.25900   22.91900  
H    34.66300   31.00400   22.88200  
H    36.10200   30.17900   23.66000  
O    32.79700   30.40800   24.83700  
C    31.12300   33.41800   24.57500  
H    30.48700   33.76700   25.39300  
H    30.96200   32.34400   24.45300  
H    32.16900   33.55500   24.85900  
S    30.57400   34.29300   23.09200  
C    30.76500   35.94300   23.80400  
H    30.47800   36.67300   23.04300  
H    30.01000   36.04200   24.58800  
H    31.74500   36.04600   24.27600  
O    29.09900   34.09200   22.93700  
C    32.25600   29.78100   21.46500  
H    31.78700   28.87700   21.86100  
H    33.30200   29.58900   21.21300  
H    32.32600   30.48200   22.30000  
S    31.47300   30.59000   20.05200  
C    29.87900   30.94100   20.82700  
H    29.88600   31.67400   21.63800  
H    29.25400   31.36600   20.03700  
H    29.52400   30.02900   21.31300  
O    31.01600   29.40000   19.26600  
C    26.99100   18.86000   25.15900  
H    25.95100   18.61400   24.92800  
H    27.33200   18.18800   25.95100  
H    26.94400   19.90200   25.48600  
S    28.16300   18.71400   23.79200  
C    28.01800   16.93000   23.54200  
H    28.58200   16.75100   22.62300  
H    28.39600   16.25800   24.31600  
H    26.96300   16.67400   23.41500  
O    29.47000   18.77400   24.51800  
C    32.15600   33.52000   28.52100  
H    31.66900   33.46500   29.49800  
H    33.20600   33.82100   28.55800  
H    31.59300   34.27100   27.96000  
S    32.07200   31.85600   27.82100  
C    30.26500   31.86600   27.83600  
H    29.86400   31.74300   28.84600  
H    29.79200   32.69100   27.29600  
H    30.00200   31.00500   27.21700  
O    32.36300   31.00400   29.01600  
C    29.26200   24.96600   30.83500  
H    28.89800   25.39600   29.89800  
H    28.37000   24.66800   31.39200  
H    29.84600   25.73500   31.34700  
S    30.37300   23.56500   30.57400  
C    31.19200   24.32200   29.15300  
H    30.46200   24.56600   28.37700  
H    31.62900   25.21600   29.60700  
H    31.96500   23.63800   28.79300  
O    29.52100   22.43200   30.09200  
C    24.30600   23.66100   28.04600  
H    23.36300   23.10800   28.08300  
H    24.76400   23.57800   27.05700  
H    24.95700   23.17700   28.77800  
S    24.35100   25.35700   28.66600  
C    26.13500   25.32800   28.95200  
H    26.54200   25.99300   28.18600  
H    26.26500   25.78000   29.93900  
H    26.59500   24.34300   28.83400  
O    23.77000   25.35300   30.04600  
C    29.46500   21.51900   22.66700  
H    29.01800   21.59100   23.66200  
H    28.66600   21.36700   21.93700  
H    30.25700   20.77000   22.59100  
S    30.15600   23.15600   22.34000  
C    30.74700   22.65100   20.70900  
H    31.11300   23.62200   20.36500  
H    31.57000   21.93700   20.79900  
H    29.91500   22.24800   20.12600  
O    31.44700   23.19800   23.09800  
C    28.87200   23.63100   25.83500  
H    29.77200   23.03000   25.68600  
H    28.27900   23.65800   24.91700  
H    29.09700   24.65100   26.15700  
S    27.98500   22.81900   27.18400  
C    29.05200   21.36100   27.12600  
H    29.06600   20.98700   26.09900  
H    30.09000   21.62700   27.34200  
H    28.59300   20.59200   27.75300  
O    26.80100   22.20200   26.50800  
C    25.58100   34.63700   22.05200  
H    24.93200   35.51600   22.07100  
H    25.50700   34.07000   22.98400  
H    26.58500   34.95000   21.75300  
S    25.02000   33.52900   20.73900  
C    26.54300   32.59400   20.47100  
H    26.55900   32.21200   19.44600  
H    27.42000   33.21900   20.65700  
H    26.53700   31.75400   21.17100  
O    25.06800   34.40400   19.52500  
C    22.48700   26.09400   25.15500  
H    22.69200   26.31200   26.20600  
H    23.31700   26.16800   24.44800  
H    21.62600   26.65100   24.77500  
S    21.84800   24.41000   25.30300  
C    21.33800   24.35400   23.57000  
H    20.59700   25.13100   23.37000  
H    22.17000   24.41000   22.86300  
H    20.78200   23.41300   23.55200  
O    20.56200   24.38600   26.06900  
C    23.04200   25.27500   19.19400  
H    22.15800   25.76700   19.60800  
H    23.36700   25.62200   18.21000  
H    22.97400   24.19000   19.31100  
S    24.43500   25.85000   20.19200  
C    25.58700   24.46600   20.04600  
H    25.82400   24.35500   18.98500  
H    26.50300   24.72300   20.58500  
H    25.02200   23.58800   20.36800  
O    23.85200   25.65100   21.55700  
C    33.81300   27.19200   19.12800  
H    33.51400   26.50000   18.33700  
H    32.97500   27.87600   19.28300  
H    34.68900   27.80900   18.91400  
S    34.25800   26.28200   20.62500  
C    32.60600   25.95100   21.27600  
H    32.59200   25.47400   22.25900  
H    32.02700   26.87700   21.32500  
H    32.01600   25.32900   20.59800  
O    34.85700   27.30900   21.53500  
C    27.42800   30.50500   33.05200  
H    27.22900   29.97900   33.98900  
H    28.42000   30.94900   32.94400  
H    26.76300   31.29300   32.68900  
S    27.06400   29.32900   31.72800  
C    25.38900   28.80400   32.16000  
H    25.50000   28.40900   33.17300  
H    24.64200   29.60100   32.20000  
H    25.02100   28.05400   31.45600  
O    27.87200   28.08700   31.94000  
C    29.31800   27.31800   16.72000  
H    28.25300   27.55600   16.66700  
H    29.90300   28.07200   17.25200  
H    29.71800   27.22200   15.70700  
S    29.47400   25.80700   17.69800  
C    29.05500   26.41100   19.34900  
H    28.06200   26.86800   19.37500  
H    29.20400   25.56600   20.02500  
H    29.81500   27.16000   19.58700  
O    30.90500   25.38900   17.82900  
C    34.49200   26.68800   26.04600  
H    34.76400   26.58100   24.99200  
H    33.60300   27.32100   26.10500  
H    35.34800   27.12500   26.56700  
S    34.02500   25.05300   26.65500  
C    32.55500   24.71600   25.66000  
H    31.83600   25.50500   25.89900  
H    32.93400   24.75000   24.63500  
H    32.02000   23.79300   25.89700  
O    33.41700   25.52400   27.93900  
C    26.61100   30.77500   15.28100  
H    26.25200   31.72300   15.68900  
H    26.61400   31.02200   14.21600  
H    25.89100   29.96200   15.40100  
S    28.27700   30.35600   15.84200  
C    27.68200   30.09900   17.52900  
H    28.52800   30.18900   18.21500  
H    26.93400   30.84300   17.81500  
H    27.20100   29.12600   17.66100  
O    28.89800   31.70800   16.01500  
C    24.20100   30.80600   28.73600  
H    23.11500   30.92300   28.69800  
H    24.58200   31.18500   29.68700  
H    24.61300   31.35900   27.88800  
S    24.47300   29.02000   28.68500  
C    26.02900   29.02700   27.76700  
H    25.73900   29.57400   26.86600  
H    26.76600   29.62900   28.30400  
H    26.29400   27.97300   27.64900  
O    23.39300   28.66500   27.71100  
C    23.44600   29.46100   19.87200  
H    24.19300   30.09600   20.35500  
H    22.47500   29.93700   20.03000  
H    23.50100   28.38400   20.04900  
S    23.83900   29.43900   18.10800  
C    22.25800   28.77100   17.54500  
H    21.44600   29.49100   17.67800  
H    22.25600   28.66700   16.45600  
H    22.02300   27.87100   18.11800  
O    24.85000   28.36400   17.85700  
C    25.39700   35.44200   26.59400  
H    24.54400   35.31700   27.26600  
H    25.73600   36.47900   26.66300  
H    24.96800   35.39400   25.58900  
S    26.72900   34.28900   26.99500  
C    27.72800   34.69100   25.54300  
H    28.31200   35.60600   25.66900  
H    28.41200   33.84100   25.47900  
H    27.03300   34.69200   24.69900  
O    26.07900   32.96100   26.76300  
C    23.99600   19.85800   27.17500  
H    24.47800   20.83800   27.13900  
H    24.40300   19.26100   27.99500  
H    24.20400   19.34100   26.23400  
S    22.20900   20.02100   27.38600  
C    21.93200   20.94800   25.86000  
H    20.89900   21.30400   25.84400  
H    22.68600   21.71700   25.67400  
H    21.81900   20.29100   24.99300  
O    22.20200   21.03900   28.48300  
C    21.60600   27.94700   22.02900  
H    21.55300   27.43300   21.06500  
H    22.04600   28.94700   22.06900  
H    22.06000   27.33200   22.81100  
S    19.85200   28.19000   22.38900  
C    19.70900   29.66600   21.35600  
H    18.71100   30.10600   21.29300  
H    20.50800   30.35100   21.65300  
H    20.01000   29.41000   20.33700  
O    19.90200   28.66900   23.80600  
C    23.33100   21.27600   22.05300  
H    23.49700   22.09800   21.35300  
H    23.29300   20.34200   21.48700  
H    22.36300   21.41000   22.54200  
S    24.70800   21.16300   23.21800  
C    25.01800   22.88200   23.68200  
H    26.01500   22.97000   24.12000  
H    25.01300   23.53900   22.80800  
H    24.21900   23.17100   24.36900  
O    25.86000   20.99000   22.27800  
C    30.79200   28.46800   26.47700  
H    31.40100   27.56700   26.58400  
H    30.38000   28.47500   25.46500  
H    31.30500   29.42000   26.63600  
S    29.37900   28.41300   27.60200  
C    30.39000   27.97900   29.03600  
H    31.09300   27.22200   28.67900  
H    30.97800   28.85100   29.33500  
H    29.77700   27.60500   29.85900  
O    28.74100   27.11200   27.22500  
C    23.89800   21.02200   18.08600  
H    23.96800   21.55800   19.03600  
H    23.31000   21.65000   17.41200  
H    23.36500   20.11100   18.37000  
S    25.56200   20.69200   17.46300  
C    26.18000   19.98600   19.00800  
H    26.25600   20.62800   19.88900  
H    25.63200   19.08400   19.29200  
H    27.16400   19.62500   18.69800  
O    26.21700   22.03300   17.58100  
$end

$rem
JOBTYPE  SP
METHOD  B3LYP
BASIS  6-31+G(D)
SYMMETRY  FALSE
SYM_IGNORE  TRUE
MEM_TOTAL  16000
MEM_STATIC  8000
MAX_SUB_FILE_NUM  16000
BASIS_LIN_DEP_THRESH  6
THRESH  14
SCF_CONVERGENCE  8
GEN_SCFMAN  FALSE
SCF_GUESS  READ_DEN
FD_MAT_VEC_PROD  FALSE
XC_GRID  000075000302
NL_GRID  1
MAX_SCF_CYCLES  200
SKIP_SCFMAN  TRUE
ESP_GRID  0
ESP_EFIELD  1
$end

$development
almo_efield  1
$end

