$molecule
0 1
--
0 1
C    21.00500   14.97400   29.11300  
C    22.50600   15.01900   29.44200  
C    23.15100   16.18100   28.66700  
C    22.38500   17.48400   28.94500  
C    20.86000   17.52400   28.74900  
C    20.20400   16.26700   29.34300  
H    24.19200   16.32400   28.98300  
H    22.59600   15.21400   30.51700  
H    20.89800   14.69500   28.05700  
H    20.60500   14.17500   29.74800  
H    22.61500   17.84800   29.95400  
H    22.71600   18.23300   28.21500  
H    20.48300   18.43600   29.22700  
H    20.74600   17.54100   27.65900  
H    20.08200   16.40500   30.42500  
H    19.20900   16.04700   28.93700  
H    23.19100   16.00000   27.58600  
N    23.07900   13.68500   29.27300  
H    23.39200   13.40900   28.35100  
C    23.07300   12.77900   30.31300  
H    23.46500   11.78500   30.03200  
O    22.78300   13.03300   31.46900  
--
0 1
C    23.58900   20.36000   23.12200  
H    23.46600   20.71300   22.09500  
H    24.31600   21.06800   23.52600  
H    23.93900   19.32500   23.16000  
S    22.14100   20.50500   24.19400  
C    22.06900   22.27300   24.56200  
H    21.16500   22.45500   25.14700  
H    22.99600   22.40600   25.12600  
H    21.99500   22.80600   23.61100  
O    22.65600   19.86600   25.44600  
C    20.40500   19.80000   32.50600  
H    20.93500   19.04600   33.09200  
H    20.21000   19.50200   31.47200  
H    21.02400   20.69700   32.58400  
S    18.86600   20.19700   33.36600  
C    17.70200   19.99800   31.99800  
H    17.81300   20.79900   31.26300  
H    17.88900   19.03200   31.52200  
H    16.68300   19.95300   32.39100  
O    18.99800   21.65300   33.68500  
C    27.58900   21.34600   30.69000  
H    27.29500   20.50800   30.05300  
H    28.51100   21.74200   30.25500  
H    27.79700   20.94100   31.68400  
S    26.30800   22.61900   30.67600  
C    27.13200   23.64300   31.91700  
H    27.33000   23.08200   32.83400  
H    28.07500   24.02300   31.51600  
H    26.43900   24.45000   32.16500  
O    25.21600   21.97700   31.47400  
C    17.02600   8.80800    33.56200  
H    16.39800   8.39700    34.35700  
H    16.82500   8.31700    32.60600  
H    18.06900   8.66800    33.85600  
S    16.86300   10.60100   33.40100  
C    15.39500   10.59000   32.34800  
H    14.54800   10.03000   32.75400  
H    15.01700   11.60800   32.22400  
H    15.61000   10.34300   31.30500  
O    17.85100   10.94100   32.32900  
C    14.14500   12.62600   29.49200  
H    14.76400   11.73600   29.35800  
H    14.80400   13.46300   29.73700  
H    13.56600   12.40600   30.39300  
S    12.98900   12.87100   28.12500  
C    13.13400   14.67100   28.20200  
H    12.57300   15.14100   27.39000  
H    12.88500   15.09400   29.17800  
H    14.18200   14.91700   28.01200  
O    11.57700   12.65700   28.57300  
C    24.79600   21.65700   35.39600  
H    24.62500   21.84100   36.45900  
H    25.71000   21.06100   35.33400  
H    24.89100   22.66100   34.97400  
S    23.53500   20.69000   34.53500  
C    22.18600   21.12000   35.65700  
H    22.14800   22.21200   35.70800  
H    21.28000   20.78800   35.14400  
H    22.36400   20.65100   36.62800  
O    23.73500   19.26400   34.94500  
C    27.17000   11.48400   33.10100  
H    27.60800   11.48800   34.10300  
H    27.99400   11.53600   32.38500  
H    26.45600   12.30100   32.96900  
S    26.26700   9.94400    32.82400  
C    24.96200   10.60500   31.76200  
H    24.44100   9.71800    31.39200  
H    24.35000   11.23700   32.41000  
H    25.36000   11.27300   30.99400  
O    25.51600   9.73400    34.10200  
C    16.56800   13.04300   25.33000  
H    16.18300   12.98400   26.35100  
H    17.28000   12.22000   25.22500  
H    17.11700   13.98400   25.23400  
S    15.18800   12.89300   24.17400  
C    14.87900   11.13100   24.43000  
H    14.40700   11.01800   25.40900  
H    14.21700   10.79300   23.62900  
H    15.88000   10.69600   24.37100  
O    15.68600   13.03500   22.76900  
C    19.72000   14.47600   23.99300  
H    18.93300   13.79800   23.65200  
H    20.63600   14.29900   23.42400  
H    19.98400   14.31300   25.04100  
S    19.04400   16.13400   23.75100  
C    20.35200   17.12800   24.50300  
H    21.30700   17.07900   23.97300  
H    19.91000   18.12100   24.61500  
H    20.48500   16.67000   25.48600  
O    17.91900   16.24600   24.73300  
C    23.64900   9.16900    28.32000  
H    22.91200   9.16900    29.12700  
H    24.29600   10.04700   28.25200  
H    23.22800   8.95100    27.33500  
S    24.46000   7.61100    28.74700  
C    23.31000   6.59700    27.79000  
H    23.39900   5.51800    27.93900  
H    22.29400   6.83600    28.11400  
H    23.16400   6.81600    26.72900  
O    24.11100   7.44100    30.19300  
C    29.31400   17.32300   30.35100  
H    28.81600   17.99200   31.05800  
H    28.79400   16.37200   30.49500  
H    30.37700   17.18000   30.56000  
S    29.18200   17.89700   28.64300  
C    29.84100   19.50200   29.14800  
H    29.34400   20.18600   28.45600  
H    29.55000   19.69700   30.18300  
H    30.92400   19.54100   29.00100  
O    27.69900   17.94900   28.44500  
C    18.02300   12.10900   29.55100  
H    18.79000   12.22800   30.32100  
H    17.87500   12.96900   28.89300  
H    17.11700   11.90900   30.12900  
S    18.41200   10.62100   28.60200  
C    20.05000   11.26600   28.19800  
H    20.62900   10.42200   27.81200  
H    19.93400   12.12500   27.53200  
H    20.45800   11.54200   29.17300  
O    17.69800   10.73800   27.29200  
C    20.18400   14.57300   33.56500  
H    19.83400   14.78600   32.55200  
H    20.90700   13.75400   33.53500  
H    19.31800   14.27700   34.16300  
S    20.83000   16.13300   34.20800  
C    21.08200   15.47100   35.87000  
H    21.72800   14.59700   35.75800  
H    21.70800   16.10200   36.50600  
H    20.19300   15.13000   36.40700  
O    19.58900   16.96900   34.25700  
C    17.96400   22.22800   23.93700  
H    18.98800   22.47000   23.64100  
H    17.29200   22.89700   23.39400  
H    17.79700   22.39300   25.00400  
S    17.51600   20.54400   23.45800  
C    17.51300   20.90300   21.68700  
H    18.39000   21.50600   21.43900  
H    17.47700   19.96400   21.12800  
H    16.66300   21.53700   21.42400  
O    16.03800   20.57200   23.69800  
C    22.55400   22.29800   29.64500  
H    22.62400   23.13400   30.34500  
H    22.91400   21.34400   30.03800  
H    23.07700   22.56300   28.72300  
S    20.80300   22.25700   29.20000  
C    20.99700   21.22900   27.72700  
H    20.01800   21.22500   27.24000  
H    21.71800   21.75200   27.09400  
H    21.34100   20.23400   28.02200  
O    20.50300   23.62700   28.67700  
C    26.15500   18.72600   32.87600  
H    27.23000   18.91400   32.83400  
H    25.59500   19.56700   32.46000  
H    25.74900   18.44400   33.85100  
S    25.81600   17.18600   31.99400  
C    24.02000   17.32000   32.14800  
H    23.61600   18.16300   31.58300  
H    23.60100   16.37500   31.79400  
H    23.76700   17.30900   33.21200  
O    26.10600   16.18300   33.06700  
C    16.37300   14.57200   32.94900  
H    17.20600   13.90100   33.17500  
H    16.00600   15.06200   33.85400  
H    15.57600   14.05100   32.41200  
S    16.97500   15.89400   31.87400  
C    15.58600   17.00600   32.19200  
H    14.67200   16.41500   32.08900  
H    15.60500   17.44100   33.19400  
H    15.66100   17.83800   31.48700  
O    16.58400   15.28800   30.56300  
C    21.74600   9.22600    34.78900  
H    21.33000   8.25700    34.50200  
H    21.05100   10.00800   34.47300  
H    22.70400   9.32400    34.27200  
S    22.06400   9.31100    36.56500  
C    23.62900   8.40900    36.59000  
H    24.48500   9.01500    36.28100  
H    23.82400   7.97300    37.57300  
H    23.38500   7.61300    35.88100  
O    21.09700   8.36300    37.20300  
C    25.28200   17.41800   26.02300  
H    25.26300   16.78800   26.91500  
H    26.20700   18.00000   26.00200  
H    24.31200   17.91800   25.95500  
S    25.15400   16.28500   24.62100  
C    26.80400   15.61600   24.92700  
H    27.12400   15.10900   24.01200  
H    27.48800   16.45600   25.07100  
H    26.82200   15.01500   25.84000  
O    25.28500   17.23200   23.46900  
C    18.20600   7.33400    30.32400  
H    17.95700   6.81800    31.25400  
H    17.73200   8.31600    30.25300  
H    17.91400   6.69900    29.48300  
S    19.99200   7.49100    30.10100  
C    20.19500   8.98600    31.09700  
H    19.95400   8.63600    32.10400  
H    21.26400   9.18400    30.98800  
H    19.55500   9.79600    30.73800  
O    20.12700   7.91000    28.67000  
C    15.66100   18.82300   28.62000  
H    15.09200   19.27700   29.43600  
H    14.94300   18.80600   27.79600  
H    16.09300   17.87700   28.95600  
S    16.95800   19.99300   28.15700  
C    17.43600   19.02700   26.70700  
H    17.41100   17.97600   27.00500  
H    16.65600   19.14500   25.95100  
H    18.43900   19.31400   26.37900  
O    18.13700   19.83500   29.06600  
C    25.35400   12.11500   36.47600  
H    26.29200   12.27100   35.93700  
H    25.14100   12.88000   37.22700  
H    25.34400   11.19000   37.05800  
S    24.02900   12.05100   35.24900  
C    24.29700   13.71200   34.59000  
H    25.32200   14.03900   34.40000  
H    23.67700   13.64900   33.69200  
H    23.68700   14.39500   35.18700  
O    22.85600   12.35600   36.12800  
C    26.18900   21.17600   25.48100  
H    27.19000   20.96000   25.09900  
H    25.60900   20.25500   25.38500  
H    25.81500   21.90100   24.75300  
S    26.25200   21.71300   27.20500  
C    25.04700   20.55300   27.88900  
H    24.81700   20.87400   28.90800  
H    24.23200   20.48800   27.16300  
H    25.45000   19.54100   27.97700  
O    25.47400   22.99100   27.14600  
C    29.44300   6.50100    31.00900  
H    30.34000   7.03300    31.33500  
H    28.63100   6.78700    31.68300  
H    29.58100   5.41700    31.05200  
S    28.75900   6.91900    29.38900  
C    27.85200   8.42800    29.79800  
H    27.23700   8.19600    30.67100  
H    28.50000   9.26300    30.07600  
H    27.17400   8.75400    29.00500  
O    27.66500   5.92200    29.16500  
C    28.16000   13.47400   27.73200  
H    28.51300   14.50900   27.72000  
H    28.93200   12.90300   28.25400  
H    28.31000   13.11300   26.71100  
S    26.54800   13.14700   28.47800  
C    26.98400   13.96400   30.03000  
H    26.10600   14.05900   30.67400  
H    27.66600   13.28200   30.54400  
H    27.47200   14.88900   29.71200  
O    26.66000   11.68600   28.78700  
C    29.01200   10.05700   26.90900  
H    28.38900   10.73100   27.50100  
H    29.17000   9.18000    27.54300  
H    29.98400   10.50700   26.68900  
S    28.18700   9.38700    25.44700  
C    26.75100   8.59600    26.20500  
H    26.26600   9.26900    26.91700  
H    26.03500   8.32100    25.42700  
H    27.25300   7.76500    26.70700  
O    29.05900   8.19900    25.18500  
C    24.73600   11.69200   23.64900  
H    25.69100   12.22300   23.60300  
H    24.78300   10.75600   23.08700  
H    23.88000   12.31600   23.38000  
S    24.45800   11.19400   25.36300  
C    22.74300   10.62400   25.35200  
H    22.23400   11.13600   24.53200  
H    22.81400   9.58500    25.02000  
H    22.40700   10.73400   26.38600  
O    24.20000   12.50900   26.03200  
$end

$rem
JOBTYPE  SP
METHOD  B3LYP
BASIS  6-31+G(D)
SYMMETRY  FALSE
SYM_IGNORE  TRUE
MEM_TOTAL  16000
MEM_STATIC  8000
MAX_SUB_FILE_NUM  16000
BASIS_LIN_DEP_THRESH  6
THRESH  14
SCF_CONVERGENCE  8
GEN_SCFMAN  TRUE
SCF_GUESS  FRAGMO
FD_MAT_VEC_PROD  FALSE
XC_GRID  000075000302
NL_GRID  1
MAX_SCF_CYCLES  200
FRGM_METHOD  STOLL
SCFMI_MODE  1
$end

$development
almo_efield  1
$end

$rem_frgm
SCF_CONVERGENCE  4
$end

@@@

$molecule
0 1
@C    21.00500   14.97400   29.11300  
@C    22.50600   15.01900   29.44200  
@C    23.15100   16.18100   28.66700  
@C    22.38500   17.48400   28.94500  
@C    20.86000   17.52400   28.74900  
@C    20.20400   16.26700   29.34300  
@H    24.19200   16.32400   28.98300  
@H    22.59600   15.21400   30.51700  
@H    20.89800   14.69500   28.05700  
@H    20.60500   14.17500   29.74800  
@H    22.61500   17.84800   29.95400  
@H    22.71600   18.23300   28.21500  
@H    20.48300   18.43600   29.22700  
@H    20.74600   17.54100   27.65900  
@H    20.08200   16.40500   30.42500  
@H    19.20900   16.04700   28.93700  
@H    23.19100   16.00000   27.58600  
@N    23.07900   13.68500   29.27300  
@H    23.39200   13.40900   28.35100  
@C    23.07300   12.77900   30.31300  
@H    23.46500   11.78500   30.03200  
@O    22.78300   13.03300   31.46900  
C    23.58900   20.36000   23.12200  
H    23.46600   20.71300   22.09500  
H    24.31600   21.06800   23.52600  
H    23.93900   19.32500   23.16000  
S    22.14100   20.50500   24.19400  
C    22.06900   22.27300   24.56200  
H    21.16500   22.45500   25.14700  
H    22.99600   22.40600   25.12600  
H    21.99500   22.80600   23.61100  
O    22.65600   19.86600   25.44600  
C    20.40500   19.80000   32.50600  
H    20.93500   19.04600   33.09200  
H    20.21000   19.50200   31.47200  
H    21.02400   20.69700   32.58400  
S    18.86600   20.19700   33.36600  
C    17.70200   19.99800   31.99800  
H    17.81300   20.79900   31.26300  
H    17.88900   19.03200   31.52200  
H    16.68300   19.95300   32.39100  
O    18.99800   21.65300   33.68500  
C    27.58900   21.34600   30.69000  
H    27.29500   20.50800   30.05300  
H    28.51100   21.74200   30.25500  
H    27.79700   20.94100   31.68400  
S    26.30800   22.61900   30.67600  
C    27.13200   23.64300   31.91700  
H    27.33000   23.08200   32.83400  
H    28.07500   24.02300   31.51600  
H    26.43900   24.45000   32.16500  
O    25.21600   21.97700   31.47400  
C    17.02600   8.80800    33.56200  
H    16.39800   8.39700    34.35700  
H    16.82500   8.31700    32.60600  
H    18.06900   8.66800    33.85600  
S    16.86300   10.60100   33.40100  
C    15.39500   10.59000   32.34800  
H    14.54800   10.03000   32.75400  
H    15.01700   11.60800   32.22400  
H    15.61000   10.34300   31.30500  
O    17.85100   10.94100   32.32900  
C    14.14500   12.62600   29.49200  
H    14.76400   11.73600   29.35800  
H    14.80400   13.46300   29.73700  
H    13.56600   12.40600   30.39300  
S    12.98900   12.87100   28.12500  
C    13.13400   14.67100   28.20200  
H    12.57300   15.14100   27.39000  
H    12.88500   15.09400   29.17800  
H    14.18200   14.91700   28.01200  
O    11.57700   12.65700   28.57300  
C    24.79600   21.65700   35.39600  
H    24.62500   21.84100   36.45900  
H    25.71000   21.06100   35.33400  
H    24.89100   22.66100   34.97400  
S    23.53500   20.69000   34.53500  
C    22.18600   21.12000   35.65700  
H    22.14800   22.21200   35.70800  
H    21.28000   20.78800   35.14400  
H    22.36400   20.65100   36.62800  
O    23.73500   19.26400   34.94500  
C    27.17000   11.48400   33.10100  
H    27.60800   11.48800   34.10300  
H    27.99400   11.53600   32.38500  
H    26.45600   12.30100   32.96900  
S    26.26700   9.94400    32.82400  
C    24.96200   10.60500   31.76200  
H    24.44100   9.71800    31.39200  
H    24.35000   11.23700   32.41000  
H    25.36000   11.27300   30.99400  
O    25.51600   9.73400    34.10200  
C    16.56800   13.04300   25.33000  
H    16.18300   12.98400   26.35100  
H    17.28000   12.22000   25.22500  
H    17.11700   13.98400   25.23400  
S    15.18800   12.89300   24.17400  
C    14.87900   11.13100   24.43000  
H    14.40700   11.01800   25.40900  
H    14.21700   10.79300   23.62900  
H    15.88000   10.69600   24.37100  
O    15.68600   13.03500   22.76900  
C    19.72000   14.47600   23.99300  
H    18.93300   13.79800   23.65200  
H    20.63600   14.29900   23.42400  
H    19.98400   14.31300   25.04100  
S    19.04400   16.13400   23.75100  
C    20.35200   17.12800   24.50300  
H    21.30700   17.07900   23.97300  
H    19.91000   18.12100   24.61500  
H    20.48500   16.67000   25.48600  
O    17.91900   16.24600   24.73300  
C    23.64900   9.16900    28.32000  
H    22.91200   9.16900    29.12700  
H    24.29600   10.04700   28.25200  
H    23.22800   8.95100    27.33500  
S    24.46000   7.61100    28.74700  
C    23.31000   6.59700    27.79000  
H    23.39900   5.51800    27.93900  
H    22.29400   6.83600    28.11400  
H    23.16400   6.81600    26.72900  
O    24.11100   7.44100    30.19300  
C    29.31400   17.32300   30.35100  
H    28.81600   17.99200   31.05800  
H    28.79400   16.37200   30.49500  
H    30.37700   17.18000   30.56000  
S    29.18200   17.89700   28.64300  
C    29.84100   19.50200   29.14800  
H    29.34400   20.18600   28.45600  
H    29.55000   19.69700   30.18300  
H    30.92400   19.54100   29.00100  
O    27.69900   17.94900   28.44500  
C    18.02300   12.10900   29.55100  
H    18.79000   12.22800   30.32100  
H    17.87500   12.96900   28.89300  
H    17.11700   11.90900   30.12900  
S    18.41200   10.62100   28.60200  
C    20.05000   11.26600   28.19800  
H    20.62900   10.42200   27.81200  
H    19.93400   12.12500   27.53200  
H    20.45800   11.54200   29.17300  
O    17.69800   10.73800   27.29200  
C    20.18400   14.57300   33.56500  
H    19.83400   14.78600   32.55200  
H    20.90700   13.75400   33.53500  
H    19.31800   14.27700   34.16300  
S    20.83000   16.13300   34.20800  
C    21.08200   15.47100   35.87000  
H    21.72800   14.59700   35.75800  
H    21.70800   16.10200   36.50600  
H    20.19300   15.13000   36.40700  
O    19.58900   16.96900   34.25700  
C    17.96400   22.22800   23.93700  
H    18.98800   22.47000   23.64100  
H    17.29200   22.89700   23.39400  
H    17.79700   22.39300   25.00400  
S    17.51600   20.54400   23.45800  
C    17.51300   20.90300   21.68700  
H    18.39000   21.50600   21.43900  
H    17.47700   19.96400   21.12800  
H    16.66300   21.53700   21.42400  
O    16.03800   20.57200   23.69800  
C    22.55400   22.29800   29.64500  
H    22.62400   23.13400   30.34500  
H    22.91400   21.34400   30.03800  
H    23.07700   22.56300   28.72300  
S    20.80300   22.25700   29.20000  
C    20.99700   21.22900   27.72700  
H    20.01800   21.22500   27.24000  
H    21.71800   21.75200   27.09400  
H    21.34100   20.23400   28.02200  
O    20.50300   23.62700   28.67700  
C    26.15500   18.72600   32.87600  
H    27.23000   18.91400   32.83400  
H    25.59500   19.56700   32.46000  
H    25.74900   18.44400   33.85100  
S    25.81600   17.18600   31.99400  
C    24.02000   17.32000   32.14800  
H    23.61600   18.16300   31.58300  
H    23.60100   16.37500   31.79400  
H    23.76700   17.30900   33.21200  
O    26.10600   16.18300   33.06700  
C    16.37300   14.57200   32.94900  
H    17.20600   13.90100   33.17500  
H    16.00600   15.06200   33.85400  
H    15.57600   14.05100   32.41200  
S    16.97500   15.89400   31.87400  
C    15.58600   17.00600   32.19200  
H    14.67200   16.41500   32.08900  
H    15.60500   17.44100   33.19400  
H    15.66100   17.83800   31.48700  
O    16.58400   15.28800   30.56300  
C    21.74600   9.22600    34.78900  
H    21.33000   8.25700    34.50200  
H    21.05100   10.00800   34.47300  
H    22.70400   9.32400    34.27200  
S    22.06400   9.31100    36.56500  
C    23.62900   8.40900    36.59000  
H    24.48500   9.01500    36.28100  
H    23.82400   7.97300    37.57300  
H    23.38500   7.61300    35.88100  
O    21.09700   8.36300    37.20300  
C    25.28200   17.41800   26.02300  
H    25.26300   16.78800   26.91500  
H    26.20700   18.00000   26.00200  
H    24.31200   17.91800   25.95500  
S    25.15400   16.28500   24.62100  
C    26.80400   15.61600   24.92700  
H    27.12400   15.10900   24.01200  
H    27.48800   16.45600   25.07100  
H    26.82200   15.01500   25.84000  
O    25.28500   17.23200   23.46900  
C    18.20600   7.33400    30.32400  
H    17.95700   6.81800    31.25400  
H    17.73200   8.31600    30.25300  
H    17.91400   6.69900    29.48300  
S    19.99200   7.49100    30.10100  
C    20.19500   8.98600    31.09700  
H    19.95400   8.63600    32.10400  
H    21.26400   9.18400    30.98800  
H    19.55500   9.79600    30.73800  
O    20.12700   7.91000    28.67000  
C    15.66100   18.82300   28.62000  
H    15.09200   19.27700   29.43600  
H    14.94300   18.80600   27.79600  
H    16.09300   17.87700   28.95600  
S    16.95800   19.99300   28.15700  
C    17.43600   19.02700   26.70700  
H    17.41100   17.97600   27.00500  
H    16.65600   19.14500   25.95100  
H    18.43900   19.31400   26.37900  
O    18.13700   19.83500   29.06600  
C    25.35400   12.11500   36.47600  
H    26.29200   12.27100   35.93700  
H    25.14100   12.88000   37.22700  
H    25.34400   11.19000   37.05800  
S    24.02900   12.05100   35.24900  
C    24.29700   13.71200   34.59000  
H    25.32200   14.03900   34.40000  
H    23.67700   13.64900   33.69200  
H    23.68700   14.39500   35.18700  
O    22.85600   12.35600   36.12800  
C    26.18900   21.17600   25.48100  
H    27.19000   20.96000   25.09900  
H    25.60900   20.25500   25.38500  
H    25.81500   21.90100   24.75300  
S    26.25200   21.71300   27.20500  
C    25.04700   20.55300   27.88900  
H    24.81700   20.87400   28.90800  
H    24.23200   20.48800   27.16300  
H    25.45000   19.54100   27.97700  
O    25.47400   22.99100   27.14600  
C    29.44300   6.50100    31.00900  
H    30.34000   7.03300    31.33500  
H    28.63100   6.78700    31.68300  
H    29.58100   5.41700    31.05200  
S    28.75900   6.91900    29.38900  
C    27.85200   8.42800    29.79800  
H    27.23700   8.19600    30.67100  
H    28.50000   9.26300    30.07600  
H    27.17400   8.75400    29.00500  
O    27.66500   5.92200    29.16500  
C    28.16000   13.47400   27.73200  
H    28.51300   14.50900   27.72000  
H    28.93200   12.90300   28.25400  
H    28.31000   13.11300   26.71100  
S    26.54800   13.14700   28.47800  
C    26.98400   13.96400   30.03000  
H    26.10600   14.05900   30.67400  
H    27.66600   13.28200   30.54400  
H    27.47200   14.88900   29.71200  
O    26.66000   11.68600   28.78700  
C    29.01200   10.05700   26.90900  
H    28.38900   10.73100   27.50100  
H    29.17000   9.18000    27.54300  
H    29.98400   10.50700   26.68900  
S    28.18700   9.38700    25.44700  
C    26.75100   8.59600    26.20500  
H    26.26600   9.26900    26.91700  
H    26.03500   8.32100    25.42700  
H    27.25300   7.76500    26.70700  
O    29.05900   8.19900    25.18500  
C    24.73600   11.69200   23.64900  
H    25.69100   12.22300   23.60300  
H    24.78300   10.75600   23.08700  
H    23.88000   12.31600   23.38000  
S    24.45800   11.19400   25.36300  
C    22.74300   10.62400   25.35200  
H    22.23400   11.13600   24.53200  
H    22.81400   9.58500    25.02000  
H    22.40700   10.73400   26.38600  
O    24.20000   12.50900   26.03200  
$end

$rem
JOBTYPE  SP
METHOD  B3LYP
BASIS  6-31+G(D)
SYMMETRY  FALSE
SYM_IGNORE  TRUE
MEM_TOTAL  16000
MEM_STATIC  8000
MAX_SUB_FILE_NUM  16000
BASIS_LIN_DEP_THRESH  6
THRESH  14
SCF_CONVERGENCE  8
GEN_SCFMAN  FALSE
SCF_GUESS  READ_DEN
FD_MAT_VEC_PROD  FALSE
XC_GRID  000075000302
NL_GRID  1
MAX_SCF_CYCLES  200
SKIP_SCFMAN  TRUE
ESP_GRID  0
ESP_EFIELD  1
$end

$development
almo_efield  1
$end

