$comment
job 1 performs the SPADE partition and write the orbitals
onto the disk; job 2 read in the occupied orbitals
correpsonding to the environment (solvent) and calculate
the electric fields at atomic positions of the solute
$end

$molecule
0 1
--
0 1
C    -1.43818   -1.82818   -4.01476  
H    -1.41233   -2.87396   -3.63610  
O    -0.43271   -1.39300   -4.58350  
N    -2.54675   -1.05524   -3.82050  
H    -3.33883   -1.51675   -3.34197  
C    -2.86381   0.26397    -4.38276  
C    -3.04750   0.20902    -5.96107  
C    -4.14270   0.95552    -3.75968  
H    -1.99237   0.97907    -4.12856  
C    -3.33313   1.61300    -6.56629  
H    -3.94314   -0.50849   -6.14469  
H    -2.07810   -0.25211   -6.32889  
C    -4.45992   2.32211    -4.34421  
H    -5.00391   0.26752    -3.88121  
H    -3.90466   0.91385    -2.67347  
C    -4.59606   2.19479    -5.85142  
H    -3.37782   1.54535    -7.60385  
H    -2.50983   2.38505    -6.31858  
H    -5.40106   2.80677    -3.94132  
H    -3.65053   3.04360    -4.17394  
H    -4.86796   3.14491    -6.31801  
H    -5.48783   1.55803    -6.00633  
--
0 1
O    -6.68680   5.09039    -4.20229  
H    -6.69067   5.60900    -5.02576  
H    -5.99396   5.56092    -3.67647  
O    -0.03740   -1.62200   1.16656   
H    0.10520    -0.88803   0.57930   
H    -0.26794   -2.50796   0.77748   
O    1.30594    1.63278    -11.79120 
H    0.36235    1.70600    -11.79511 
H    1.59444    0.74597    -11.70123 
O    -0.67119   4.96216    1.34436   
H    -0.42657   4.07033    1.11205   
H    0.00078    5.54309    1.09104   
O    2.07562    2.45808    -9.34553  
H    1.71662    2.17180    -10.20715 
H    2.76566    1.81449    -9.02847  
O    -6.05588   -4.14946   -9.54731  
H    -5.67966   -3.34063   -9.17480  
H    -5.52270   -4.83284   -9.12840  
O    -2.67481   -1.66772   1.68438   
H    -1.70951   -1.53256   1.71374   
H    -2.80929   -2.61387   1.61257   
O    1.58610    0.00706    -6.29540  
H    1.97294    -0.76341   -6.71159  
H    1.09113    -0.20915   -5.52789  
O    -10.87136  0.74612    -6.23383  
H    -10.60449  1.37093    -6.92742  
H    -9.97849   0.37568    -5.92950  
O    -8.22848   6.45167    1.04908   
H    -7.28269   6.45495    1.16535   
H    -8.55354   6.31026    1.94896   
O    -7.41627   1.43985    0.90212   
H    -6.89364   2.26915    0.91184   
H    -8.07613   1.50132    0.14846   
O    -2.91566   -7.88640   -5.36727  
H    -2.75169   -7.85141   -4.35885  
H    -3.25518   -8.73784   -5.62530  
O    -1.34495   1.59204    -12.08979 
H    -1.38028   0.68575    -12.45566 
H    -1.69455   2.19706    -12.75782 
O    -4.05436   5.17592    -11.61277 
H    -4.41597   6.01827    -11.84102 
H    -3.09166   5.18191    -11.67793 
O    -6.74545   -3.61134   1.30843   
H    -6.35086   -3.95410   2.12281   
H    -7.48284   -3.07086   1.61423   
O    -1.87697   5.50292    -6.55365  
H    -2.04859   6.39382    -6.18085  
H    -2.74689   5.29425    -7.01239  
O    -5.22663   -6.42551   -6.25550  
H    -5.99402   -6.77732   -5.81132  
H    -4.49111   -6.77203   -5.75519  
O    3.83228    0.98508    -3.53030  
H    3.00300    0.54538    -3.12512  
H    3.70460    1.89396    -3.37492  
O    -0.54046   -5.57625   -3.66708  
H    -1.44679   -5.51801   -3.50729  
H    -0.28347   -4.93197   -4.28827  
O    3.18571    -5.32110   -6.08350  
H    2.81537    -6.22177   -6.12464  
H    3.84686    -5.25228   -5.39531  
O    5.42226    -0.93606   -2.75504  
H    5.71783    -0.96740   -3.66615  
H    4.97676    -0.10596   -2.58292  
O    -8.37819   2.72511    -3.95270  
H    -9.16211   3.13578    -3.59868  
H    -7.71645   3.39710    -3.97564  
O    0.85275    2.41290    2.01952   
H    0.07301    2.44710    2.60318   
H    1.52514    2.57508    2.71636   
O    -3.04208   0.32768    3.84677   
H    -3.07974   -0.35864   3.15872   
H    -2.56561   0.11148    4.57835   
O    1.33506    -5.59255   -1.31060  
H    0.73142    -5.67711   -2.01240  
H    1.62481    -6.45557   -1.13241  
O    -3.61944   0.17549    -11.23831 
H    -2.91424   0.80510    -11.28345 
H    -3.21247   -0.59702   -10.93493 
O    3.61599    3.63761    -2.93116  
H    4.24763    4.38560    -2.93008  
H    2.82402    3.99028    -2.62652  
O    5.10618    0.41974    -6.03054  
H    4.32705    0.61185    -5.49568  
H    5.87869    0.70405    -5.47569  
O    4.21319    -1.68904   0.18688   
H    4.91692    -2.30892   0.06697   
H    3.62140    -1.76686   -0.62541  
O    -0.53032   -4.97669   2.67747   
H    -1.31463   -4.52659   2.81704   
H    -0.34617   -4.63729   1.79494   
O    -3.09087   -4.36349   1.84744   
H    -3.51491   -4.82410   2.57557   
H    -2.98437   -5.04327   1.18011   
O    -7.96344   0.13231    -5.14754  
H    -7.50878   -0.15581   -5.93027  
H    -7.77678   1.11809    -4.92784  
O    -10.07040  -1.58939   -2.24013  
H    -10.30791  -1.56992   -1.29441  
H    -9.51191   -2.33143   -2.35218  
O    -5.99263   -6.92651   -2.59549  
H    -6.02755   -7.73135   -2.06383  
H    -6.15467   -6.23900   -1.92856  
O    -8.88918   4.53245    -0.74761  
H    -9.08559   3.94974    -0.04521  
H    -8.51942   5.36456    -0.32046  
O    -6.76787   -2.22222   -4.19272  
H    -7.42167   -2.68135   -3.70163  
H    -7.18172   -1.34863   -4.24790  
O    -10.51826  4.80844    -5.98872  
H    -10.15132  3.91927    -6.15050  
H    -10.59508  4.92697    -5.03401  
O    0.56270    4.87347    -7.66552  
H    1.03306    5.69756    -7.86534  
H    -0.30011   5.03937    -7.29401  
O    0.13590    7.20755    -4.03136  
H    -0.22959   7.11528    -3.18164  
H    0.04235    6.39027    -4.51449  
O    -2.49398   -5.89461   -0.62375  
H    -2.02613   -6.68810   -0.31279  
H    -2.76231   -5.92874   -1.56338  
O    1.71647    2.91587    -5.97481  
H    2.05864    2.03647    -6.30307  
H    1.53563    3.42902    -6.77918  
O    -0.39090   3.30129    -9.96231  
H    -0.25832   3.69708    -9.09963  
H    -0.82882   2.47687    -9.84566  
O    -0.24686   0.11156    -0.91273  
H    -1.00276   0.14557    -1.40826  
H    0.32803    0.90575    -1.07905  
O    -8.30980   -2.17544   -9.01146  
H    -9.09313   -2.70275   -8.94177  
H    -7.61486   -2.74179   -9.32678  
O    -1.94692   -6.55574   -8.64805  
H    -1.52572   -7.34585   -8.23804  
H    -1.86703   -5.90317   -8.01205  
O    0.72587    1.01762    -3.56575  
H    0.69755    1.80759    -4.10687  
H    0.22346    0.23299    -3.90521  
O    -3.07235   2.72385    0.67030   
H    -2.36875   2.50030    1.36169   
H    -3.22283   1.86491    0.18854   
O    -11.14730  2.78129    -4.02688  
H    -10.94558  2.15485    -4.82069  
H    -11.88550  3.34290    -4.33359  
O    -4.81623   8.52439    -6.47109  
H    -4.00116   8.24417    -5.99798  
H    -4.52166   9.04589    -7.21130  
O    -4.37510   5.08698    -8.04836  
H    -4.65111   4.21261    -8.42842  
H    -4.11516   5.73368    -8.73019  
O    -3.86480   6.48500    -2.82954  
H    -4.15373   7.37351    -2.61315  
H    -3.60683   6.07949    -2.03659  
O    -7.22736   -5.07350   -0.96016  
H    -7.09374   -4.47148   -0.19302  
H    -7.43528   -5.88717   -0.54645  
O    -1.03461   -1.28716   -13.15974 
H    -0.08414   -1.35993   -13.00600 
H    -1.45519   -2.10059   -12.93835 
O    5.31419    -2.22672   -6.66345  
H    6.25046    -2.53879   -6.52978  
H    5.28390    -1.26668   -6.53735  
O    -2.36611   7.77353    -5.22014  
H    -2.00606   8.64654    -5.05038  
H    -2.50597   7.38335    -4.36277  
O    -8.48976   -3.78725   -2.95453  
H    -9.00928   -4.29866   -3.55706  
H    -8.08167   -4.36091   -2.26508  
O    -3.19335   7.59978    -9.24506  
H    -3.39580   8.34366    -8.56218  
H    -3.74908   7.87740    -9.93708  
O    -0.62020   4.12656    -4.52247  
H    -1.21420   4.50962    -5.23651  
H    0.13865    3.77431    -5.07763  
O    -10.93475  -2.51332   -5.34627  
H    -11.31291  -3.34113   -5.20077  
H    -10.68191  -2.17732   -4.47491  
O    0.14163    -2.89579   -9.12699  
H    0.75446    -3.31010   -9.73542  
H    0.72283    -2.32554   -8.62082  
O    1.70554    7.21280    -8.70278  
H    1.92232    6.68890    -9.49060  
H    1.97927    8.13749    -8.86279  
O    -6.48981   6.38976    -6.60901  
H    -5.79310   7.07682    -6.54423  
H    -6.02297   5.58848    -6.92149  
O    -3.07169   -8.04842   -2.55218  
H    -3.74844   -8.70474   -2.45189  
H    -2.42028   -8.29386   -1.85328  
O    -7.85190   8.40344    -2.14132  
H    -7.64557   7.52442    -2.43926  
H    -8.62852   8.73135    -2.55487  
O    2.20962    -0.94182   -2.13437  
H    1.48880    -0.58999   -1.55425  
H    1.87415    -1.70176   -2.66535  
O    -3.65373   -3.40235   -5.91864  
H    -2.92307   -3.70716   -6.42930  
H    -3.69392   -3.95510   -5.13637  
O    -6.89944   -0.33362   -7.53915  
H    -7.51928   -0.96041   -7.87141  
H    -6.05571   -0.72070   -7.72740  
O    3.25433    -3.82244   -1.67595  
H    2.51085    -4.42349   -1.87075  
H    3.60597    -3.51992   -2.48505  
O    -6.25849   -0.90194   -0.34922  
H    -6.59678   -0.15310   0.12736   
H    -6.46606   -1.66122   0.20978   
O    -1.33352   -4.48318   -7.17917  
H    -0.53202   -4.20287   -6.65621  
H    -1.33894   -3.92751   -7.97318  
O    -9.91408   2.68783    -7.86519  
H    -8.94435   2.59879    -8.14036  
H    -10.39516  3.44182    -8.30512  
O    -0.45500   -4.14320   0.06328   
H    -1.21800   -4.64315   -0.29770  
H    0.33736    -4.46126   -0.39152  
O    1.19105    4.43852    -2.32999  
H    1.27525    5.35441    -2.01285  
H    0.38534    4.36925    -2.82760  
O    -6.50333   -3.71975   -6.58557  
H    -6.23833   -3.18838   -5.83507  
H    -5.90697   -4.43525   -6.62517  
O    -1.60052   2.50690    3.08762   
H    -1.84576   3.45386    3.23746   
H    -2.29029   1.85879    3.36612   
O    -5.38325   8.67822    -1.23736  
H    -6.18976   8.81553    -1.68985  
H    -4.86726   9.46444    -1.50521  
O    -9.13552   6.94241    -7.34580  
H    -9.59075   6.28192    -6.82331  
H    -8.19969   6.85802    -7.06923  
O    -4.61986   -2.19486   -8.40277  
H    -4.49414   -2.73666   -7.65137  
H    -3.72480   -1.75381   -8.67878  
O    4.06659    0.39213    -8.60348  
H    4.71354    0.14598    -9.36040  
H    4.57823    0.37734    -7.87059  
O    0.79043    -3.78501   -5.63423  
H    1.70953    -4.06314   -5.64147  
H    0.61528    -2.94643   -5.23314  
O    1.83539    -8.29710   -1.08605  
H    2.01144    -8.90665   -0.37252  
H    2.31065    -8.61421   -1.86922  
O    -0.97468   7.21347    -1.23746  
H    -0.10094   7.09465    -0.77154  
H    -1.56876   6.58590    -0.86350  
O    -5.37268   3.06250    -10.44371 
H    -4.99288   3.73808    -10.98971 
H    -4.86795   2.28466    -10.75732 
O    -5.42781   6.77345    0.74157   
H    -4.79341   7.02182    1.41442   
H    -5.46550   7.54067    0.13248   
O    -4.66767   -2.50676   -2.43329  
H    -4.68000   -1.87216   -1.69879  
H    -5.49833   -2.37487   -2.92643  
O    -2.92940   5.38855    -0.56271  
H    -3.41545   5.51218    0.27218   
H    -2.76032   4.48565    -0.69151  
O    1.73017    2.15893    -0.61159  
H    1.53516    2.37201    0.32468   
H    1.68314    3.06222    -1.10310  
O    -7.20454   2.31659    -8.51706  
H    -6.41802   2.45564    -8.98662  
H    -7.01106   1.42776    -8.11393  
O    -1.29548   5.37968    -11.69336 
H    -0.97350   4.56890    -11.14202 
H    -0.60714   5.89457    -12.10682 
O    -9.40989   5.38200    -3.20125  
H    -8.46018   5.21515    -3.42780  
H    -9.48577   5.20736    -2.28844  
O    1.65116    -7.67110   -5.37072  
H    2.28526    -8.04389   -5.89990  
H    1.83124    -7.91760   -4.46742  
O    -5.19679   -0.54255   -13.42298 
H    -5.51944   0.31175    -13.78231 
H    -4.56331   -0.42122   -12.69072 
O    3.70087    -2.60103   -4.26015  
H    3.90195    -1.75103   -3.87499  
H    4.12598    -2.65864   -5.10083  
O    -5.50150   3.88195    0.97675   
H    -5.50855   4.77617    0.59117   
H    -4.66895   3.45747    0.79249   
O    -3.50624   -5.11597   -3.48424  
H    -3.88726   -4.56346   -2.78191  
H    -4.02721   -5.90009   -3.52079  
O    -0.18714   0.68068    -8.33065  
H    0.45635    1.19842    -8.89385  
H    0.43823    0.42269    -7.56875  
O    -1.63976   3.53924    -13.98854 
H    -1.78903   4.44124    -13.73546 
H    -0.65867   3.44901    -14.20326 
O    -9.02623   -4.11074   -6.48267  
H    -9.14110   -3.38133   -5.86829  
H    -8.05467   -4.15610   -6.64509  
O    -2.00815   -1.24345   -9.28810  
H    -1.54619   -2.05644   -9.13998  
H    -1.48348   -0.52617   -8.97351  
O    -8.97621   1.09122    -1.49695  
H    -9.29183   0.20868    -1.78962  
H    -8.52229   1.37621    -2.33510  
O    -11.66957  1.85980    -0.96441  
H    -11.88616  1.66238    -0.06070  
H    -10.76614  1.57428    -1.12717  
O    -8.23373   -0.10828   -11.06388 
H    -8.31120   -0.97273   -11.38613 
H    -8.65231   -0.12246   -10.18103 
O    -0.63059   -8.42218   -6.62834  
H    -1.33985   -8.13813   -6.07247  
H    0.15698    -7.94745   -6.32114  
O    -3.30761   0.15698    -0.11630  
H    -4.18060   -0.02796   -0.39932  
H    -3.21399   -0.48994   0.57145   
O    -7.92386   2.45163    -11.93509 
H    -7.41589   2.49800    -11.10803 
H    -7.89486   1.51971    -12.15647 
O    -1.05130   -8.29180   -0.42720  
H    -0.96191   -9.09698   0.09017   
H    -0.16664   -8.09988   -0.76801  
O    2.58996    -1.85380   -7.94662  
H    3.30404    -2.46473   -7.70284  
H    3.10006    -1.07062   -8.24760  
$end

$rem
JOBTYPE  SP
METHOD  B3LYP
BASIS  6-31+G(D)
SYMMETRY  FALSE
SYM_IGNORE  TRUE
MEM_TOTAL  16000
MEM_STATIC  8000
MAX_SUB_FILE_NUM  16000
BASIS_LIN_DEP_THRESH  6
THRESH  14
SCF_CONVERGENCE  8
GEN_SCFMAN  TRUE
SCF_GUESS  SAD
FD_MAT_VEC_PROD  FALSE
XC_GRID  000075000302
NL_GRID  1
MAX_SCF_CYCLES  200
ENV_METHOD  B3LYP
GEN_SCFMAN_EMBED  TRUE
SPADE_PARTITION  TRUE
ESP_GRID  0
ESP_EFIELD  1
EMBEDDING_EARLY_STOP  TRUE
$end

@@@

$molecule
0 1
@C    -1.43818   -1.82818   -4.01476  
@H    -1.41233   -2.87396   -3.63610  
@O    -0.43271   -1.39300   -4.58350  
@N    -2.54675   -1.05524   -3.82050  
@H    -3.33883   -1.51675   -3.34197  
@C    -2.86381   0.26397    -4.38276  
@C    -3.04750   0.20902    -5.96107  
@C    -4.14270   0.95552    -3.75968  
@H    -1.99237   0.97907    -4.12856  
@C    -3.33313   1.61300    -6.56629  
@H    -3.94314   -0.50849   -6.14469  
@H    -2.07810   -0.25211   -6.32889  
@C    -4.45992   2.32211    -4.34421  
@H    -5.00391   0.26752    -3.88121  
@H    -3.90466   0.91385    -2.67347  
@C    -4.59606   2.19479    -5.85142  
@H    -3.37782   1.54535    -7.60385  
@H    -2.50983   2.38505    -6.31858  
@H    -5.40106   2.80677    -3.94132  
@H    -3.65053   3.04360    -4.17394  
@H    -4.86796   3.14491    -6.31801  
@H    -5.48783   1.55803    -6.00633  
O    -6.68680   5.09039    -4.20229  
H    -6.69067   5.60900    -5.02576  
H    -5.99396   5.56092    -3.67647  
O    -0.03740   -1.62200   1.16656   
H    0.10520    -0.88803   0.57930   
H    -0.26794   -2.50796   0.77748   
O    1.30594    1.63278    -11.79120 
H    0.36235    1.70600    -11.79511 
H    1.59444    0.74597    -11.70123 
O    -0.67119   4.96216    1.34436   
H    -0.42657   4.07033    1.11205   
H    0.00078    5.54309    1.09104   
O    2.07562    2.45808    -9.34553  
H    1.71662    2.17180    -10.20715 
H    2.76566    1.81449    -9.02847  
O    -6.05588   -4.14946   -9.54731  
H    -5.67966   -3.34063   -9.17480  
H    -5.52270   -4.83284   -9.12840  
O    -2.67481   -1.66772   1.68438   
H    -1.70951   -1.53256   1.71374   
H    -2.80929   -2.61387   1.61257   
O    1.58610    0.00706    -6.29540  
H    1.97294    -0.76341   -6.71159  
H    1.09113    -0.20915   -5.52789  
O    -10.87136  0.74612    -6.23383  
H    -10.60449  1.37093    -6.92742  
H    -9.97849   0.37568    -5.92950  
O    -8.22848   6.45167    1.04908   
H    -7.28269   6.45495    1.16535   
H    -8.55354   6.31026    1.94896   
O    -7.41627   1.43985    0.90212   
H    -6.89364   2.26915    0.91184   
H    -8.07613   1.50132    0.14846   
O    -2.91566   -7.88640   -5.36727  
H    -2.75169   -7.85141   -4.35885  
H    -3.25518   -8.73784   -5.62530  
O    -1.34495   1.59204    -12.08979 
H    -1.38028   0.68575    -12.45566 
H    -1.69455   2.19706    -12.75782 
O    -4.05436   5.17592    -11.61277 
H    -4.41597   6.01827    -11.84102 
H    -3.09166   5.18191    -11.67793 
O    -6.74545   -3.61134   1.30843   
H    -6.35086   -3.95410   2.12281   
H    -7.48284   -3.07086   1.61423   
O    -1.87697   5.50292    -6.55365  
H    -2.04859   6.39382    -6.18085  
H    -2.74689   5.29425    -7.01239  
O    -5.22663   -6.42551   -6.25550  
H    -5.99402   -6.77732   -5.81132  
H    -4.49111   -6.77203   -5.75519  
O    3.83228    0.98508    -3.53030  
H    3.00300    0.54538    -3.12512  
H    3.70460    1.89396    -3.37492  
O    -0.54046   -5.57625   -3.66708  
H    -1.44679   -5.51801   -3.50729  
H    -0.28347   -4.93197   -4.28827  
O    3.18571    -5.32110   -6.08350  
H    2.81537    -6.22177   -6.12464  
H    3.84686    -5.25228   -5.39531  
O    5.42226    -0.93606   -2.75504  
H    5.71783    -0.96740   -3.66615  
H    4.97676    -0.10596   -2.58292  
O    -8.37819   2.72511    -3.95270  
H    -9.16211   3.13578    -3.59868  
H    -7.71645   3.39710    -3.97564  
O    0.85275    2.41290    2.01952   
H    0.07301    2.44710    2.60318   
H    1.52514    2.57508    2.71636   
O    -3.04208   0.32768    3.84677   
H    -3.07974   -0.35864   3.15872   
H    -2.56561   0.11148    4.57835   
O    1.33506    -5.59255   -1.31060  
H    0.73142    -5.67711   -2.01240  
H    1.62481    -6.45557   -1.13241  
O    -3.61944   0.17549    -11.23831 
H    -2.91424   0.80510    -11.28345 
H    -3.21247   -0.59702   -10.93493 
O    3.61599    3.63761    -2.93116  
H    4.24763    4.38560    -2.93008  
H    2.82402    3.99028    -2.62652  
O    5.10618    0.41974    -6.03054  
H    4.32705    0.61185    -5.49568  
H    5.87869    0.70405    -5.47569  
O    4.21319    -1.68904   0.18688   
H    4.91692    -2.30892   0.06697   
H    3.62140    -1.76686   -0.62541  
O    -0.53032   -4.97669   2.67747   
H    -1.31463   -4.52659   2.81704   
H    -0.34617   -4.63729   1.79494   
O    -3.09087   -4.36349   1.84744   
H    -3.51491   -4.82410   2.57557   
H    -2.98437   -5.04327   1.18011   
O    -7.96344   0.13231    -5.14754  
H    -7.50878   -0.15581   -5.93027  
H    -7.77678   1.11809    -4.92784  
O    -10.07040  -1.58939   -2.24013  
H    -10.30791  -1.56992   -1.29441  
H    -9.51191   -2.33143   -2.35218  
O    -5.99263   -6.92651   -2.59549  
H    -6.02755   -7.73135   -2.06383  
H    -6.15467   -6.23900   -1.92856  
O    -8.88918   4.53245    -0.74761  
H    -9.08559   3.94974    -0.04521  
H    -8.51942   5.36456    -0.32046  
O    -6.76787   -2.22222   -4.19272  
H    -7.42167   -2.68135   -3.70163  
H    -7.18172   -1.34863   -4.24790  
O    -10.51826  4.80844    -5.98872  
H    -10.15132  3.91927    -6.15050  
H    -10.59508  4.92697    -5.03401  
O    0.56270    4.87347    -7.66552  
H    1.03306    5.69756    -7.86534  
H    -0.30011   5.03937    -7.29401  
O    0.13590    7.20755    -4.03136  
H    -0.22959   7.11528    -3.18164  
H    0.04235    6.39027    -4.51449  
O    -2.49398   -5.89461   -0.62375  
H    -2.02613   -6.68810   -0.31279  
H    -2.76231   -5.92874   -1.56338  
O    1.71647    2.91587    -5.97481  
H    2.05864    2.03647    -6.30307  
H    1.53563    3.42902    -6.77918  
O    -0.39090   3.30129    -9.96231  
H    -0.25832   3.69708    -9.09963  
H    -0.82882   2.47687    -9.84566  
O    -0.24686   0.11156    -0.91273  
H    -1.00276   0.14557    -1.40826  
H    0.32803    0.90575    -1.07905  
O    -8.30980   -2.17544   -9.01146  
H    -9.09313   -2.70275   -8.94177  
H    -7.61486   -2.74179   -9.32678  
O    -1.94692   -6.55574   -8.64805  
H    -1.52572   -7.34585   -8.23804  
H    -1.86703   -5.90317   -8.01205  
O    0.72587    1.01762    -3.56575  
H    0.69755    1.80759    -4.10687  
H    0.22346    0.23299    -3.90521  
O    -3.07235   2.72385    0.67030   
H    -2.36875   2.50030    1.36169   
H    -3.22283   1.86491    0.18854   
O    -11.14730  2.78129    -4.02688  
H    -10.94558  2.15485    -4.82069  
H    -11.88550  3.34290    -4.33359  
O    -4.81623   8.52439    -6.47109  
H    -4.00116   8.24417    -5.99798  
H    -4.52166   9.04589    -7.21130  
O    -4.37510   5.08698    -8.04836  
H    -4.65111   4.21261    -8.42842  
H    -4.11516   5.73368    -8.73019  
O    -3.86480   6.48500    -2.82954  
H    -4.15373   7.37351    -2.61315  
H    -3.60683   6.07949    -2.03659  
O    -7.22736   -5.07350   -0.96016  
H    -7.09374   -4.47148   -0.19302  
H    -7.43528   -5.88717   -0.54645  
O    -1.03461   -1.28716   -13.15974 
H    -0.08414   -1.35993   -13.00600 
H    -1.45519   -2.10059   -12.93835 
O    5.31419    -2.22672   -6.66345  
H    6.25046    -2.53879   -6.52978  
H    5.28390    -1.26668   -6.53735  
O    -2.36611   7.77353    -5.22014  
H    -2.00606   8.64654    -5.05038  
H    -2.50597   7.38335    -4.36277  
O    -8.48976   -3.78725   -2.95453  
H    -9.00928   -4.29866   -3.55706  
H    -8.08167   -4.36091   -2.26508  
O    -3.19335   7.59978    -9.24506  
H    -3.39580   8.34366    -8.56218  
H    -3.74908   7.87740    -9.93708  
O    -0.62020   4.12656    -4.52247  
H    -1.21420   4.50962    -5.23651  
H    0.13865    3.77431    -5.07763  
O    -10.93475  -2.51332   -5.34627  
H    -11.31291  -3.34113   -5.20077  
H    -10.68191  -2.17732   -4.47491  
O    0.14163    -2.89579   -9.12699  
H    0.75446    -3.31010   -9.73542  
H    0.72283    -2.32554   -8.62082  
O    1.70554    7.21280    -8.70278  
H    1.92232    6.68890    -9.49060  
H    1.97927    8.13749    -8.86279  
O    -6.48981   6.38976    -6.60901  
H    -5.79310   7.07682    -6.54423  
H    -6.02297   5.58848    -6.92149  
O    -3.07169   -8.04842   -2.55218  
H    -3.74844   -8.70474   -2.45189  
H    -2.42028   -8.29386   -1.85328  
O    -7.85190   8.40344    -2.14132  
H    -7.64557   7.52442    -2.43926  
H    -8.62852   8.73135    -2.55487  
O    2.20962    -0.94182   -2.13437  
H    1.48880    -0.58999   -1.55425  
H    1.87415    -1.70176   -2.66535  
O    -3.65373   -3.40235   -5.91864  
H    -2.92307   -3.70716   -6.42930  
H    -3.69392   -3.95510   -5.13637  
O    -6.89944   -0.33362   -7.53915  
H    -7.51928   -0.96041   -7.87141  
H    -6.05571   -0.72070   -7.72740  
O    3.25433    -3.82244   -1.67595  
H    2.51085    -4.42349   -1.87075  
H    3.60597    -3.51992   -2.48505  
O    -6.25849   -0.90194   -0.34922  
H    -6.59678   -0.15310   0.12736   
H    -6.46606   -1.66122   0.20978   
O    -1.33352   -4.48318   -7.17917  
H    -0.53202   -4.20287   -6.65621  
H    -1.33894   -3.92751   -7.97318  
O    -9.91408   2.68783    -7.86519  
H    -8.94435   2.59879    -8.14036  
H    -10.39516  3.44182    -8.30512  
O    -0.45500   -4.14320   0.06328   
H    -1.21800   -4.64315   -0.29770  
H    0.33736    -4.46126   -0.39152  
O    1.19105    4.43852    -2.32999  
H    1.27525    5.35441    -2.01285  
H    0.38534    4.36925    -2.82760  
O    -6.50333   -3.71975   -6.58557  
H    -6.23833   -3.18838   -5.83507  
H    -5.90697   -4.43525   -6.62517  
O    -1.60052   2.50690    3.08762   
H    -1.84576   3.45386    3.23746   
H    -2.29029   1.85879    3.36612   
O    -5.38325   8.67822    -1.23736  
H    -6.18976   8.81553    -1.68985  
H    -4.86726   9.46444    -1.50521  
O    -9.13552   6.94241    -7.34580  
H    -9.59075   6.28192    -6.82331  
H    -8.19969   6.85802    -7.06923  
O    -4.61986   -2.19486   -8.40277  
H    -4.49414   -2.73666   -7.65137  
H    -3.72480   -1.75381   -8.67878  
O    4.06659    0.39213    -8.60348  
H    4.71354    0.14598    -9.36040  
H    4.57823    0.37734    -7.87059  
O    0.79043    -3.78501   -5.63423  
H    1.70953    -4.06314   -5.64147  
H    0.61528    -2.94643   -5.23314  
O    1.83539    -8.29710   -1.08605  
H    2.01144    -8.90665   -0.37252  
H    2.31065    -8.61421   -1.86922  
O    -0.97468   7.21347    -1.23746  
H    -0.10094   7.09465    -0.77154  
H    -1.56876   6.58590    -0.86350  
O    -5.37268   3.06250    -10.44371 
H    -4.99288   3.73808    -10.98971 
H    -4.86795   2.28466    -10.75732 
O    -5.42781   6.77345    0.74157   
H    -4.79341   7.02182    1.41442   
H    -5.46550   7.54067    0.13248   
O    -4.66767   -2.50676   -2.43329  
H    -4.68000   -1.87216   -1.69879  
H    -5.49833   -2.37487   -2.92643  
O    -2.92940   5.38855    -0.56271  
H    -3.41545   5.51218    0.27218   
H    -2.76032   4.48565    -0.69151  
O    1.73017    2.15893    -0.61159  
H    1.53516    2.37201    0.32468   
H    1.68314    3.06222    -1.10310  
O    -7.20454   2.31659    -8.51706  
H    -6.41802   2.45564    -8.98662  
H    -7.01106   1.42776    -8.11393  
O    -1.29548   5.37968    -11.69336 
H    -0.97350   4.56890    -11.14202 
H    -0.60714   5.89457    -12.10682 
O    -9.40989   5.38200    -3.20125  
H    -8.46018   5.21515    -3.42780  
H    -9.48577   5.20736    -2.28844  
O    1.65116    -7.67110   -5.37072  
H    2.28526    -8.04389   -5.89990  
H    1.83124    -7.91760   -4.46742  
O    -5.19679   -0.54255   -13.42298 
H    -5.51944   0.31175    -13.78231 
H    -4.56331   -0.42122   -12.69072 
O    3.70087    -2.60103   -4.26015  
H    3.90195    -1.75103   -3.87499  
H    4.12598    -2.65864   -5.10083  
O    -5.50150   3.88195    0.97675   
H    -5.50855   4.77617    0.59117   
H    -4.66895   3.45747    0.79249   
O    -3.50624   -5.11597   -3.48424  
H    -3.88726   -4.56346   -2.78191  
H    -4.02721   -5.90009   -3.52079  
O    -0.18714   0.68068    -8.33065  
H    0.45635    1.19842    -8.89385  
H    0.43823    0.42269    -7.56875  
O    -1.63976   3.53924    -13.98854 
H    -1.78903   4.44124    -13.73546 
H    -0.65867   3.44901    -14.20326 
O    -9.02623   -4.11074   -6.48267  
H    -9.14110   -3.38133   -5.86829  
H    -8.05467   -4.15610   -6.64509  
O    -2.00815   -1.24345   -9.28810  
H    -1.54619   -2.05644   -9.13998  
H    -1.48348   -0.52617   -8.97351  
O    -8.97621   1.09122    -1.49695  
H    -9.29183   0.20868    -1.78962  
H    -8.52229   1.37621    -2.33510  
O    -11.66957  1.85980    -0.96441  
H    -11.88616  1.66238    -0.06070  
H    -10.76614  1.57428    -1.12717  
O    -8.23373   -0.10828   -11.06388 
H    -8.31120   -0.97273   -11.38613 
H    -8.65231   -0.12246   -10.18103 
O    -0.63059   -8.42218   -6.62834  
H    -1.33985   -8.13813   -6.07247  
H    0.15698    -7.94745   -6.32114  
O    -3.30761   0.15698    -0.11630  
H    -4.18060   -0.02796   -0.39932  
H    -3.21399   -0.48994   0.57145   
O    -7.92386   2.45163    -11.93509 
H    -7.41589   2.49800    -11.10803 
H    -7.89486   1.51971    -12.15647 
O    -1.05130   -8.29180   -0.42720  
H    -0.96191   -9.09698   0.09017   
H    -0.16664   -8.09988   -0.76801  
O    2.58996    -1.85380   -7.94662  
H    3.30404    -2.46473   -7.70284  
H    3.10006    -1.07062   -8.24760  
$end

$rem
JOBTYPE  SP
METHOD  B3LYP
BASIS  6-31+G(D)
SYMMETRY  FALSE
SYM_IGNORE  TRUE
MEM_TOTAL  16000
MEM_STATIC  8000
MAX_SUB_FILE_NUM  16000
BASIS_LIN_DEP_THRESH  6
THRESH  14
SCF_CONVERGENCE  8
GEN_SCFMAN  FALSE
SCF_GUESS  READ
FD_MAT_VEC_PROD  FALSE
XC_GRID  000075000302
NL_GRID  1
MAX_SCF_CYCLES  200
SKIP_SCFMAN  TRUE
ESP_GRID  0
ESP_EFIELD  1
$end
